50 613 
1 8 4
1 46 -5
1 9 7
1 14 -5
1 26 -4
1 33 -5
1 44 -8
1 45 -2
1 34 -2
1 23 3
1 41 7
1 37 5
1 43 -10
1 30 -5
1 22 -7
1 21 1
1 20 -9
1 17 3
1 40 -7
1 29 10
1 6 2
1 27 4
1 31 -3
1 39 -1
2 43 6
2 13 -3
2 6 -7
2 17 7
2 11 -2
2 39 2
2 21 8
2 4 10
2 41 6
2 14 -2
2 25 -8
2 37 4
2 35 -4
2 27 0
2 23 -8
2 9 4
2 16 8
2 18 1
2 33 6
2 30 8
2 28 4
3 24 -1
3 12 10
3 18 2
3 7 -9
3 14 10
3 42 9
3 41 2
3 45 1
3 48 7
3 37 -2
3 5 -1
3 36 7
3 34 3
3 32 1
3 6 6
3 21 -7
3 8 -1
3 47 -8
3 29 8
3 9 -9
3 25 10
3 20 -3
3 22 10
3 4 6
3 30 -1
3 15 -5
3 10 5
3 49 7
3 11 -6
3 27 -8
3 39 -7
4 41 0
4 43 7
4 10 9
4 11 -3
4 9 1
4 45 -6
4 48 7
4 14 1
4 15 -8
4 5 4
4 40 -4
4 26 1
4 29 4
4 44 8
4 35 0
4 16 -9
4 42 0
4 30 7
4 7 -2
4 47 -3
4 38 7
4 23 -9
4 33 10
4 17 1
5 43 -4
5 48 1
5 25 1
5 38 -1
5 45 7
5 16 10
5 20 -8
5 31 10
5 10 0
5 24 -4
5 29 5
5 33 -10
5 50 0
5 19 4
5 49 7
5 22 5
5 7 -7
5 12 -5
5 30 -7
5 9 -10
5 15 1
5 6 3
5 21 10
6 29 5
6 34 5
6 11 5
6 28 -3
6 46 10
6 31 0
6 32 -8
6 7 -2
6 8 3
6 22 -1
6 19 -8
6 18 5
6 50 7
6 41 -5
6 26 8
6 30 -9
6 20 -1
6 27 -2
6 40 8
6 23 7
6 39 -9
6 35 -1
6 47 5
6 36 -10
7 40 -9
7 30 5
7 36 1
7 46 -2
7 10 10
7 42 7
7 23 -8
7 50 6
7 43 8
7 49 -2
7 11 7
7 29 3
7 22 5
7 33 10
7 27 10
7 20 2
7 28 6
7 16 6
7 39 4
8 25 1
8 34 -8
8 23 2
8 9 5
8 27 1
8 47 -9
8 41 -8
8 49 -5
8 40 -1
8 37 6
8 28 5
8 21 6
8 33 5
8 17 -5
8 50 -3
8 39 10
8 26 3
8 42 -4
8 45 10
8 15 -3
8 11 0
9 35 6
9 29 3
9 28 -9
9 33 2
9 39 -2
9 48 -6
9 17 -8
9 12 -6
9 19 -8
9 50 -5
9 21 9
9 26 2
9 20 6
9 34 -10
9 22 -4
9 32 -10
9 30 2
9 25 -2
9 10 0
9 23 -1
9 41 -6
9 36 -7
9 44 -9
10 43 -7
10 22 4
10 37 2
10 34 4
10 20 -3
10 26 10
10 38 4
10 19 10
10 12 -3
10 40 4
10 45 8
10 39 -8
10 29 5
10 11 3
10 30 -8
10 41 9
10 48 5
10 42 3
10 49 8
11 16 10
11 18 0
11 21 1
11 26 -10
11 39 6
11 31 6
11 41 -6
11 37 -10
11 46 10
11 29 9
11 34 2
11 40 -8
11 47 2
11 38 -1
11 49 -8
12 27 9
12 24 -1
12 28 0
12 15 10
12 32 5
12 49 5
12 21 -1
12 20 2
12 36 0
12 50 2
12 38 -4
12 23 -4
12 30 6
12 37 -9
12 47 0
12 19 -5
12 39 -9
12 43 6
12 13 0
12 48 0
13 27 -3
13 26 -10
13 40 -1
13 19 3
13 38 -7
13 22 -7
13 35 -10
13 46 -3
13 28 0
13 24 2
13 33 -4
13 29 -7
13 17 9
13 31 4
13 45 -10
13 15 -2
13 43 -3
13 32 -9
13 36 7
13 34 0
13 25 -8
13 37 7
13 42 -3
13 47 -9
13 18 -1
14 19 7
14 43 7
14 31 -10
14 46 4
14 15 8
14 20 -8
14 38 1
14 22 -5
14 29 -4
14 44 0
14 24 5
14 27 -6
14 45 -9
14 25 3
14 32 7
14 39 4
14 47 6
14 50 7
14 16 0
15 37 10
15 47 6
15 48 -4
15 46 10
15 34 -3
15 33 10
15 21 0
15 45 -8
15 32 -4
15 23 -9
15 43 2
15 25 4
15 42 -3
15 17 -5
15 20 3
15 41 -4
15 35 -5
15 38 -1
15 44 -3
16 47 -10
16 36 -7
16 28 -1
16 39 -7
16 49 -8
16 46 10
16 37 -4
16 43 -3
16 27 3
16 17 2
16 42 -5
16 44 9
16 21 7
16 50 -7
16 45 -1
16 35 1
16 34 -7
17 22 4
17 23 7
17 29 -10
17 39 -4
17 47 -5
17 28 4
17 21 -2
17 49 7
17 33 8
17 27 8
17 25 -8
17 43 7
17 24 5
17 35 7
17 41 -9
17 19 7
17 32 2
17 34 4
18 19 2
18 21 -4
18 29 6
18 37 9
18 35 3
18 40 -2
18 22 -7
18 49 -10
18 50 -10
18 24 0
18 45 5
18 20 1
18 32 -5
18 42 1
18 31 1
18 36 5
18 34 3
18 39 0
19 35 -1
19 39 9
19 23 6
19 22 8
19 33 -2
19 26 2
19 25 1
19 46 -10
19 42 -10
19 28 -3
19 31 -10
19 47 1
19 45 7
19 37 -3
19 40 0
19 50 4
19 49 8
19 36 -1
19 43 -5
19 27 6
20 28 3
20 37 7
20 33 10
20 34 8
20 38 2
20 27 -4
20 41 10
20 30 -7
20 39 -7
20 24 4
20 50 2
20 35 -9
20 43 -4
20 32 -8
20 22 5
21 50 -7
21 39 1
21 36 2
21 28 -1
21 48 0
21 24 4
21 44 -8
21 42 9
21 43 -10
21 27 -6
21 26 -6
21 30 -3
22 31 -2
22 43 -8
22 40 -8
22 47 8
22 41 5
22 34 5
22 27 -1
22 37 -5
22 42 6
22 39 3
22 46 -9
22 49 -8
22 35 -5
22 25 -4
23 32 -3
23 42 -5
23 43 -7
23 40 -3
23 49 -3
23 37 6
23 24 6
23 35 -2
23 47 -9
24 25 -6
24 32 -1
24 49 -3
24 38 8
24 27 2
24 33 6
24 31 -8
24 46 -4
24 41 -3
24 34 -10
24 43 -1
24 29 8
24 36 -9
24 28 -7
24 44 -4
25 27 -6
25 36 8
25 44 10
25 41 -10
25 37 4
25 50 6
25 40 -9
25 43 -9
25 46 -1
25 33 0
25 32 -1
25 45 -6
26 31 0
26 43 -4
26 29 8
26 45 7
26 38 4
26 37 3
26 30 4
26 32 10
26 33 -6
26 34 -6
27 48 -10
27 41 0
27 47 0
27 44 -6
27 43 -1
27 30 -8
27 50 -9
27 42 -10
27 35 -4
27 32 -4
27 33 4
28 31 -6
28 32 4
28 49 4
28 47 -5
28 38 -8
28 35 4
28 36 8
28 48 8
28 29 -3
28 45 0
28 46 -7
28 41 -9
29 45 -4
29 39 -3
29 50 9
29 35 -5
29 38 2
29 43 -3
30 32 -7
30 31 5
30 37 -5
30 46 -8
30 39 -7
30 49 2
30 47 10
30 44 6
31 35 4
31 47 3
31 36 6
31 40 7
32 46 -4
32 49 -1
32 42 -6
32 41 10
32 50 7
32 38 1
32 33 2
32 34 6
32 48 0
32 40 -6
32 37 -1
32 35 -8
33 42 5
33 43 -1
33 35 -10
33 39 -6
33 45 -7
33 47 -4
33 36 -10
33 44 -3
33 41 -8
33 49 -1
33 48 2
34 43 -9
34 46 7
34 42 -10
34 47 -8
34 40 -2
34 50 5
35 42 3
35 39 -7
35 37 -5
35 48 5
35 44 7
36 44 -6
36 37 2
36 49 5
36 43 -4
36 41 -1
36 38 -6
37 45 0
37 47 3
37 39 -2
37 43 2
37 48 2
37 44 4
38 41 5
38 45 -5
38 46 8
38 44 -4
39 40 2
39 44 -4
39 47 3
39 42 2
39 48 1
39 45 5
39 49 -5
40 42 1
40 44 -4
40 41 2
40 45 -1
41 47 -10
41 48 -10
41 50 5
42 43 8
42 47 -9
42 49 -9
42 48 4
42 50 -7
43 49 4
43 48 -2
43 44 9
44 45 5
44 49 6
45 46 -6
45 49 -2
45 50 -10
46 48 -9
46 50 -3
46 49 -7
47 48 -6
47 49 -5
47 50 -10
48 49 1
49 50 3
