50 613 
1 34 2
1 20 -6
1 38 -8
1 25 -9
1 43 5
1 2 -4
1 3 8
1 5 5
1 37 9
1 32 -1
1 42 -6
1 13 -1
1 16 2
1 6 7
1 36 3
1 50 0
1 33 -5
1 30 -7
1 23 9
1 39 6
1 8 -7
1 31 -6
1 45 2
1 15 -4
2 4 2
2 19 8
2 30 7
2 41 3
2 6 9
2 31 4
2 20 10
2 26 -4
2 21 -1
2 42 -9
2 44 -8
2 22 -4
2 13 -8
2 14 7
2 40 -5
2 18 6
2 12 -1
2 24 0
2 43 9
2 45 -6
2 46 -5
2 37 -2
2 32 -1
2 25 -7
2 7 2
2 17 -7
3 49 -9
3 45 1
3 19 2
3 44 1
3 38 -8
3 10 3
3 8 4
3 46 2
3 28 7
3 24 -6
3 48 4
3 30 -2
3 13 -8
3 25 6
3 43 -2
3 41 -7
3 47 8
3 37 6
3 14 10
3 33 -8
3 5 3
3 20 -5
3 4 8
3 35 -1
4 27 -7
4 32 7
4 39 -1
4 28 3
4 10 -2
4 34 -9
4 29 3
4 12 1
4 42 -3
4 21 1
4 14 5
4 7 2
4 46 5
4 24 -5
4 45 -9
4 37 -9
4 19 4
4 35 7
4 22 10
4 11 1
4 50 10
5 35 -8
5 29 -4
5 20 0
5 30 5
5 36 -1
5 26 8
5 47 -9
5 49 9
5 14 1
5 10 -3
5 37 -4
5 19 -2
5 17 0
5 6 -9
5 7 -2
5 8 -5
5 23 10
5 25 -6
5 42 -7
6 36 5
6 50 0
6 35 9
6 19 9
6 43 -8
6 7 9
6 15 9
6 27 -4
6 40 5
6 31 -2
6 22 4
6 30 -1
6 13 1
6 39 7
6 37 7
6 8 -6
6 28 -3
6 23 4
6 24 -6
7 21 5
7 14 -2
7 46 5
7 49 -2
7 28 4
7 35 0
7 20 -4
7 13 0
7 47 -6
7 9 4
7 37 2
7 41 -3
7 30 2
7 44 -7
7 10 2
7 27 1
7 23 -6
7 29 5
7 11 -7
7 43 5
7 19 10
7 36 2
7 24 6
7 31 -1
8 31 6
8 44 6
8 16 9
8 46 -7
8 14 4
8 47 -7
8 20 -1
8 18 9
8 9 7
8 33 -1
8 17 8
8 32 9
8 50 5
8 15 -3
8 49 9
8 25 10
8 43 -2
8 37 1
8 48 5
8 41 1
8 36 10
8 13 5
9 27 10
9 10 -3
9 16 5
9 12 2
9 32 0
9 37 10
9 25 -7
9 21 2
9 17 -6
9 24 2
9 23 -1
9 40 3
9 48 -1
9 49 -3
9 44 -8
9 15 -7
9 19 -8
10 13 10
10 26 5
10 28 -2
10 32 -6
10 37 8
10 25 6
10 18 4
10 21 5
10 48 -6
10 39 9
10 50 -3
10 14 -1
10 34 -3
10 36 -6
10 20 -6
10 17 -8
10 23 -5
10 27 10
10 19 -6
10 47 -9
10 15 -1
11 46 0
11 18 -5
11 34 10
11 40 8
11 23 1
11 38 1
11 31 10
11 12 1
11 24 -3
11 15 5
11 33 7
11 44 -8
11 48 -10
11 25 -1
11 36 0
11 43 1
11 41 8
11 47 -4
11 28 3
12 34 -1
12 17 10
12 37 2
12 19 2
12 39 4
12 47 -1
12 14 1
12 36 -9
12 20 10
12 27 9
12 40 -3
12 18 -9
12 25 -6
12 41 -8
12 43 -4
12 21 -5
12 45 -2
13 18 3
13 30 -2
13 47 -7
13 14 -1
13 49 8
13 36 6
13 27 7
13 15 -2
13 22 3
13 16 9
13 20 0
13 26 0
13 41 -5
13 40 6
13 17 1
13 37 0
14 23 5
14 30 -8
14 26 -4
14 20 9
14 25 -9
14 48 -8
14 37 1
14 50 6
14 42 5
14 18 3
14 17 7
14 39 6
14 15 -2
14 34 -1
14 24 -7
14 41 7
14 38 -10
14 19 8
15 43 -3
15 20 3
15 16 -3
15 32 9
15 44 10
15 42 6
15 28 -7
15 22 3
15 45 -9
15 35 0
15 37 -2
15 34 10
15 29 -1
15 38 6
15 25 7
15 39 -1
15 46 5
15 48 2
15 33 -3
16 43 -2
16 30 10
16 41 -6
16 19 -1
16 39 3
16 29 -6
16 40 -5
16 47 10
16 27 7
16 42 0
16 26 -4
16 33 1
16 17 10
16 35 5
16 49 10
16 32 -7
16 21 -6
16 25 3
16 24 -7
16 36 3
16 20 5
16 34 2
17 19 3
17 21 -2
17 18 10
17 23 -8
17 47 -10
17 46 8
17 43 -6
17 34 1
17 40 -9
17 41 0
17 27 10
17 24 -1
17 37 -6
17 28 -9
17 35 9
17 49 6
17 25 7
17 32 -5
17 38 -4
17 42 2
18 21 0
18 33 -8
18 25 -9
18 39 10
18 45 -9
18 40 5
18 22 2
18 36 6
18 28 7
18 30 6
18 41 5
18 23 -3
18 43 -3
18 27 10
18 35 -6
18 38 0
18 34 9
18 37 9
18 46 1
19 31 10
19 50 3
19 48 4
19 30 4
19 40 -4
19 47 6
19 22 3
19 21 -8
19 37 3
19 24 -3
19 35 -5
19 39 8
19 27 -8
20 47 -10
20 23 4
20 25 -8
20 45 -5
20 49 5
20 48 4
20 37 10
20 38 -6
20 44 7
20 31 3
20 35 -2
20 29 -8
20 28 -2
20 22 8
20 32 10
20 50 -5
21 34 -3
21 32 9
21 47 8
21 43 4
21 48 3
21 30 -9
21 24 2
21 49 6
21 37 -2
21 38 5
21 25 -9
21 28 -9
21 40 6
21 27 -4
22 50 -7
22 38 7
22 27 -7
22 46 2
22 40 -7
22 25 10
22 49 -8
22 47 -6
22 23 0
22 42 -9
22 33 5
22 39 -10
22 29 9
22 48 -7
22 32 5
23 41 -3
23 34 -8
23 40 7
23 46 5
23 48 -3
23 29 9
23 50 -8
23 27 10
23 37 -2
23 35 5
23 28 -10
24 35 5
24 34 -5
24 48 -4
24 47 8
24 49 -6
24 50 6
24 38 -6
24 43 2
24 39 -5
24 31 0
24 29 8
24 40 10
24 37 1
25 37 4
25 30 9
25 38 -5
25 33 -4
25 48 -9
25 36 9
25 29 6
25 45 4
25 27 3
25 43 -4
25 46 2
25 44 -5
25 42 7
25 28 2
26 42 8
26 31 0
26 39 -6
26 48 -8
26 34 -5
26 37 -2
26 27 9
26 32 -3
26 41 1
26 28 -3
26 49 -4
26 43 -3
26 36 -6
26 50 5
26 45 7
27 33 6
27 28 10
27 34 -2
27 48 10
27 38 0
27 41 7
27 39 2
27 37 -3
27 50 2
27 49 -10
27 45 9
28 46 10
28 45 5
28 43 -10
28 38 -6
28 31 -5
28 33 -3
28 50 -10
28 40 -3
28 41 -5
28 48 -6
28 37 -5
28 42 -3
28 47 0
28 36 3
29 41 -9
29 33 0
29 43 -7
29 37 -4
29 35 -7
29 42 -8
29 45 -8
29 30 -1
29 48 10
29 50 2
30 32 -9
30 46 10
30 43 7
30 44 -2
30 48 6
30 45 3
30 40 -4
30 36 1
30 49 10
30 47 0
30 31 -10
30 37 -5
31 38 0
31 34 -3
31 48 2
31 40 -6
31 44 6
31 47 10
31 45 -5
31 39 -9
32 37 9
32 41 -1
32 44 7
32 49 -9
32 42 -3
33 48 3
33 39 1
33 43 -1
33 50 7
33 37 -3
33 36 -4
33 41 6
33 35 -5
34 47 8
34 44 0
34 39 6
34 40 -6
34 43 -1
34 42 3
34 50 4
35 38 8
35 43 -1
35 36 -6
35 45 -3
35 41 -4
35 42 7
35 47 1
35 46 2
35 40 2
35 49 -5
35 50 1
36 46 7
36 38 -9
36 47 3
36 37 4
36 48 9
37 50 0
37 39 -2
37 48 -9
37 49 -4
37 46 -5
37 47 2
38 41 7
38 49 4
39 44 -1
39 45 9
39 42 -5
39 47 -7
39 40 -1
39 49 -5
39 48 10
39 46 2
40 48 5
40 47 9
40 44 2
40 42 -4
40 49 -2
40 45 -3
40 41 -10
40 46 -7
40 43 2
41 50 -1
41 44 -1
41 46 0
41 43 -2
41 48 5
42 50 7
42 48 -4
42 45 -9
42 44 -8
42 46 -8
43 45 7
43 50 -10
43 49 3
44 45 9
44 46 -4
45 47 2
45 48 6
45 49 -2
47 50 -4
