50 613 
1 3 4
1 26 1
1 42 3
1 15 6
1 14 3
1 6 -2
1 23 -4
1 30 -7
1 44 -3
1 17 -7
1 50 4
1 8 0
1 20 0
1 11 8
1 18 5
1 5 -6
1 28 5
1 34 9
1 40 0
1 37 -4
1 22 -2
1 47 -4
1 39 0
1 10 5
1 48 -1
2 45 -7
2 17 7
2 14 -7
2 36 8
2 16 -1
2 39 -2
2 40 1
2 34 5
2 28 -9
2 38 7
2 33 -9
2 8 -1
2 3 -4
2 30 -1
2 15 7
2 9 -9
2 12 9
2 24 1
2 25 -3
2 22 -10
2 37 6
2 29 0
2 47 9
2 46 -2
3 37 7
3 19 2
3 35 3
3 24 6
3 50 9
3 39 4
3 8 9
3 17 7
3 16 -6
3 45 10
3 9 -5
3 41 0
3 49 -10
3 15 -4
3 29 -9
3 27 7
3 14 3
3 32 10
3 23 1
3 31 8
3 13 -3
3 40 5
4 9 7
4 48 2
4 43 -3
4 12 -1
4 14 -7
4 25 -5
4 30 -6
4 19 1
4 17 8
4 27 5
4 29 1
4 40 7
4 44 -2
4 8 -10
4 39 -2
4 7 8
4 31 -4
4 49 -1
4 36 -9
4 11 1
4 26 -9
4 45 -10
5 42 -2
5 36 2
5 7 9
5 34 -3
5 49 -7
5 46 8
5 26 -5
5 25 -7
5 50 -4
5 43 -6
5 11 2
5 38 -1
5 16 -2
5 22 -3
5 10 0
5 28 -1
5 12 3
5 32 -7
6 35 -4
6 27 3
6 23 -1
6 46 -4
6 28 5
6 29 -4
6 30 -3
6 39 4
6 50 0
6 8 1
6 38 4
6 36 8
6 14 6
6 17 -5
6 43 -6
6 7 5
6 45 10
6 24 -9
6 10 -8
6 31 8
6 42 1
6 26 3
6 49 -9
7 48 8
7 9 3
7 17 4
7 36 3
7 38 -9
7 42 6
7 34 5
7 11 -9
7 24 0
7 41 -3
7 15 -8
7 28 -4
7 33 4
7 40 -8
7 50 -6
7 39 1
7 25 -6
7 47 5
7 32 -4
7 35 -1
7 43 -2
7 23 7
7 20 4
7 22 0
7 45 -10
8 48 -6
8 49 10
8 50 -4
8 47 -3
8 21 -5
8 41 -3
8 30 -1
8 13 7
8 11 7
8 10 -5
8 12 -9
8 19 2
8 25 -4
8 43 -1
8 44 -2
8 31 6
8 35 8
9 44 4
9 26 9
9 11 10
9 18 -2
9 20 -3
9 46 -8
9 17 6
9 12 1
9 30 3
9 14 -5
9 36 10
9 27 -7
9 21 -2
9 34 7
9 16 2
9 13 7
9 23 -6
9 31 -5
9 32 -7
9 19 -8
9 41 9
9 37 -4
9 40 7
9 48 6
10 32 -8
10 31 -9
10 16 7
10 46 8
10 40 10
10 38 5
10 44 -6
10 23 3
10 48 2
10 41 3
10 20 2
10 15 0
10 49 6
10 50 -7
10 22 -7
10 43 8
10 30 -1
10 34 9
11 29 5
11 48 5
11 49 -8
11 41 8
11 33 -1
11 21 -5
11 14 6
11 24 -8
11 20 -1
11 45 8
11 46 9
11 35 8
11 42 -5
11 12 3
11 28 -1
11 30 -1
11 50 10
11 44 6
11 36 -7
11 43 -3
11 32 0
11 18 10
11 39 2
12 27 8
12 18 -10
12 32 3
12 48 -1
12 13 10
12 46 0
12 30 -10
12 14 -2
12 17 2
12 50 8
12 47 2
12 41 0
12 24 -10
12 23 3
12 42 -9
12 16 0
12 28 3
12 15 1
13 18 2
13 25 10
13 14 -1
13 33 -9
13 39 6
13 24 4
13 23 -6
13 31 -5
13 17 6
13 20 0
13 46 3
13 27 -3
13 29 -4
13 22 10
13 42 4
13 44 5
13 48 7
13 19 -7
13 21 -1
13 45 10
13 41 2
13 37 -4
14 18 -2
14 50 -4
14 29 -4
14 16 -4
14 30 10
14 48 -5
14 24 -9
14 36 -5
14 45 -6
14 46 -6
14 44 -9
14 41 -7
14 27 -9
14 17 3
14 39 -3
14 38 1
14 20 1
14 15 -8
14 28 -4
14 21 7
14 32 -10
15 40 -4
15 38 -6
15 21 9
15 35 -7
15 48 2
15 50 5
15 25 2
15 19 -2
15 30 -2
15 24 -2
15 27 -6
15 45 6
15 22 4
15 18 -6
15 44 -6
15 47 1
15 17 -3
15 36 -3
15 46 -3
15 34 0
16 40 3
16 35 -7
16 37 -5
16 25 0
16 20 5
16 43 -6
16 41 4
16 42 -4
16 26 1
16 31 3
16 44 -4
16 46 -7
16 50 -9
16 48 3
16 39 10
16 27 1
17 48 7
17 23 -7
17 33 1
17 31 1
17 35 10
17 41 -1
17 19 7
17 38 7
17 37 -5
17 44 9
17 24 6
17 18 -1
17 39 -5
18 33 0
18 45 -3
18 38 1
18 34 -2
18 30 3
18 20 -7
18 32 9
18 49 3
18 23 6
18 22 1
18 48 8
18 28 2
18 50 -5
18 25 -1
18 39 7
18 43 -6
18 44 9
18 26 0
18 36 -2
19 24 9
19 31 -3
19 33 -4
19 29 -4
19 35 -8
19 41 -7
19 47 -4
19 46 2
19 22 -10
19 30 -6
19 25 8
20 21 0
20 31 4
20 25 -5
20 39 -6
20 46 -3
20 34 1
20 37 6
20 49 2
20 43 3
20 50 8
20 48 5
20 47 -6
20 24 10
20 42 -6
20 40 -5
20 32 4
20 45 -2
20 27 0
21 40 6
21 24 -3
21 49 -2
21 43 -8
21 35 -10
21 45 -10
21 44 0
21 34 -9
21 25 8
21 39 -8
22 25 -6
22 30 -6
22 50 3
22 24 2
22 40 -1
22 33 8
22 48 -3
22 23 -3
22 43 10
22 34 10
22 44 -2
22 36 8
22 45 2
22 37 -9
22 38 -9
23 24 2
23 43 8
23 39 7
23 44 8
23 42 -1
23 48 6
23 45 -1
23 40 0
23 47 -1
23 29 -6
23 49 -1
23 27 1
23 30 -3
24 42 -4
24 33 9
24 47 -5
24 38 -3
24 46 8
24 26 4
24 30 8
24 48 -1
24 36 -7
24 34 2
24 49 -6
24 32 3
24 37 -10
24 39 -1
24 25 1
24 35 2
24 27 -7
25 42 -10
25 33 3
25 36 7
25 34 -1
25 29 9
25 47 10
25 38 -8
25 50 -2
25 28 3
25 26 -9
26 31 -8
26 30 6
26 32 -8
26 47 5
26 50 -4
26 43 5
26 40 -7
26 38 -10
26 28 -1
27 43 -4
27 35 7
27 29 -5
27 50 7
27 45 -1
27 42 8
27 47 5
27 33 4
27 39 4
27 34 -6
28 46 -9
28 36 -2
28 37 4
28 29 -5
28 38 -7
28 50 -6
28 30 -1
28 31 3
28 32 10
28 39 -5
29 49 -7
29 39 1
29 41 -10
29 43 5
29 47 -7
29 35 -10
29 36 -8
29 30 10
29 46 4
29 37 1
29 42 -9
29 38 -2
30 31 0
30 32 5
30 33 9
30 35 -4
30 43 -1
30 37 1
30 47 -7
30 48 -6
30 50 -3
30 36 0
30 45 8
30 46 5
31 33 -10
31 48 5
31 42 -3
31 39 -5
31 36 1
31 44 10
31 41 -1
31 32 -6
31 49 -10
31 50 6
32 37 2
32 36 5
32 42 10
32 40 7
32 48 6
32 46 8
32 49 4
33 38 -6
33 48 4
33 43 -3
33 41 4
33 49 2
33 35 -3
33 47 6
34 40 3
34 49 -3
34 44 6
34 38 3
34 47 4
34 42 8
34 36 8
35 36 3
35 39 -8
35 49 -3
35 45 8
35 44 7
35 38 -9
35 40 7
35 42 -2
36 45 -4
36 39 6
36 46 -6
36 49 9
36 47 1
36 50 -10
36 41 -8
37 44 -8
37 39 -4
37 38 -2
37 45 8
37 48 -3
38 44 -2
38 41 5
38 45 7
38 40 -2
38 50 9
38 48 1
38 42 6
39 47 10
39 48 -3
39 44 10
39 45 -4
39 40 4
40 48 0
40 46 6
40 47 10
40 44 2
41 44 -9
41 42 7
41 47 7
41 43 -4
41 49 -7
41 50 -7
42 44 -4
42 47 8
42 43 10
42 49 6
42 46 -9
42 50 -1
43 47 -6
43 48 -4
43 46 4
44 50 -4
44 45 -6
44 49 -10
44 47 -7
45 46 3
45 47 -10
45 49 -10
46 49 7
46 47 10
46 50 -4
47 49 -4
48 50 3
48 49 9
49 50 -3
