50 613 
1 39 -5
1 43 -10
1 14 0
1 2 -1
1 38 8
1 34 6
1 17 -5
1 47 -3
1 23 -1
1 36 -10
1 11 -5
1 9 5
1 33 -7
1 49 1
1 31 1
1 44 -2
1 12 8
1 18 1
1 45 -5
1 13 -2
1 24 -7
1 41 6
1 35 -1
1 16 6
1 5 -7
1 6 6
1 37 -1
1 42 1
2 47 -3
2 45 2
2 33 4
2 13 1
2 14 -5
2 15 -10
2 34 3
2 25 -9
2 16 7
2 50 9
2 8 -1
2 20 6
2 42 9
2 35 3
2 44 -9
2 39 5
2 21 2
2 38 6
2 22 1
2 4 -3
2 5 -7
2 12 0
2 31 9
2 49 9
2 3 1
2 26 -6
3 30 -8
3 9 3
3 8 4
3 42 2
3 23 4
3 44 -2
3 21 -9
3 29 8
3 10 -9
3 48 -4
3 12 0
3 28 10
3 38 1
3 17 -8
3 40 8
3 7 1
3 37 -9
3 41 8
3 27 -9
3 36 9
3 19 7
3 24 -6
3 35 1
3 16 -4
3 49 -4
3 5 3
3 20 -1
4 47 9
4 25 6
4 33 0
4 12 5
4 48 -2
4 44 -2
4 41 -5
4 7 1
4 22 -4
4 32 -6
4 40 -7
4 17 6
4 29 -8
4 45 -1
4 9 -10
4 21 0
4 11 -3
4 15 2
4 38 -9
4 46 -5
4 8 -5
4 5 2
4 35 3
4 37 -3
4 23 3
4 50 6
4 19 8
4 26 8
4 36 1
4 14 4
4 6 6
5 33 2
5 41 2
5 30 -1
5 40 9
5 47 0
5 11 -4
5 44 5
5 23 1
5 39 -1
5 37 5
5 15 -10
5 29 -9
5 12 0
5 31 9
5 48 -1
5 36 1
5 6 -8
5 26 -3
5 46 -10
5 10 5
5 32 -8
5 45 2
5 8 -9
5 13 9
5 16 -8
6 11 -8
6 35 -9
6 24 -7
6 39 -2
6 19 6
6 21 2
6 33 10
6 43 3
6 27 7
6 10 -8
6 38 9
6 30 -7
6 47 -5
6 17 1
6 13 1
6 31 9
6 40 2
6 12 -6
6 34 7
6 23 -6
6 41 5
6 25 4
7 12 1
7 38 7
7 44 4
7 22 -1
7 9 4
7 14 -3
7 47 6
7 32 -4
7 24 -9
7 41 -5
7 39 -8
7 29 -3
7 8 3
7 19 -6
7 35 9
7 28 -7
7 40 -2
7 50 -5
7 49 7
7 46 3
7 26 3
8 36 -2
8 48 -1
8 44 -1
8 28 9
8 21 6
8 31 6
8 23 -2
8 19 7
8 24 -4
8 40 9
8 22 0
8 26 3
8 50 -1
8 15 -3
8 9 4
8 14 8
8 39 -8
8 25 9
8 17 0
8 32 -9
8 20 0
9 39 -6
9 45 -1
9 24 10
9 19 1
9 37 -10
9 47 -6
9 28 -6
9 36 2
9 18 -5
9 22 -1
9 33 -4
9 48 -2
9 38 -7
9 43 -1
9 23 2
9 14 6
9 13 5
9 44 2
10 27 -8
10 40 4
10 24 -3
10 19 -5
10 49 5
10 18 -8
10 39 1
10 36 -8
10 23 8
10 48 -4
10 41 3
10 26 2
10 44 8
10 31 10
10 34 7
10 42 8
10 21 6
10 35 0
10 17 1
10 16 -9
10 46 -8
10 47 -7
10 20 2
10 15 9
10 33 -3
11 49 -6
11 17 10
11 23 7
11 38 1
11 20 -10
11 13 9
11 22 3
11 15 -3
11 32 3
11 36 1
11 34 9
11 28 0
11 30 10
11 33 7
11 44 6
11 26 5
11 35 10
11 40 9
11 48 10
11 14 6
11 21 5
11 47 9
11 41 -10
12 33 10
12 20 7
12 30 1
12 15 9
12 34 -10
12 17 -1
12 32 6
12 13 -3
12 50 6
12 36 10
12 25 -3
12 41 -7
12 39 10
12 26 2
12 22 4
12 37 -6
12 45 -8
12 46 -3
12 29 -2
13 30 0
13 39 3
13 35 -8
13 29 10
13 37 -3
13 36 -7
13 23 -6
13 43 10
13 33 -4
13 32 -5
13 14 3
13 38 4
13 48 6
13 42 -10
13 28 0
14 42 -10
14 37 4
14 32 -5
14 41 -9
14 35 1
14 38 6
14 19 -4
14 16 -4
14 40 -6
14 25 0
14 24 -1
14 49 5
14 31 -10
14 46 -1
15 19 -1
15 50 -3
15 30 -6
15 23 7
15 20 -10
15 32 -9
15 25 -5
15 38 2
15 43 -4
15 37 2
15 33 7
15 41 10
15 27 8
15 16 10
15 24 -10
15 49 8
15 18 -6
15 26 -9
15 31 -4
15 47 -7
15 28 7
16 44 2
16 26 -8
16 24 6
16 18 -2
16 39 -3
16 36 10
16 34 6
16 30 -9
16 23 -7
16 43 9
16 17 -7
16 31 -5
16 33 -5
16 41 -10
16 37 -3
16 21 1
16 45 6
16 35 -1
16 49 9
16 19 8
16 47 -2
16 42 8
17 42 9
17 23 6
17 30 -6
17 44 -8
17 34 -1
17 35 10
17 22 -9
17 45 1
17 50 10
17 46 -7
17 18 7
17 32 -1
17 33 -8
17 24 -9
17 19 5
17 37 -4
18 30 9
18 48 -8
18 40 -10
18 22 -1
18 38 -8
18 33 5
18 49 3
18 24 7
18 42 -3
18 27 -4
18 41 8
19 36 7
19 35 7
19 45 -4
19 22 9
19 43 -9
19 40 2
19 26 -4
19 34 8
19 41 1
19 48 0
19 44 2
19 42 2
19 28 3
19 39 -2
19 30 -1
19 49 -5
19 33 -1
20 42 3
20 21 0
20 27 0
20 44 -2
20 25 2
20 39 4
20 40 -7
20 32 -9
20 47 -2
20 49 6
20 30 0
20 43 -8
20 48 -5
20 35 -4
21 31 -5
21 35 -3
21 47 -10
21 26 6
21 38 0
21 43 -7
21 27 4
21 24 7
21 44 6
21 28 5
21 37 5
21 33 8
21 46 3
21 23 10
21 48 -9
21 34 -8
21 45 -2
22 41 8
22 36 0
22 26 3
22 44 0
22 38 9
22 25 3
22 40 4
22 47 -8
22 23 1
22 27 6
22 48 3
23 36 -2
23 48 -4
23 41 8
23 47 -1
23 38 -10
23 25 6
23 42 5
23 46 -7
23 45 -7
23 49 -8
23 39 0
23 27 -8
24 41 -4
24 26 0
24 28 -6
24 42 2
24 25 9
24 32 10
24 38 7
24 40 -4
24 35 7
24 33 -2
24 37 3
24 48 -2
25 37 6
25 45 -2
25 30 -1
25 47 1
25 42 1
25 32 5
25 26 10
25 41 -1
25 49 2
25 29 -2
26 33 10
26 44 -5
26 40 -5
26 39 -7
26 29 -2
26 50 -10
26 36 2
26 30 3
26 27 8
26 31 10
26 49 -3
26 37 -8
26 41 -5
26 35 -8
27 38 -1
27 36 10
27 46 -9
27 29 -5
27 41 -7
27 33 7
27 43 1
27 49 -6
27 44 -7
27 40 -8
28 44 9
28 31 -10
28 45 7
28 35 -2
28 42 -8
28 46 8
28 43 2
28 47 10
28 40 6
29 42 7
29 44 -9
29 34 10
29 40 5
29 48 -3
29 35 7
29 43 10
30 47 3
30 31 10
30 46 -2
30 34 10
30 50 -8
30 44 -4
30 35 -5
30 37 8
30 48 1
31 50 -8
31 45 -9
31 34 -1
31 47 -7
31 48 -4
31 41 1
31 33 3
32 37 -3
32 47 0
32 44 -1
32 43 -5
32 35 8
32 36 2
33 50 -5
33 34 8
33 49 4
33 37 10
33 42 -10
33 43 4
33 41 -4
33 47 0
33 38 -7
33 39 0
34 40 -6
34 41 7
34 42 9
34 43 0
34 36 4
34 39 -8
34 35 -2
35 41 3
35 36 -9
35 48 0
35 38 2
35 42 -7
35 37 3
35 46 -9
35 45 -5
35 39 1
35 43 -9
36 45 -10
36 39 5
36 49 5
36 38 -3
36 47 1
36 37 10
37 43 4
37 40 -9
37 46 -3
37 45 -10
37 47 -7
38 48 1
38 45 -9
38 46 7
38 49 -2
38 50 -9
39 49 -3
39 44 9
39 41 10
39 46 -5
40 46 1
40 44 5
40 47 -3
40 45 6
40 43 -7
40 48 -5
41 44 -8
41 50 -8
41 42 -4
41 49 -8
41 47 10
42 48 9
42 50 -9
42 45 -9
43 45 -9
43 48 6
44 45 -6
44 48 3
44 49 -9
45 47 7
45 48 -3
46 48 -9
47 49 0
47 48 0
47 50 10
48 50 -1
