50 613 
1 38 -2
1 11 9
1 14 -9
1 50 -10
1 42 -10
1 6 4
1 34 3
1 37 -6
1 8 -6
1 40 -10
1 10 3
1 26 -8
1 18 10
1 39 3
1 23 -10
1 27 -6
1 30 5
1 48 -1
2 12 0
2 23 2
2 18 9
2 30 3
2 49 0
2 22 8
2 43 1
2 28 0
2 4 -10
2 38 6
2 16 1
2 41 -8
2 7 -8
2 3 -9
2 50 -7
2 10 -5
2 8 4
2 11 -3
2 34 -10
2 13 4
2 24 4
2 39 -2
2 29 3
2 44 -7
2 46 9
2 36 -10
3 22 -10
3 27 -7
3 4 3
3 44 8
3 26 -6
3 13 8
3 37 -4
3 33 -7
3 36 3
3 12 -4
3 29 -7
3 19 5
3 17 9
3 41 6
3 11 0
3 47 0
3 24 0
3 18 -4
3 6 -1
3 42 10
3 20 5
3 38 10
3 34 6
4 26 3
4 6 2
4 22 -1
4 9 -8
4 14 -10
4 11 9
4 20 6
4 45 1
4 39 3
4 13 0
4 43 -9
4 28 3
4 37 6
4 17 -10
4 23 -4
4 10 1
4 21 1
4 42 -4
4 30 -3
4 31 6
4 33 -5
4 15 -4
4 27 6
4 44 -1
4 29 -3
4 16 -7
4 40 2
5 29 -6
5 27 5
5 28 3
5 31 7
5 43 -7
5 7 -2
5 16 -5
5 33 -1
5 50 -5
5 49 8
5 35 0
5 19 7
5 23 -5
5 39 -10
5 21 9
5 13 6
5 41 9
5 17 5
6 29 6
6 49 4
6 13 2
6 35 -9
6 36 -6
6 25 -2
6 19 3
6 20 -6
6 41 4
6 12 7
6 50 8
6 24 7
6 47 -6
6 44 8
6 22 -10
6 28 -7
6 39 5
6 8 -10
6 17 9
6 32 2
6 27 5
6 37 0
6 42 7
6 40 -4
7 21 -10
7 44 9
7 25 9
7 33 -1
7 13 -6
7 50 -7
7 23 -1
7 24 3
7 32 -4
7 45 -9
7 17 8
7 29 8
7 31 -5
7 14 -5
7 48 -10
7 30 6
7 41 -7
8 14 1
8 18 7
8 29 9
8 42 -1
8 21 -5
8 43 -9
8 39 7
8 48 -4
8 35 5
8 20 3
8 12 8
8 17 1
8 47 -10
8 41 5
8 13 -7
8 44 4
8 24 5
8 34 6
8 28 6
8 33 -5
8 23 -10
9 14 -3
9 15 10
9 45 -1
9 50 10
9 10 -5
9 31 -1
9 46 -5
9 40 -6
9 33 -7
9 24 -2
9 43 -5
9 12 9
9 39 10
9 47 -7
9 49 -5
9 16 -10
9 35 -8
9 11 5
10 34 -8
10 48 10
10 20 -2
10 46 1
10 36 -5
10 24 5
10 38 8
10 40 5
10 31 0
10 18 9
10 33 4
10 32 8
10 45 3
10 12 9
10 42 -8
10 43 -3
10 47 6
10 37 -10
10 19 5
10 49 2
10 14 -5
11 43 9
11 19 -6
11 36 -2
11 35 7
11 33 -9
11 20 -7
11 44 -1
11 50 8
11 24 -1
11 27 2
11 48 2
11 14 -9
11 46 0
11 39 6
11 30 -8
11 42 9
11 25 3
11 40 9
11 29 4
11 12 9
12 20 -3
12 31 7
12 28 1
12 40 3
12 36 -10
12 32 -2
12 25 -1
12 14 -7
12 29 4
12 38 7
12 13 -6
12 22 -5
12 26 -4
12 43 2
12 24 -6
12 45 6
12 50 -4
12 17 -10
12 46 -5
12 30 -8
12 39 7
12 18 -9
12 23 6
12 41 -7
13 24 -10
13 40 3
13 15 5
13 22 2
13 48 -7
13 20 -10
13 33 7
13 25 8
13 46 -4
13 37 -3
13 28 -7
13 30 8
13 19 9
13 16 -7
13 29 -10
13 39 -6
13 14 -8
14 27 6
14 50 2
14 33 4
14 45 5
14 17 -5
14 15 7
14 44 -2
14 43 -6
14 29 5
14 16 -5
14 26 -2
14 37 -1
14 21 10
14 40 -5
14 31 -8
14 49 -4
14 19 7
14 32 4
14 30 6
15 44 -9
15 30 -1
15 18 1
15 50 -6
15 27 -10
15 22 4
15 39 -2
15 24 6
15 36 8
15 25 -3
15 38 -5
15 49 -8
15 16 4
15 41 0
15 32 4
15 40 -5
15 31 2
15 46 7
15 47 6
15 17 -5
16 19 3
16 17 7
16 48 10
16 31 -3
16 18 -1
16 21 -10
16 23 3
16 36 2
16 34 9
16 37 1
16 30 8
16 33 1
16 38 7
16 46 8
17 48 3
17 33 -4
17 24 10
17 34 -2
17 27 0
17 25 -5
17 39 -3
17 31 -10
17 38 2
17 32 -4
17 35 7
17 26 -5
17 36 8
17 46 -8
17 49 10
17 40 8
17 47 -9
17 43 -4
17 30 -5
18 45 -8
18 26 8
18 50 2
18 22 4
18 46 -8
18 39 9
18 21 9
18 42 9
18 30 -6
18 33 -6
18 19 2
18 38 -10
18 44 7
18 20 9
18 41 -10
18 36 9
19 42 -8
19 24 3
19 28 -3
19 33 -10
19 40 -2
19 37 -7
19 46 -10
19 31 2
19 26 4
19 29 9
19 41 0
19 43 8
19 36 1
19 32 -4
19 27 -8
20 31 8
20 48 -6
20 39 2
20 21 -2
20 29 -3
20 30 -1
20 40 -4
20 25 9
20 34 5
20 23 -2
20 32 -2
20 37 4
20 27 9
20 24 10
20 26 -5
20 41 -4
20 22 5
20 42 0
20 47 -10
21 25 10
21 44 -9
21 32 -6
21 37 -10
21 47 9
21 41 -2
21 34 10
21 36 10
21 26 4
21 29 3
21 46 7
21 22 -9
21 40 -7
21 35 6
22 34 -6
22 27 8
22 45 4
22 48 -6
22 44 3
22 50 -9
22 42 3
22 38 3
22 41 0
22 37 -8
22 28 -10
22 39 9
22 31 8
22 36 -4
22 43 -3
23 38 7
23 29 9
23 32 3
23 40 -10
23 34 2
23 47 -8
23 46 10
23 30 6
23 41 -1
23 49 -8
23 37 5
23 26 -3
23 28 3
23 31 -2
23 42 -5
24 44 1
24 41 -1
24 43 4
24 37 7
24 47 -1
24 33 6
24 34 -10
24 36 -2
24 40 0
24 29 -2
24 45 2
24 48 6
24 38 -6
25 48 2
25 29 -10
25 46 -6
25 43 10
25 50 -9
25 33 -4
25 45 3
25 30 -3
25 26 7
25 27 -10
25 34 4
25 37 -6
25 49 -9
25 40 5
25 35 10
26 43 0
26 37 -4
26 47 -5
26 40 9
26 30 -5
26 49 -8
26 38 -1
26 28 -6
26 46 10
26 36 5
27 44 -8
27 28 5
27 36 -1
27 48 -10
27 29 4
27 38 -9
27 45 -2
27 34 -8
27 33 -7
27 40 0
27 32 2
27 37 -7
27 46 -7
28 50 7
28 45 7
28 39 -3
28 29 -8
28 40 10
28 34 -5
28 35 0
28 48 -1
29 46 -9
29 37 -10
29 41 -10
29 49 -10
29 43 2
29 40 10
30 50 10
30 43 -10
30 48 -8
30 49 10
30 42 -4
30 46 -9
30 38 -10
30 45 3
30 44 0
30 41 8
30 40 3
30 32 5
31 39 -9
31 41 -7
31 34 4
31 45 -6
31 50 -4
31 47 -2
32 43 0
32 42 8
32 45 -8
32 35 0
32 38 9
32 44 1
32 34 5
32 48 8
32 49 -6
33 47 5
33 42 5
33 43 -5
33 41 -9
33 37 -1
33 45 9
33 35 8
33 44 7
33 34 -8
33 50 10
33 40 1
34 38 3
34 36 10
34 50 1
34 39 2
34 49 -8
34 42 -1
34 44 2
34 35 -4
34 37 3
34 47 -9
34 46 -10
34 43 -9
35 40 1
35 38 -8
35 50 0
35 44 9
35 39 -10
35 43 4
36 37 -4
36 45 7
36 38 -3
36 39 0
36 50 -4
36 48 9
36 49 -7
36 43 2
37 41 -10
37 48 6
37 46 9
37 38 -7
37 40 3
37 44 4
37 43 5
38 43 1
38 50 -1
38 41 -8
38 49 0
38 44 -10
38 39 3
38 47 6
38 45 -9
39 46 -2
39 44 7
39 47 -4
39 48 5
39 43 7
40 49 6
40 46 -8
40 42 2
40 41 9
40 43 8
40 48 8
41 50 9
41 46 -10
41 43 3
42 47 -10
42 50 0
42 43 6
43 47 -9
43 48 -2
43 44 -2
44 48 6
44 47 2
44 46 9
45 50 -2
45 47 8
45 48 1
46 50 -2
47 49 4
47 50 -7
