50 613 
1 17 -8
1 24 -9
1 2 -5
1 49 -6
1 25 -10
1 18 -4
1 30 5
1 5 -7
1 14 0
1 38 -10
1 43 -10
1 46 9
1 7 -3
1 50 -1
1 31 -7
1 27 -9
1 32 -9
1 34 -4
1 40 -3
1 3 0
1 16 10
1 28 -4
1 4 -5
1 44 -5
2 25 0
2 7 10
2 34 6
2 12 5
2 24 -3
2 10 -6
2 6 -4
2 20 7
2 49 -3
2 4 8
2 50 -9
2 37 9
2 42 -8
2 33 -10
2 22 -4
2 30 0
2 40 8
2 9 3
2 17 10
2 14 3
2 8 6
2 31 8
2 11 6
2 35 8
2 5 -2
3 29 8
3 20 1
3 46 -6
3 33 1
3 13 4
3 26 6
3 37 5
3 24 3
3 14 1
3 19 7
3 25 9
3 40 1
3 42 1
3 9 -1
3 10 -6
3 22 -2
3 18 -7
3 45 -10
3 44 1
3 4 -7
3 28 -10
3 32 -9
3 50 -6
3 39 4
3 36 -4
3 17 -8
3 7 3
4 31 2
4 7 -1
4 17 -1
4 30 -2
4 21 -1
4 48 7
4 20 0
4 47 -8
4 42 6
4 9 -6
4 11 7
4 24 -2
4 36 3
4 50 8
4 41 9
4 18 7
4 45 -4
4 29 -5
4 39 -8
4 15 8
4 38 3
4 13 -9
4 6 -2
4 12 -3
4 27 7
4 33 7
4 32 7
5 30 -6
5 34 1
5 18 -9
5 41 -5
5 14 -5
5 40 -1
5 43 10
5 11 8
5 37 1
5 50 6
5 17 -9
5 23 2
5 26 8
5 46 -8
5 45 -3
5 29 -1
5 32 -4
5 15 -10
5 19 -10
5 27 -5
5 47 -4
5 13 -6
5 25 -9
5 22 7
5 33 -6
6 43 -5
6 26 -5
6 8 -3
6 42 6
6 33 4
6 45 9
6 21 10
6 28 -6
6 38 8
6 49 8
6 16 -1
6 50 6
6 46 1
6 41 -8
6 15 6
6 25 -6
6 23 -7
6 19 -8
6 37 -2
6 30 8
6 17 9
6 39 -10
6 7 0
7 24 2
7 26 -7
7 16 10
7 50 -4
7 30 7
7 44 8
7 27 3
7 18 1
7 11 -3
7 31 10
7 41 5
7 28 6
7 15 -8
7 9 10
7 39 -3
7 40 -1
7 43 5
7 42 0
7 19 -5
7 25 3
7 21 1
7 36 -8
8 12 -4
8 17 8
8 48 9
8 45 0
8 18 5
8 40 3
8 38 3
8 11 2
8 42 3
8 15 5
8 19 -8
8 33 -1
8 50 -1
8 30 -9
8 39 8
8 49 -10
8 36 3
8 32 -8
8 9 -9
8 16 2
8 23 -1
9 21 -3
9 11 4
9 48 -5
9 17 -5
9 24 -1
9 29 -6
9 18 3
9 10 1
9 13 6
9 28 2
9 37 2
9 43 -6
9 12 2
9 40 -5
9 30 7
9 34 -10
9 16 5
9 42 7
9 15 9
9 25 -3
9 50 -8
9 46 7
9 38 -2
9 27 -8
9 36 -1
10 31 -3
10 46 -3
10 44 -1
10 29 -9
10 36 10
10 11 8
10 43 10
10 26 9
10 19 -6
10 17 0
10 12 -7
10 39 -6
10 18 -8
10 33 5
10 24 -2
10 22 -5
10 34 -4
10 16 -4
10 28 -9
10 30 -3
10 21 -3
11 19 10
11 13 -9
11 40 3
11 44 5
11 35 -10
11 16 -8
11 50 4
11 38 3
11 18 -2
11 49 6
11 39 5
11 46 -10
11 33 7
11 36 7
11 29 5
11 37 -2
11 32 -10
11 43 -3
12 19 0
12 30 -2
12 20 -1
12 13 4
12 38 6
12 46 -6
12 35 0
12 43 -8
12 41 -5
12 48 -2
12 28 3
12 29 -8
12 26 0
12 21 10
12 24 -9
12 50 4
12 17 7
12 40 -10
12 18 -6
12 23 1
12 44 -1
12 22 0
12 16 -5
12 15 1
13 26 3
13 21 -8
13 41 -2
13 27 -1
13 34 2
13 48 4
13 39 10
13 30 10
13 31 -2
13 16 -10
13 18 2
13 23 2
13 24 8
13 46 8
13 36 -8
13 29 4
13 14 3
14 45 -1
14 18 -3
14 30 1
14 20 1
14 36 -2
14 22 5
14 31 -2
14 28 4
14 46 -2
14 29 6
14 50 6
14 47 3
14 34 -7
14 48 -1
14 43 -4
14 25 9
14 26 -4
15 44 2
15 18 6
15 36 0
15 49 -6
15 19 10
15 39 -9
15 27 -6
15 47 4
15 20 6
15 25 -7
15 50 -8
15 21 -10
15 35 -9
15 26 0
15 42 4
15 34 -7
16 21 -2
16 31 -7
16 27 -10
16 41 -10
16 20 10
16 45 10
16 39 9
16 22 -5
16 34 -6
16 44 -1
16 18 6
16 32 10
17 39 -6
17 46 2
17 26 -8
17 30 -1
17 47 -2
17 27 -9
17 18 3
17 45 -8
17 28 -10
17 19 -1
17 23 -3
17 40 -7
17 35 -5
17 22 -2
17 29 0
17 48 -5
17 33 4
17 42 4
17 36 -4
17 31 -5
18 48 -3
18 24 -7
18 36 9
18 46 -10
18 41 6
18 45 9
18 47 9
18 34 -7
18 22 -4
18 33 9
18 31 -3
18 40 -10
18 32 4
19 21 -6
19 31 -8
19 49 -4
19 44 -2
19 36 -5
19 50 -10
19 22 0
19 40 -7
19 38 -8
19 33 -10
19 41 -2
19 43 -2
19 27 -3
19 26 -5
19 32 6
19 29 10
19 34 6
19 24 -4
20 29 9
20 25 -4
20 21 8
20 38 9
20 32 -2
20 28 2
20 48 -3
20 23 0
20 47 1
20 43 -10
20 36 -5
20 34 -4
20 46 9
21 33 -3
21 38 4
21 23 -5
21 35 -10
21 37 6
21 34 4
21 28 6
21 22 -6
21 49 -10
21 46 -7
21 45 10
21 44 -4
21 40 -7
21 26 -10
21 48 -9
21 31 7
22 42 -8
22 38 6
22 50 -9
22 27 8
22 33 -7
22 36 -2
22 23 9
22 40 -6
22 31 -8
22 28 4
22 46 9
22 26 -3
22 49 5
22 41 9
22 29 0
23 48 2
23 30 3
23 36 -7
23 35 7
23 41 -8
23 27 -4
23 45 -7
23 29 5
23 44 -9
23 25 1
23 43 5
23 32 -8
23 40 0
24 42 -6
24 27 3
24 34 1
24 43 -5
24 47 8
24 36 -1
24 49 -9
24 38 5
24 33 8
24 32 8
24 28 -2
24 41 2
24 40 0
24 46 8
24 29 2
25 50 -2
25 31 -7
25 39 -6
25 48 -7
25 28 -10
25 26 -5
25 35 2
25 34 9
25 37 9
25 30 6
25 45 -2
25 27 10
25 32 -3
26 44 2
26 42 -7
26 38 2
26 27 -2
26 39 0
26 40 1
26 30 3
26 43 6
26 41 -4
26 37 -2
26 32 -1
26 34 0
26 46 3
26 47 4
27 30 -10
27 42 -10
27 34 3
27 31 -9
27 50 -3
27 32 9
27 38 -3
27 28 -7
27 46 4
27 47 -1
27 40 10
28 44 -2
28 35 8
28 37 2
28 32 10
28 38 3
28 34 -1
28 46 -10
28 47 -2
28 39 8
29 48 1
29 46 -10
29 34 10
29 35 -10
29 45 4
29 49 3
29 37 1
30 33 8
30 48 6
30 39 0
30 49 9
30 34 2
30 42 0
30 37 -6
30 32 6
30 44 7
31 36 3
31 35 3
31 40 4
31 47 9
31 38 7
31 34 8
31 41 -9
32 41 -6
32 33 -6
32 46 8
32 38 -10
32 45 -2
32 43 -10
32 36 8
32 50 -1
33 41 7
33 39 3
33 46 6
33 44 -2
33 34 -1
33 49 10
33 47 6
33 36 0
33 35 -4
34 43 -5
34 44 7
34 48 4
34 49 -6
34 46 8
34 36 -7
34 39 9
34 40 -7
35 50 -4
35 49 -1
35 43 -4
35 38 -9
35 45 -8
35 46 5
35 44 3
35 37 9
35 36 -8
36 46 2
36 40 -9
36 41 4
36 42 -7
36 39 10
36 50 2
37 44 -7
37 47 4
37 46 1
37 45 2
37 50 0
37 41 2
37 48 7
37 49 0
38 48 7
38 50 -2
39 46 3
39 49 -3
39 40 0
39 41 -10
39 42 6
39 48 -3
39 43 3
39 47 -10
40 46 -2
40 43 10
41 50 -10
41 48 2
41 42 2
42 44 -4
42 48 5
43 44 7
43 50 -2
44 49 6
44 45 4
44 46 6
45 46 -2
46 49 6
46 47 9
46 50 5
47 49 -1
48 50 4
