50 613 
1 19 0
1 29 8
1 12 -4
1 31 7
1 15 9
1 26 -1
1 40 6
1 28 -6
1 44 -6
1 43 -3
1 25 -5
1 49 9
1 42 -2
1 3 -10
1 13 0
1 8 3
1 27 7
1 2 2
1 22 -5
1 5 -10
1 47 -6
1 16 10
1 46 -7
1 32 4
2 18 8
2 41 -8
2 17 -8
2 40 6
2 46 8
2 6 -4
2 3 3
2 21 -5
2 20 -3
2 4 5
2 15 1
2 29 4
2 49 -5
2 8 1
2 39 5
2 16 2
2 13 10
2 50 9
2 19 6
2 23 -1
2 42 4
2 22 -9
2 48 9
3 15 -2
3 47 4
3 50 8
3 25 4
3 11 -6
3 13 3
3 16 9
3 20 6
3 12 5
3 40 0
3 10 10
3 36 -9
3 37 5
3 14 -10
3 49 -8
3 35 -1
3 6 5
3 44 9
3 41 1
3 46 -9
3 27 2
3 22 -5
3 42 10
4 22 -5
4 15 -8
4 10 -10
4 11 -2
4 31 -9
4 29 1
4 5 -2
4 50 6
4 18 -6
4 6 6
4 44 0
4 27 -1
4 34 6
4 48 -6
4 37 -1
4 33 6
4 47 6
4 28 0
4 25 -1
4 30 7
5 45 8
5 32 9
5 22 6
5 19 1
5 28 -2
5 24 5
5 8 4
5 26 8
5 10 -9
5 46 4
5 48 2
5 17 -2
5 43 2
5 11 -8
5 25 5
5 20 6
5 37 -10
5 31 6
5 29 8
5 15 -7
5 13 -7
5 41 -1
5 44 -3
5 40 6
5 27 9
6 28 4
6 18 -8
6 26 -2
6 35 5
6 8 -1
6 25 4
6 20 9
6 15 4
6 36 0
6 43 6
6 12 2
6 19 -4
6 29 8
6 30 0
6 16 2
6 11 -8
6 21 6
6 10 3
6 48 3
7 29 4
7 10 -7
7 40 5
7 16 -4
7 25 9
7 47 -3
7 12 -10
7 45 -7
7 36 -8
7 27 2
7 18 8
7 21 -7
7 32 -10
7 35 6
7 8 -6
8 13 4
8 12 9
8 27 -5
8 41 9
8 47 0
8 30 1
8 39 5
8 23 -7
8 45 2
8 35 -6
8 29 -3
8 33 7
8 25 0
8 16 -2
8 31 -6
8 44 7
8 11 9
8 28 -7
8 36 8
9 15 10
9 17 5
9 37 -10
9 26 -5
9 49 -2
9 28 -9
9 47 -6
9 29 4
9 32 2
9 13 -1
9 24 7
9 33 10
9 43 3
9 39 7
9 12 -2
9 41 2
9 27 4
9 44 -7
9 42 7
9 50 -9
9 38 -1
9 22 -3
9 25 -4
10 20 0
10 42 9
10 36 -6
10 29 6
10 50 8
10 11 -10
10 43 6
10 33 -5
10 27 -8
10 31 -3
10 30 -3
10 13 6
10 49 9
10 12 -9
10 38 0
10 28 2
10 24 -10
10 22 9
10 15 -9
10 18 10
10 39 4
11 40 -4
11 20 -3
11 18 10
11 21 -5
11 30 0
11 17 5
11 24 2
11 28 10
11 22 3
11 42 -3
11 37 -9
11 43 -2
11 12 -1
11 26 8
11 46 -6
11 15 -4
11 45 1
11 50 7
11 14 1
12 13 -9
12 27 -8
12 34 -4
12 45 -1
12 48 5
12 24 1
12 49 0
12 15 -7
12 43 -6
12 14 9
12 41 7
12 21 -8
12 33 10
12 16 -4
12 26 9
12 39 9
12 42 2
12 31 -4
12 19 -5
12 29 -7
12 28 -6
12 32 3
13 32 -2
13 27 -7
13 31 3
13 41 -3
13 20 1
13 48 1
13 44 -10
13 49 -2
13 45 9
13 30 -1
13 40 2
13 36 -5
13 19 -8
13 38 -9
13 14 2
13 43 -9
13 23 -2
13 46 2
13 18 -3
13 33 9
13 34 3
14 30 -7
14 47 9
14 38 6
14 26 3
14 35 -5
14 42 -3
14 48 -7
14 18 -10
14 37 5
14 44 -5
14 49 0
14 36 6
14 31 8
14 24 3
14 41 -9
14 32 -8
14 34 -7
14 43 10
15 30 -8
15 43 4
15 48 5
15 46 10
15 40 -7
15 35 6
15 34 9
15 47 7
15 38 2
15 39 -1
15 22 -5
15 42 -6
15 44 5
15 36 -6
15 29 2
15 19 -4
15 18 -1
15 25 8
15 32 -6
15 17 2
15 26 -3
16 40 -3
16 28 2
16 17 2
16 34 -2
16 50 0
16 48 0
16 41 10
16 30 4
16 24 -3
16 39 -9
16 29 2
16 45 -3
16 42 0
16 38 -1
17 21 -6
17 24 1
17 27 -3
17 30 4
17 26 10
17 45 10
17 42 0
17 48 -4
17 32 -4
17 19 10
17 43 10
17 25 5
17 40 4
17 34 -9
17 35 -10
17 49 -6
17 23 5
18 32 -2
18 20 7
18 22 8
18 41 0
18 46 10
18 39 6
18 38 -9
18 37 2
18 19 4
18 36 7
18 33 -3
18 34 9
18 49 4
18 26 6
18 35 -7
18 27 10
19 39 -7
19 24 6
19 49 3
19 42 7
19 23 5
19 46 10
19 31 -1
19 36 -1
19 48 5
19 37 -1
19 35 -6
19 44 5
20 41 5
20 23 10
20 35 -10
20 50 4
20 37 -6
20 32 -6
20 27 0
20 33 6
20 36 6
20 22 0
20 24 -9
20 44 8
20 34 10
20 30 -1
21 26 10
21 39 -4
21 48 -3
21 23 5
21 31 3
21 40 -7
21 30 8
21 50 -9
21 34 7
21 38 9
21 33 -3
21 24 -9
21 28 -5
21 47 3
22 41 -8
22 39 -1
22 32 7
22 29 -7
22 28 -10
22 36 4
22 27 -2
22 24 -6
22 37 0
22 30 -5
22 46 -8
22 26 4
23 35 -5
23 27 2
23 42 6
23 29 7
23 34 -6
23 49 4
23 41 10
23 33 -5
23 26 4
23 24 -7
23 48 2
23 31 8
23 25 7
23 39 1
23 28 4
23 38 7
23 44 8
24 27 -2
24 26 -4
24 31 0
24 45 -3
24 50 -8
24 48 9
24 25 -8
24 41 1
24 39 2
24 49 -4
24 42 -2
24 46 0
24 32 3
24 37 7
24 43 -9
25 31 -1
25 49 10
25 35 -6
25 27 -8
25 28 -1
25 36 -5
25 37 -10
25 50 0
25 45 1
25 40 7
25 34 3
25 32 -3
26 36 5
26 32 -9
26 45 4
26 41 -6
26 27 -1
26 43 5
26 47 7
26 42 2
26 46 10
26 40 -3
26 44 2
26 35 -2
26 29 -2
26 37 4
26 31 10
27 48 6
27 36 5
27 37 4
27 34 9
27 43 10
27 28 3
27 40 -1
27 42 -10
27 46 6
27 30 5
28 44 6
28 36 2
28 45 7
28 31 -5
28 37 4
28 42 0
28 47 -10
28 32 -4
28 40 6
28 34 -8
28 43 10
28 38 -4
28 48 -8
28 30 -6
29 50 8
29 30 -2
29 38 -7
29 49 -6
29 36 3
29 40 2
29 46 3
29 44 9
29 34 -3
29 37 -2
30 34 -7
30 31 8
30 37 8
30 32 0
30 36 5
30 38 -10
30 43 -7
30 45 -4
30 39 2
31 41 7
31 35 -10
31 37 4
31 49 6
31 47 -4
31 38 5
31 36 -5
31 34 4
32 39 8
32 44 7
32 36 0
32 45 4
32 42 -4
32 35 -8
32 34 10
32 41 10
32 37 3
32 33 4
32 40 -3
32 38 -10
33 35 -3
33 43 2
33 41 8
33 39 -6
33 45 -2
33 42 1
33 38 -7
33 48 -7
33 47 -4
33 50 -3
34 46 -8
34 40 -10
34 48 1
34 38 2
34 39 -4
34 43 -9
34 50 -6
34 36 6
34 44 6
35 41 -9
35 36 7
35 44 7
35 47 -9
35 38 -2
35 49 5
35 50 2
35 48 -2
35 43 10
35 40 6
36 37 4
36 40 3
36 38 -10
36 44 10
36 41 2
36 47 -3
36 48 -4
36 50 8
37 44 -5
37 43 3
37 47 -7
37 48 6
37 49 5
37 45 0
37 39 -5
38 43 9
38 42 8
38 40 2
38 47 1
39 48 5
39 45 7
39 49 6
39 47 -10
40 47 -6
40 41 7
40 50 -8
40 44 -8
41 45 -4
41 48 5
41 47 -3
41 42 3
42 43 -7
42 50 -1
42 48 -7
42 49 -7
43 45 -9
43 48 3
43 47 -6
44 48 3
44 45 -10
44 46 3
45 50 -8
45 48 9
46 49 -1
46 50 -6
46 47 0
46 48 6
47 49 10
47 48 1
48 49 -9
