50 613 
1 36 -10
1 4 5
1 44 3
1 50 0
1 39 -8
1 42 -6
1 7 -4
1 30 5
1 24 -9
1 15 -4
1 12 3
1 8 10
1 23 -3
1 27 -2
1 3 -7
1 31 -3
1 11 2
1 22 1
1 10 6
1 21 -9
1 6 7
1 40 -8
1 48 -3
1 2 7
1 32 5
1 47 4
1 33 4
2 31 -6
2 37 0
2 5 -3
2 29 6
2 12 2
2 17 10
2 32 10
2 46 -3
2 47 -7
2 40 6
2 14 -1
2 7 -8
2 22 -1
2 3 -3
2 27 -6
2 13 -5
2 38 2
2 28 -10
2 8 2
2 16 7
2 23 -8
2 49 2
2 19 -6
2 9 9
3 8 -10
3 25 -5
3 12 -2
3 48 -8
3 32 -1
3 19 0
3 10 9
3 5 2
3 38 8
3 37 7
3 21 -10
3 31 -7
3 11 7
3 23 -9
3 33 6
3 36 9
3 6 6
3 29 -5
3 45 6
3 26 10
3 50 3
3 30 10
3 24 0
3 44 7
4 38 -6
4 5 4
4 13 8
4 15 -2
4 27 4
4 33 -3
4 47 5
4 23 9
4 31 -3
4 32 -2
4 9 -2
4 8 2
4 12 -3
4 24 -3
4 29 10
4 40 -7
4 17 2
4 39 -5
4 6 -2
4 19 -2
4 42 -9
4 34 2
4 35 -2
4 14 -5
4 43 3
4 45 1
4 20 2
5 27 1
5 17 -7
5 42 -1
5 47 10
5 24 -4
5 11 -5
5 38 -9
5 46 5
5 25 10
5 34 -6
5 15 -1
5 33 6
5 49 -8
5 44 3
5 10 5
5 50 -10
5 12 10
5 9 5
5 43 -2
5 19 3
5 37 -10
5 31 9
5 29 1
5 14 -4
5 39 3
6 23 -9
6 35 -10
6 21 -3
6 7 7
6 39 -10
6 38 -5
6 13 0
6 50 0
6 45 -4
6 49 2
6 34 9
6 16 6
6 46 -4
6 32 -4
6 12 -5
6 40 10
6 8 -1
6 17 -2
6 14 -4
6 30 8
7 42 -3
7 31 -5
7 24 4
7 34 -10
7 29 9
7 40 0
7 16 2
7 47 0
7 20 6
7 46 3
7 14 9
7 30 -6
7 38 -9
7 32 -5
7 41 -8
7 21 2
7 50 -6
7 23 3
7 10 5
7 18 -9
8 25 4
8 45 -5
8 28 9
8 22 -2
8 50 -7
8 35 5
8 40 -4
8 21 3
8 27 6
8 36 -3
8 38 6
8 23 -4
8 9 -6
8 10 2
8 41 -5
8 17 1
8 47 -9
8 11 6
8 19 -3
8 15 4
8 43 9
8 34 -6
8 16 -3
9 17 -7
9 38 6
9 14 3
9 28 -6
9 22 -3
9 18 4
9 19 -4
9 50 6
9 42 -8
9 36 3
9 13 -4
9 35 -5
9 45 3
9 34 -3
9 48 5
9 33 -2
9 32 3
9 44 10
9 15 2
10 17 2
10 40 -3
10 19 -1
10 28 -2
10 26 -5
10 36 -7
10 20 9
10 37 -4
10 49 4
10 24 10
10 35 2
10 32 -6
10 50 -8
10 47 -7
10 48 4
10 12 3
10 15 -8
10 38 -8
10 45 -7
10 43 2
10 42 -4
10 34 -2
10 16 10
11 22 7
11 38 7
11 48 2
11 29 -7
11 36 0
11 19 4
11 20 -1
11 44 10
11 16 -7
11 46 3
11 24 -7
11 35 -9
11 37 3
11 26 -9
11 28 3
11 47 2
11 13 -4
11 40 -4
11 21 -7
11 41 2
12 16 5
12 37 -1
12 18 0
12 17 0
12 27 10
12 15 2
12 43 5
12 33 1
12 39 8
12 19 8
12 38 3
12 34 9
12 50 -4
12 29 -7
12 47 8
13 35 -7
13 26 5
13 22 -6
13 37 -7
13 27 -9
13 16 -10
13 18 -9
13 49 -6
13 42 5
13 19 7
13 23 7
13 21 -8
13 24 5
13 50 5
13 40 1
13 46 6
13 45 10
13 43 -10
14 35 2
14 32 -8
14 21 10
14 50 -3
14 31 -8
14 25 -8
14 40 9
14 27 -6
14 16 6
14 38 8
14 17 4
14 29 -9
14 24 -1
14 49 -2
14 39 2
14 45 -2
15 43 -3
15 45 4
15 16 9
15 42 -2
15 29 2
15 21 0
15 38 5
15 47 -4
15 33 7
15 19 8
15 17 10
15 22 2
15 30 2
15 40 -9
15 36 4
15 37 2
15 50 6
15 48 -8
15 41 0
15 28 2
16 25 7
16 50 4
16 42 -7
16 43 6
16 38 -4
16 27 -10
16 22 -2
16 26 -10
16 32 2
16 17 -8
16 28 1
16 46 -10
16 40 8
16 29 -7
16 19 9
16 37 -7
16 34 9
17 42 -9
17 50 1
17 22 8
17 30 10
17 49 7
17 20 -4
17 41 -4
17 45 -10
17 23 -5
17 35 -6
17 38 -10
17 37 5
18 30 -1
18 23 2
18 43 7
18 33 3
18 28 3
18 50 -4
18 34 9
18 38 -5
18 20 4
18 31 9
19 23 0
19 35 8
19 40 9
19 27 0
19 30 7
19 49 -7
19 38 -5
19 37 -9
19 41 9
19 34 -6
19 48 4
19 46 -8
19 33 6
19 50 -5
19 29 -5
19 26 2
20 32 5
20 37 8
20 46 10
20 35 -8
20 42 1
20 40 -1
20 30 -3
20 26 2
20 31 4
20 44 -3
20 21 -3
20 48 9
20 43 3
20 39 -3
20 36 8
20 23 -5
20 33 -7
20 49 4
21 26 10
21 48 9
21 46 10
21 27 0
21 50 -2
21 34 -4
21 23 10
21 36 -10
21 45 10
21 32 -4
21 25 -4
21 44 2
21 30 -4
21 28 -8
22 29 -10
22 33 6
22 45 -6
22 48 -8
22 27 -3
22 31 9
22 44 -7
22 23 9
22 39 6
22 46 0
22 30 2
22 37 10
22 36 -8
22 41 -3
22 24 -10
22 25 -10
22 49 -7
22 26 -5
23 50 -5
23 42 7
23 26 1
23 45 10
23 31 -2
23 43 5
23 28 3
23 44 8
23 32 -8
23 39 7
23 24 -10
23 35 8
23 49 8
23 46 -4
24 30 0
24 44 -9
24 49 -3
24 39 7
24 48 -8
24 42 0
24 36 -10
24 46 5
24 35 1
24 32 -2
24 26 2
24 38 -6
24 28 9
24 25 3
24 45 -1
24 31 -2
25 44 7
25 43 3
25 31 -3
25 30 -5
25 28 9
25 37 -4
25 50 -5
25 45 -2
25 42 8
25 34 -2
25 32 2
25 33 7
25 47 -3
25 38 -2
26 42 -3
26 30 1
26 33 -7
26 39 4
26 35 -1
26 28 6
26 43 2
26 29 6
26 32 8
26 41 2
26 34 -4
26 37 -3
27 50 10
27 41 -7
27 38 4
27 34 -8
27 45 8
27 33 3
27 35 -10
27 47 9
27 42 3
28 32 1
28 33 2
28 44 6
28 49 7
28 35 -10
28 39 -5
28 29 -7
28 37 3
28 42 -9
28 30 5
29 45 10
29 48 6
29 36 -1
29 30 -9
29 31 -9
29 37 -1
29 47 7
29 33 6
29 39 -4
29 50 -3
29 46 7
29 32 8
30 36 2
30 38 -10
30 43 8
30 42 3
30 41 6
30 32 0
30 49 2
30 50 7
30 31 -4
30 37 -4
31 43 -9
31 39 8
31 44 -9
31 36 -9
31 46 -6
31 50 -3
31 34 3
31 41 6
31 48 -8
31 40 8
31 35 -5
32 47 -7
32 49 -10
32 45 8
32 34 8
32 46 -5
32 41 -9
32 33 4
32 35 2
32 42 9
32 50 -2
33 48 2
33 41 -2
33 46 3
33 50 -2
33 34 1
33 49 1
33 45 -9
34 41 1
34 45 -3
34 39 -8
34 38 8
34 43 5
34 44 5
34 47 5
34 48 0
35 37 8
35 44 10
35 36 5
35 50 -1
35 41 8
35 39 7
35 40 3
35 42 6
35 47 -9
36 46 -7
36 42 4
36 40 2
37 39 -5
37 41 1
37 49 -2
37 42 -9
37 38 7
37 44 9
37 45 1
37 48 -4
38 44 -8
38 45 -5
38 39 -9
38 46 10
38 48 -6
39 41 -8
39 49 5
39 40 0
39 47 9
39 46 0
40 45 5
40 44 -9
40 48 9
40 49 -1
41 42 -1
41 48 -2
41 44 -2
41 47 -5
41 49 -6
42 43 3
42 46 -8
42 50 -2
42 45 6
43 45 8
43 48 8
43 44 2
44 50 4
44 49 2
45 46 -3
45 49 6
45 48 -6
46 50 10
46 49 -10
47 49 3
