50 613 
1 31 -8
1 32 1
1 40 1
1 23 2
1 16 3
1 46 8
1 24 -4
1 8 -10
1 37 -10
1 19 5
1 41 -7
1 18 -4
1 48 -1
1 12 0
1 7 -5
1 36 -4
1 3 -2
1 25 -2
1 43 2
1 38 3
1 33 3
2 3 9
2 41 -6
2 16 -8
2 22 3
2 45 -5
2 19 10
2 30 5
2 37 -10
2 39 7
2 38 6
2 29 -3
2 42 3
2 36 2
2 33 -6
2 7 -1
2 5 10
2 21 5
2 9 -4
2 43 -6
2 34 5
2 6 1
2 49 7
2 23 2
2 13 -10
2 50 6
3 14 2
3 19 2
3 6 9
3 20 8
3 7 -9
3 22 8
3 26 5
3 46 0
3 44 3
3 21 -10
3 37 4
3 29 -8
3 30 -8
3 17 -1
3 38 -3
3 36 10
3 34 6
3 12 7
3 33 4
3 4 -1
3 25 0
3 28 -5
3 23 -9
4 34 10
4 32 -8
4 16 -2
4 8 -10
4 17 10
4 23 -2
4 30 -8
4 42 -2
4 48 -10
4 7 9
4 45 -6
4 19 10
4 27 1
4 36 0
4 18 -6
4 24 3
4 33 -3
4 21 -5
4 10 -6
4 44 -7
4 13 5
4 25 7
4 12 -6
4 49 -1
5 23 -2
5 10 -6
5 8 -8
5 28 -2
5 37 3
5 27 -5
5 24 1
5 34 3
5 6 -4
5 7 -4
5 32 1
5 43 -2
5 35 1
5 42 -5
5 14 7
5 19 -4
5 26 3
5 15 -3
5 20 -7
5 40 3
5 11 6
5 30 4
6 43 -10
6 23 -7
6 46 1
6 30 -4
6 20 1
6 32 7
6 17 -10
6 49 0
6 10 2
6 40 -3
6 11 5
6 22 10
6 47 -9
6 28 7
6 33 0
6 36 3
6 8 5
6 29 9
6 25 -10
6 50 4
6 39 1
6 14 0
6 18 -3
7 9 6
7 27 -3
7 44 7
7 39 -3
7 33 3
7 48 -7
7 41 5
7 25 0
7 26 8
7 13 2
7 49 3
7 45 0
7 29 1
7 35 -9
7 15 -5
7 47 -10
7 16 0
7 36 6
7 18 -6
7 10 9
7 42 1
7 38 -1
7 34 -7
7 43 -5
8 33 1
8 50 -4
8 36 2
8 22 -7
8 13 -3
8 31 9
8 35 -9
8 20 5
8 10 -5
8 30 10
8 46 1
8 19 7
8 21 -8
8 40 8
8 26 -4
8 18 3
8 15 -5
8 23 -7
8 34 1
8 41 -9
8 39 9
8 45 2
8 37 10
8 12 5
8 14 -6
9 29 -1
9 19 -9
9 35 -6
9 38 7
9 30 7
9 34 5
9 18 10
9 16 8
9 17 -4
9 14 -10
9 43 2
9 10 1
9 31 10
9 15 7
9 24 8
9 40 -1
9 26 -6
9 37 -4
9 50 -10
9 12 -5
9 47 -5
10 49 1
10 16 -10
10 13 1
10 46 0
10 27 -9
10 29 0
10 26 5
10 40 4
10 19 3
10 15 7
10 24 0
10 25 3
10 38 3
10 18 4
10 48 9
10 34 -5
10 37 -2
10 42 -1
11 45 -3
11 30 6
11 40 2
11 17 0
11 36 10
11 18 -6
11 33 -10
11 20 8
11 32 0
11 35 -9
11 15 -7
11 26 1
11 48 3
11 29 -9
11 12 10
11 38 9
12 17 0
12 14 -9
12 49 3
12 41 4
12 38 -10
12 37 7
12 33 -3
12 25 7
12 34 5
12 16 8
12 42 -5
12 24 3
12 44 -10
12 43 -6
12 18 5
12 47 0
12 32 4
12 48 0
12 50 9
13 39 -2
13 23 -9
13 40 9
13 47 6
13 29 -2
13 21 10
13 32 -8
13 20 4
13 33 -7
13 49 7
13 14 -10
13 41 3
13 37 -7
13 19 3
13 15 -5
13 45 3
13 28 4
13 24 0
13 26 8
13 31 -4
13 34 -7
13 43 1
13 50 -8
13 16 6
14 34 -4
14 39 0
14 15 5
14 21 3
14 25 2
14 44 -7
14 37 5
14 38 -6
14 30 6
14 31 -9
14 18 -9
14 24 -8
14 20 2
14 33 -8
14 17 0
14 49 -7
14 42 -5
15 34 8
15 42 3
15 38 -5
15 27 -6
15 40 -5
15 48 2
15 23 7
15 39 6
15 33 7
15 50 -2
15 28 -5
15 32 -10
15 25 -10
15 21 -1
15 43 -1
15 26 8
15 29 -10
15 46 -10
15 16 9
15 47 -10
15 31 10
15 45 -7
15 24 3
15 44 8
15 17 -9
16 45 7
16 27 4
16 29 8
16 21 9
16 43 -1
16 42 -5
16 28 3
16 49 -9
16 37 -5
16 44 4
16 39 1
16 41 -9
16 25 5
16 35 -10
16 22 -1
17 31 3
17 30 3
17 41 -10
17 47 -5
17 21 -9
17 48 10
17 46 -4
17 36 6
17 50 6
17 19 4
17 29 5
17 33 6
17 28 -1
17 42 -4
17 39 1
17 20 10
17 37 9
17 22 -9
17 23 2
17 45 -8
18 35 -9
18 40 -7
18 50 -2
18 48 -9
18 41 -6
18 28 -8
18 30 2
18 32 -10
18 47 6
18 27 -5
18 34 0
18 21 -2
18 42 -2
18 39 -1
18 33 8
19 39 -3
19 48 -9
19 45 10
19 40 7
19 26 -10
19 25 7
19 44 -6
19 21 -2
19 34 2
19 20 7
19 50 4
19 36 -10
19 37 -4
19 22 4
19 29 8
19 41 -3
19 43 -1
20 43 7
20 38 -5
20 26 1
20 31 4
20 32 -6
20 50 10
20 21 -4
20 33 9
20 27 7
20 22 -5
20 42 -10
20 44 -10
20 47 -5
20 39 -8
20 30 0
20 46 -3
20 25 3
21 32 2
21 40 3
21 26 6
21 38 4
21 24 7
21 50 -6
21 45 5
21 42 9
22 38 8
22 48 -10
22 34 10
22 39 1
22 44 -7
22 31 10
22 45 -7
22 43 -5
22 47 -9
22 23 8
22 46 6
22 28 -1
22 35 5
23 49 -2
23 32 -6
23 38 4
23 44 -9
23 50 -3
23 39 -7
23 47 0
23 46 -2
23 33 5
23 35 5
23 30 -5
23 41 5
23 40 1
23 42 -2
23 26 -1
24 44 5
24 40 1
24 30 2
24 31 -2
24 39 7
24 50 -2
24 48 1
24 41 -9
24 29 6
24 49 4
24 32 5
24 35 3
24 47 9
24 38 -3
24 33 4
25 41 6
25 45 -8
25 50 10
25 27 -6
25 33 1
25 26 -2
25 38 8
25 32 -4
25 43 -1
25 42 3
26 45 9
26 35 -3
26 42 8
26 49 7
26 40 -2
26 31 4
26 32 9
26 38 3
26 33 -3
26 43 -8
26 47 3
27 41 -6
27 35 4
27 34 2
27 31 -1
27 47 0
27 37 -2
27 36 1
27 33 -9
27 29 -3
28 30 -10
28 34 -2
28 41 -4
28 49 1
28 39 -1
28 42 10
28 44 -1
28 33 -8
28 38 9
28 50 -2
28 32 5
28 40 -3
28 35 0
29 35 -7
29 48 1
29 33 0
29 49 -4
29 47 10
29 41 6
29 32 7
29 43 -8
29 38 5
29 42 -8
30 36 -6
30 45 -7
30 44 -8
30 34 -6
30 50 -4
30 35 -4
30 39 -4
30 32 -4
30 37 1
30 31 2
31 46 -7
31 33 -10
31 43 -4
31 35 -8
31 37 -5
31 48 -4
31 40 -10
32 42 -5
32 50 -6
32 37 -8
32 41 8
32 46 5
32 38 9
32 39 7
32 43 -5
32 44 1
33 41 4
33 40 9
33 50 6
33 49 9
33 38 -5
33 42 -8
33 48 -3
33 34 5
33 39 -6
33 46 9
34 35 -5
34 40 9
34 48 -9
34 46 6
34 42 8
34 44 1
34 41 -5
35 37 0
35 46 -3
35 45 -3
35 47 -3
35 48 -2
36 43 -1
36 41 0
36 38 -10
36 50 -1
36 39 1
36 47 -3
36 42 4
37 38 -3
37 39 2
37 41 -6
37 50 -8
37 46 3
37 45 -6
38 40 -7
38 44 0
38 48 -1
38 42 -9
38 50 10
38 41 2
39 43 10
39 42 -7
39 47 9
39 48 -4
40 49 -6
40 46 10
40 41 0
40 43 6
41 47 -2
41 48 2
41 46 -2
42 44 -1
42 49 10
42 45 4
42 46 -10
42 43 -8
42 47 4
43 45 -6
44 49 -5
44 47 9
44 50 -6
45 48 3
45 50 8
45 46 1
45 49 9
46 49 -3
47 49 -5
47 50 -9
48 49 -5
48 50 6
49 50 2
