50 613 
1 37 -5
1 32 4
1 40 5
1 26 10
1 31 -10
1 20 1
1 47 0
1 9 0
1 34 -5
1 23 -8
1 6 8
1 14 6
1 36 2
1 21 1
1 11 -10
1 5 0
1 8 -9
1 24 6
1 41 5
1 25 -6
1 43 4
1 3 5
1 29 1
1 15 -9
1 35 -1
1 44 -8
1 38 -9
2 28 3
2 29 -2
2 33 -1
2 41 10
2 50 -10
2 47 4
2 32 -4
2 7 2
2 23 -2
2 38 -1
2 4 -1
2 31 6
2 30 -4
2 45 6
2 19 2
2 42 -7
2 34 8
2 44 -1
2 8 1
2 20 -3
2 13 8
2 24 10
2 14 -9
2 22 3
2 37 3
2 3 -7
3 27 4
3 49 7
3 35 -8
3 21 -10
3 26 -6
3 28 -4
3 9 -7
3 22 -3
3 16 0
3 19 5
3 38 -5
3 4 1
3 11 -5
3 41 -2
3 8 4
3 37 2
3 46 5
3 6 -1
3 39 -2
3 7 -9
3 29 -3
3 17 9
3 40 6
3 30 -6
4 13 6
4 24 -3
4 22 -5
4 33 4
4 18 1
4 11 4
4 42 8
4 26 -6
4 23 -10
4 9 6
4 6 -10
4 28 4
4 14 5
4 25 0
4 46 -10
4 32 -9
4 17 -2
4 21 -7
4 43 4
4 37 7
5 17 0
5 45 -4
5 6 -10
5 39 3
5 25 8
5 48 7
5 23 -6
5 16 -1
5 33 1
5 49 -9
5 47 1
5 29 -5
5 31 -10
5 44 -8
5 41 1
5 50 -4
5 46 -10
5 32 5
5 8 3
5 28 -4
5 27 -9
6 39 -3
6 38 -7
6 40 9
6 8 -9
6 30 -10
6 43 -8
6 16 -7
6 19 3
6 15 -5
6 42 0
6 14 -7
6 24 -4
6 36 -3
6 33 -4
6 47 -3
6 45 7
6 10 -10
6 34 2
6 12 -10
6 17 -2
6 18 1
6 41 5
6 7 -4
7 8 6
7 27 -10
7 10 0
7 29 -1
7 43 -3
7 47 6
7 11 2
7 44 4
7 24 9
7 14 -5
7 33 2
7 16 -6
7 45 5
7 15 1
7 39 9
7 9 -1
7 30 1
7 23 -5
8 12 -6
8 35 3
8 29 -2
8 31 -1
8 33 2
8 36 0
8 24 8
8 30 -10
8 26 3
8 32 6
8 17 -3
8 11 -7
8 34 9
8 43 -2
8 40 8
8 44 10
8 13 -2
8 45 1
8 49 10
8 9 7
8 10 1
8 22 -9
8 16 -7
8 20 7
8 48 -8
8 28 2
9 48 7
9 41 1
9 22 1
9 21 1
9 10 -5
9 36 1
9 40 4
9 17 -3
9 46 -2
9 45 0
9 24 -2
9 25 6
9 49 0
9 50 -6
9 44 1
9 13 3
9 32 -7
9 18 -4
9 29 5
9 43 2
10 43 -8
10 41 6
10 42 -7
10 40 5
10 17 1
10 23 6
10 11 9
10 13 -4
10 14 6
10 22 -9
10 12 -3
10 38 -7
10 50 -7
10 24 -5
10 46 -8
10 25 4
10 39 -1
10 20 7
11 33 6
11 32 2
11 13 0
11 26 -10
11 16 0
11 44 -2
11 50 -2
11 35 3
11 30 -5
11 23 10
11 38 -1
11 45 -6
11 12 -3
11 47 -10
11 15 -1
11 24 0
11 31 5
11 22 -6
11 18 -4
12 30 4
12 40 -2
12 35 -4
12 41 2
12 46 9
12 29 -10
12 43 8
12 39 6
12 14 -10
12 19 9
12 37 2
12 42 4
12 45 8
12 18 -2
12 15 -10
12 38 -2
12 27 -3
12 31 7
13 27 -5
13 23 -2
13 41 5
13 21 8
13 33 5
13 31 -3
13 19 8
13 20 -5
13 43 -9
13 39 -9
13 36 8
13 22 -3
13 44 3
13 45 7
13 50 -9
13 32 -10
14 28 -1
14 29 -9
14 36 9
14 37 -9
14 18 8
14 23 -6
14 21 -5
14 38 -5
14 43 1
14 44 3
14 16 -1
14 49 -1
14 46 -9
14 33 -3
14 32 9
15 38 -7
15 18 6
15 34 -10
15 21 7
15 47 9
15 41 -7
15 36 -9
15 40 -7
15 33 4
15 28 -8
15 50 6
15 32 10
15 29 1
15 49 3
15 22 9
15 27 -3
15 24 -5
16 42 8
16 35 -8
16 48 7
16 49 3
16 20 -2
16 31 10
16 26 -1
16 27 10
16 19 6
16 21 0
16 37 -10
16 38 -2
16 40 -5
16 28 3
16 44 -3
16 18 3
17 31 2
17 41 -7
17 42 -7
17 23 -1
17 27 -7
17 43 -6
17 35 -4
17 44 9
17 30 3
17 49 -4
17 18 9
17 36 -1
17 45 -3
17 50 9
17 19 -3
17 37 5
18 45 -3
18 19 4
18 30 6
18 35 8
18 31 5
18 33 3
18 40 5
18 21 1
18 41 10
18 34 -3
18 26 2
18 48 -5
18 36 -3
18 22 10
18 49 7
18 24 1
18 20 1
18 29 3
18 28 -5
19 44 1
19 47 8
19 33 -3
19 25 9
19 21 9
19 41 -4
19 42 8
19 28 6
19 50 -4
19 34 5
19 27 -4
19 40 -1
19 20 -5
19 35 -7
19 32 2
19 48 -3
19 30 9
20 31 5
20 50 -4
20 49 10
20 21 2
20 26 -3
20 47 -3
20 38 -4
20 46 -8
20 25 7
20 40 9
20 37 -6
20 22 -6
20 43 3
20 36 5
20 34 4
20 32 4
20 24 8
20 29 -1
20 41 -1
21 28 -3
21 40 5
21 24 -1
21 36 -10
21 27 9
21 34 4
21 48 9
21 38 3
21 33 -2
21 41 1
21 25 -8
21 31 -9
22 44 -5
22 33 -2
22 36 -2
22 47 7
22 39 -1
22 48 6
22 31 -6
22 42 6
22 30 6
22 23 -7
22 25 -10
22 34 -4
22 24 -10
22 41 10
22 28 -3
23 42 10
23 32 7
23 36 10
23 44 7
23 25 -10
23 29 2
23 33 9
23 28 2
23 41 -4
23 45 -6
23 31 2
24 28 -1
24 46 5
24 39 -8
24 40 8
24 29 -7
24 38 8
24 49 -6
24 34 -1
24 36 5
24 43 -1
24 25 3
24 30 5
24 35 1
24 50 5
24 48 3
25 27 3
25 40 -5
25 37 8
25 31 0
25 34 6
25 46 5
25 45 10
25 26 -7
25 41 1
25 39 10
25 33 3
26 44 -9
26 47 1
26 28 2
26 30 5
26 29 3
26 46 2
26 49 0
26 36 8
26 45 -10
26 50 -8
26 33 -5
26 32 10
27 44 -5
27 31 9
27 29 -6
27 32 0
27 42 -5
27 46 4
27 38 -4
27 45 -9
27 41 3
27 43 0
27 33 4
27 37 8
27 28 0
27 35 2
27 47 0
27 39 1
28 35 6
28 45 9
28 43 -1
28 36 4
28 29 6
28 32 -6
28 33 3
28 50 9
28 38 5
28 48 -7
28 30 -6
28 42 8
28 34 -5
29 33 -4
29 34 10
29 36 5
29 49 -1
29 47 0
29 41 -10
29 40 10
29 42 3
29 31 -7
29 48 1
29 46 -7
30 39 -4
30 33 -5
30 35 -5
30 36 -1
30 38 4
30 40 -9
30 31 -5
30 48 -2
30 46 5
31 32 4
31 43 -5
31 45 6
31 42 2
31 48 -3
31 49 6
31 37 9
31 47 -6
31 44 8
32 34 10
32 44 3
32 46 -5
32 37 4
32 42 -1
32 49 -8
32 48 -5
32 41 7
32 39 -2
33 36 5
33 44 8
33 38 3
33 37 0
33 34 -3
33 40 10
33 43 9
33 45 3
34 36 -3
34 42 3
34 49 9
34 38 2
34 35 7
34 44 -7
34 39 -7
34 45 6
34 50 -5
34 48 5
35 43 -8
35 44 1
35 36 -2
35 47 7
35 45 9
35 42 4
35 49 6
36 49 1
36 40 5
36 46 0
36 42 1
36 38 -3
36 37 5
36 47 -3
36 44 10
37 46 -9
37 50 9
37 45 -1
37 41 -10
37 47 -10
37 44 -9
38 50 -6
38 39 -10
38 49 4
38 42 10
38 46 -4
39 43 -7
39 50 4
39 41 -8
39 46 -2
39 45 10
39 48 5
39 47 7
39 42 4
40 48 6
40 44 9
40 49 1
40 46 -8
41 43 7
41 45 -8
41 50 -1
41 49 -9
41 46 5
41 47 4
42 46 -4
42 49 4
42 48 2
43 46 6
43 44 4
45 47 -6
45 48 -6
45 50 -9
46 48 -4
47 48 6
47 49 -10
48 50 5
49 50 -9
