50 613 
1 30 -7
1 16 1
1 4 -6
1 5 -9
1 21 -5
1 32 -8
1 31 4
1 39 0
1 35 7
1 12 -4
1 47 -8
1 23 -3
1 3 -9
1 13 0
1 22 1
1 20 -7
1 28 -1
1 37 -1
1 17 -10
1 46 -5
1 25 2
1 38 -9
1 9 -2
1 33 9
1 10 -8
2 48 0
2 29 -5
2 41 -1
2 8 4
2 44 10
2 32 -6
2 5 -8
2 26 8
2 38 -6
2 20 0
2 10 1
2 9 8
2 12 -6
2 46 -1
2 18 -9
2 11 -9
2 40 5
2 6 -8
2 49 8
2 13 -3
2 45 8
3 31 7
3 4 1
3 39 5
3 26 2
3 27 -2
3 11 -5
3 48 -3
3 42 -2
3 35 -5
3 19 -1
3 23 5
3 29 -8
3 22 -2
3 7 8
3 14 -5
3 5 -1
3 12 3
3 18 2
3 44 -4
3 16 4
3 8 -9
3 9 -4
3 25 10
3 43 2
3 41 9
3 32 6
3 45 5
3 33 -5
3 38 1
3 47 5
4 21 3
4 18 5
4 7 7
4 37 7
4 26 9
4 44 -8
4 25 4
4 41 -2
4 31 10
4 47 -5
4 6 10
4 30 -3
4 24 -8
4 32 -1
4 39 -4
4 11 8
4 22 3
4 27 10
4 36 -5
5 13 6
5 17 5
5 38 6
5 8 7
5 43 8
5 27 -1
5 47 6
5 20 -6
5 45 -4
5 11 2
5 40 -7
5 31 6
5 42 -2
5 39 -8
5 48 8
5 41 -6
5 18 -7
5 12 3
5 46 8
5 44 -5
5 19 6
5 50 -1
5 33 -8
6 7 8
6 43 -4
6 47 3
6 25 3
6 39 6
6 21 6
6 20 -3
6 50 -5
6 30 -4
6 27 4
6 15 1
6 17 -10
6 28 5
6 11 8
6 18 8
6 33 -2
6 48 -5
6 37 2
6 19 0
6 35 3
6 45 5
6 10 2
6 16 -8
6 42 1
6 29 5
6 13 -10
7 11 -9
7 48 1
7 20 3
7 9 -6
7 49 -3
7 32 6
7 23 2
7 13 -9
7 18 5
7 47 1
7 41 -10
7 42 8
7 21 8
7 27 -1
7 19 2
7 40 -3
7 45 5
7 25 -7
8 31 6
8 35 -2
8 43 5
8 47 10
8 38 0
8 20 8
8 49 4
8 18 1
8 23 5
8 40 -6
8 19 6
8 50 -2
8 29 9
8 27 -3
8 36 -1
8 37 9
8 9 9
8 42 -8
8 15 -1
8 44 -10
8 34 -5
8 39 -1
8 30 -5
8 25 0
8 48 -5
8 24 -5
8 28 -7
8 32 -3
9 34 6
9 46 8
9 32 -6
9 26 7
9 25 -9
9 28 -5
9 41 -3
9 24 2
9 19 0
9 11 -4
9 29 -4
9 35 10
9 15 8
9 31 -5
9 13 9
9 30 -4
9 39 1
10 27 -6
10 19 8
10 50 -3
10 49 3
10 25 3
10 36 -5
10 43 9
10 32 9
10 15 5
10 24 -1
10 17 9
10 46 1
10 16 7
10 44 -2
10 23 -8
10 37 0
10 21 1
10 29 2
10 20 -9
10 13 6
10 38 -2
10 35 -6
11 18 -4
11 40 5
11 48 6
11 38 6
11 32 -3
11 33 3
11 43 9
11 14 3
11 44 -9
11 37 6
11 50 -4
11 23 -7
11 29 5
11 13 -9
11 45 -10
11 46 2
11 20 -2
11 36 0
11 30 -5
11 16 -9
11 28 6
12 40 1
12 44 0
12 50 -6
12 47 5
12 26 5
12 21 6
12 24 -5
12 27 4
12 20 2
12 23 1
12 30 0
12 43 -6
12 19 6
13 34 10
13 47 -1
13 29 3
13 31 -4
13 24 -5
13 33 6
13 16 0
13 26 0
13 35 -9
13 46 6
13 14 -4
13 45 3
13 49 1
13 20 1
13 15 -6
13 30 -6
13 36 2
14 17 1
14 20 -9
14 16 -4
14 47 -8
14 43 -9
14 48 1
14 31 2
14 28 2
14 18 -3
14 44 -3
14 36 2
14 24 -1
14 22 4
14 42 6
14 26 -8
14 34 -9
14 19 5
14 25 6
14 27 -4
15 41 10
15 45 4
15 40 -4
15 26 -3
15 16 -10
15 48 1
15 46 5
15 24 -6
15 21 -8
15 18 -3
15 28 -6
15 39 -4
15 44 -6
15 31 -10
15 20 -4
15 36 -1
15 17 -6
15 23 0
15 33 -10
15 22 -4
15 29 -6
15 49 -8
16 27 -2
16 39 5
16 40 5
16 41 5
16 36 -6
16 37 -10
16 42 -7
16 28 -3
16 30 3
16 26 5
16 22 9
16 21 -6
16 48 9
17 43 -8
17 34 4
17 46 8
17 26 3
17 35 1
17 36 9
17 18 1
17 39 10
17 38 9
17 24 -2
17 21 -3
17 44 -3
17 47 -4
17 23 5
17 33 -3
17 32 -4
17 40 -6
18 49 10
18 37 10
18 31 -8
18 50 9
18 30 5
18 22 -8
18 27 -2
18 19 2
18 38 10
18 46 -6
19 37 4
19 44 4
19 48 -7
19 30 -8
19 26 5
19 28 4
19 50 -9
19 36 -10
19 41 -3
19 34 -5
19 33 10
19 40 1
19 29 7
19 32 8
19 20 6
19 45 7
19 22 -4
20 40 -7
20 45 -9
20 32 -6
20 30 -9
20 48 1
20 41 2
20 29 3
20 42 -5
20 26 9
20 34 -10
20 39 -2
20 27 -8
21 29 -5
21 32 -6
21 27 2
21 46 8
21 24 10
21 35 -3
21 34 -3
21 38 7
21 47 -6
21 36 10
21 37 1
21 42 10
21 26 -4
21 30 6
21 50 0
21 44 5
22 45 3
22 28 0
22 36 -10
22 37 0
22 27 -10
22 29 -6
22 39 1
22 49 -10
22 46 -1
22 23 4
22 38 -9
22 31 6
22 40 -9
22 25 -4
22 47 3
22 44 -8
22 32 -6
23 38 0
23 43 7
23 42 -3
23 37 1
23 33 2
23 45 9
23 34 2
23 31 -1
23 24 2
23 50 -8
23 36 -1
23 28 5
23 27 9
23 29 8
24 25 2
24 50 3
24 41 8
24 42 -10
24 36 10
24 34 -3
24 29 -10
24 37 -7
24 38 -9
24 26 -7
24 31 4
24 45 -10
24 43 -10
24 32 -1
25 32 7
25 41 10
25 39 -6
25 48 10
25 34 2
25 28 0
25 47 -8
25 45 1
25 43 -2
25 37 -3
25 49 -7
25 36 -1
26 44 6
26 31 -3
26 36 -9
26 50 6
26 40 -2
26 46 -9
26 29 -4
26 30 -7
26 45 9
26 34 8
26 41 -9
26 27 9
26 48 1
26 28 10
27 35 -8
27 39 -10
27 41 -9
27 38 0
27 31 -6
27 30 -3
27 29 -8
27 37 -2
27 44 2
27 45 -7
27 34 -5
27 49 -5
27 48 10
28 30 1
28 48 -5
28 34 -9
28 47 -5
28 37 8
28 46 5
28 43 -3
28 32 9
28 35 1
28 44 -10
29 40 2
29 34 8
29 32 6
29 41 -10
29 37 -6
29 50 1
29 49 -1
29 48 -9
29 30 -5
29 46 3
29 38 1
29 35 -10
29 44 -1
30 42 -8
30 37 -7
30 34 -7
30 39 1
30 49 8
30 46 -8
30 47 -4
31 45 3
31 36 1
31 47 2
31 42 -7
31 38 0
31 50 -4
31 32 -10
31 49 -10
31 48 7
31 41 -10
32 44 0
32 38 -10
32 33 10
32 46 -3
32 50 -9
32 49 2
32 48 6
32 41 1
32 35 -5
33 37 -4
33 49 3
33 42 2
33 35 6
33 40 -7
33 46 1
34 42 -5
34 41 9
34 50 9
34 38 7
34 43 3
34 40 -5
34 46 -5
35 41 0
35 42 5
35 50 -5
35 37 -9
35 38 1
35 48 2
35 47 -1
35 43 -4
35 45 -9
36 39 8
36 40 3
36 47 -7
36 48 -7
37 49 0
37 39 3
37 38 -6
37 47 -10
37 44 10
37 40 -8
37 50 3
37 42 5
38 40 -5
38 44 2
38 45 -6
38 50 -1
38 41 7
39 42 6
39 43 1
39 49 -1
39 41 -4
39 50 4
40 42 -10
40 49 2
40 47 2
40 43 -1
40 44 -8
41 50 2
41 48 -9
41 49 -2
42 45 -5
42 47 -8
42 44 -4
42 43 -7
43 45 -10
43 47 -7
43 44 8
43 49 5
44 48 1
44 45 -6
44 49 6
44 47 0
44 50 -9
44 46 3
45 48 -6
45 47 4
45 46 -2
46 50 4
46 48 -3
47 48 8
48 50 5
49 50 -1
