50 613 
1 33 -4
1 49 8
1 3 2
1 34 -7
1 15 -8
1 12 6
1 22 -1
1 32 -2
1 31 -8
1 50 -1
1 4 -8
1 13 2
1 6 -4
1 5 0
1 7 -4
1 9 -8
1 39 10
1 24 10
1 26 9
1 11 -10
1 38 4
1 28 4
1 48 -1
1 16 -8
2 47 -3
2 37 10
2 20 8
2 40 -7
2 35 -10
2 23 3
2 49 -8
2 45 0
2 42 0
2 7 -9
2 25 0
2 4 9
2 46 7
2 27 -3
2 34 -4
2 19 2
2 6 -3
2 18 9
2 22 3
3 31 -2
3 13 -1
3 21 -1
3 46 -6
3 33 -8
3 26 -8
3 42 -10
3 39 10
3 11 6
3 5 -10
3 24 -10
3 27 4
3 50 -6
3 47 -10
3 43 4
3 40 -8
3 35 1
3 29 7
3 6 -9
4 25 -6
4 9 0
4 43 8
4 34 6
4 7 6
4 50 -3
4 33 2
4 18 -4
4 48 3
4 47 -9
4 11 -7
4 38 8
4 24 -10
4 32 5
4 42 -1
4 16 -5
4 29 -9
4 13 -6
4 6 8
4 14 9
4 19 -9
4 30 4
4 44 -9
5 7 0
5 43 -6
5 8 5
5 22 2
5 48 -1
5 29 7
5 26 -9
5 39 9
5 45 -10
5 28 0
5 6 -10
5 11 9
5 9 -9
5 14 -8
5 33 10
5 24 -5
5 21 -6
5 31 -7
5 37 -5
5 42 -6
5 38 10
5 36 -8
5 16 -3
5 32 4
6 27 5
6 48 -8
6 19 0
6 21 7
6 13 1
6 26 6
6 7 -6
6 29 -7
6 11 -6
6 17 4
6 30 -9
6 50 -1
6 22 0
6 18 -8
6 34 5
6 12 2
7 13 3
7 23 9
7 35 -10
7 21 2
7 9 -3
7 48 -3
7 25 2
7 8 4
7 27 10
7 28 -8
7 38 1
7 10 10
7 15 2
7 31 6
7 26 3
7 44 9
7 14 -8
7 17 7
7 24 9
8 29 -3
8 15 -2
8 27 -3
8 30 10
8 47 7
8 26 -8
8 9 -7
8 14 -7
8 43 -4
8 37 6
8 39 -2
8 13 10
8 41 4
8 17 -8
8 23 -8
8 49 -3
8 18 10
8 19 0
8 40 9
8 36 -1
8 21 8
8 16 -8
8 38 9
9 28 2
9 17 -6
9 48 1
9 27 -3
9 39 10
9 47 -4
9 30 -1
9 26 10
9 20 5
9 43 10
9 49 10
9 45 7
9 33 10
9 15 -6
9 13 9
9 38 -4
9 42 6
9 21 4
9 25 2
9 35 -8
9 36 3
9 22 8
9 44 -10
9 34 4
10 11 -3
10 50 -1
10 27 -3
10 43 8
10 29 -4
10 32 -10
10 16 -3
10 23 -6
10 36 7
10 42 3
10 12 -7
10 24 9
10 25 3
10 20 -1
11 34 -8
11 17 5
11 13 9
11 43 4
11 22 6
11 46 0
11 28 -9
11 31 -6
11 47 -6
11 39 8
11 38 5
11 21 -5
11 40 -1
11 42 8
11 29 0
11 16 -10
12 48 -3
12 40 -4
12 21 -3
12 34 1
12 26 7
12 37 1
12 19 -2
12 23 -10
12 45 -3
12 44 -10
12 38 8
12 46 -7
12 30 8
12 25 3
12 42 -6
12 29 4
13 20 -6
13 21 7
13 34 10
13 46 3
13 40 2
13 36 4
13 48 0
13 24 -6
13 35 2
13 49 -4
13 22 8
13 30 -10
13 17 3
13 18 -1
13 33 -10
13 38 1
13 23 5
13 45 5
13 50 -8
13 44 9
13 31 -9
13 19 -1
13 47 -8
13 27 -5
13 16 -8
13 29 10
13 42 5
14 49 10
14 33 3
14 32 10
14 40 -2
14 46 9
14 35 -6
14 31 -9
14 21 4
14 22 -1
14 30 -3
14 27 3
14 15 1
14 47 -5
14 19 -4
14 45 3
14 18 0
14 24 10
14 34 2
14 38 -2
14 41 7
14 39 9
15 27 3
15 40 -4
15 35 -7
15 19 -3
15 50 0
15 21 -8
15 48 6
15 32 -6
15 41 5
15 17 0
15 47 1
15 31 2
15 22 9
15 37 8
15 28 0
15 42 -6
15 23 -8
15 43 7
15 33 -7
16 23 10
16 33 -9
16 40 -10
16 43 -6
16 26 -1
16 46 -2
16 28 4
16 41 -8
16 35 1
16 25 -7
16 32 -8
16 20 -10
16 22 -8
16 48 -6
16 44 2
16 34 -6
16 24 -10
16 38 8
16 36 5
17 42 5
17 29 0
17 43 -6
17 28 -9
17 45 8
17 50 4
17 18 7
17 22 4
17 31 7
17 24 9
17 20 -1
17 39 3
17 25 6
17 23 -7
17 40 9
17 49 6
17 44 6
17 37 8
18 43 -8
18 32 -10
18 34 -2
18 47 5
18 20 7
18 45 6
18 21 3
18 40 7
18 46 10
18 22 6
18 30 -9
18 23 -5
18 48 9
18 49 10
18 28 -1
18 38 -2
18 39 -4
18 29 8
18 36 -6
18 42 -1
18 37 0
19 27 -9
19 25 -5
19 36 8
19 41 -6
19 45 -5
19 20 -9
19 37 8
19 43 -2
19 38 -8
19 33 2
19 30 9
19 24 1
19 35 8
20 50 3
20 23 6
20 30 -9
20 46 3
20 31 6
20 48 5
20 34 3
20 37 -4
20 35 6
20 40 -4
20 33 7
20 36 -1
20 39 -4
20 32 -8
20 21 -8
20 22 -6
20 44 1
20 42 -8
21 36 3
21 46 -1
21 22 -1
21 26 -1
21 49 3
21 41 0
21 44 8
21 37 -6
21 43 -1
21 42 -10
21 32 -10
21 31 -1
21 25 -6
21 34 -7
21 40 -6
21 29 3
21 23 10
22 37 0
22 33 3
22 36 -3
22 47 3
22 30 4
22 49 5
22 26 9
22 45 -5
22 28 -1
22 40 1
22 41 4
22 29 0
22 23 -10
22 44 10
23 38 3
23 31 -3
23 29 5
23 35 9
23 34 1
23 40 2
23 33 9
24 35 -9
24 46 -4
24 43 -10
24 30 -9
24 49 8
24 39 10
24 48 -3
24 26 3
24 29 3
24 47 8
24 40 -10
24 44 -8
24 28 -1
25 26 4
25 36 -9
25 44 -8
25 33 -10
25 49 5
25 28 -4
25 27 9
25 38 8
25 40 -3
25 50 -10
25 42 9
25 48 -6
26 45 1
26 32 3
26 40 3
26 41 -1
26 33 -6
26 31 -8
26 29 -1
26 28 4
26 49 10
26 34 -1
26 46 -4
26 38 4
27 36 -1
27 35 -5
27 46 -1
27 32 -6
27 42 9
27 38 -7
27 43 1
27 45 4
27 34 -4
27 30 0
27 47 10
27 31 -8
27 48 -10
28 50 -2
28 31 0
28 38 -10
28 40 -8
28 34 -7
28 29 8
28 48 10
28 33 -8
28 44 -9
28 39 -1
28 41 6
28 47 -6
29 35 -1
29 40 0
29 30 -2
29 31 -10
29 34 9
29 41 -1
29 49 -1
29 44 9
29 37 -4
29 33 4
29 43 5
29 38 -7
29 50 9
29 36 6
30 47 -10
30 46 5
30 40 10
30 49 5
30 45 7
30 44 -5
30 50 -10
30 37 4
30 31 -8
30 35 8
30 41 4
30 36 -5
31 34 2
31 48 -10
31 42 -4
31 35 -8
31 47 -5
31 36 -7
31 44 9
31 41 -3
31 45 -10
32 36 -7
32 46 -8
32 42 -8
32 49 -3
32 37 -2
32 38 -9
32 34 0
32 44 5
32 39 0
33 37 5
33 42 6
33 48 -8
33 34 -5
33 40 6
33 46 1
33 45 0
33 35 1
34 45 -10
34 36 4
34 41 -6
34 50 -8
34 49 -9
34 47 -7
35 41 3
35 36 10
35 49 -10
35 44 3
35 46 -4
35 37 8
35 42 7
35 38 5
35 47 9
35 43 -5
35 40 -6
36 48 2
36 43 3
36 41 4
36 50 -9
36 38 -5
36 46 4
37 44 -9
37 43 9
37 42 3
37 40 0
37 47 3
37 38 -1
37 49 -3
38 42 0
38 39 10
38 40 1
38 48 9
38 46 5
38 49 -1
38 41 10
38 50 -10
38 44 -3
39 42 6
39 44 4
39 46 1
39 49 -8
39 45 -2
39 41 6
40 45 4
40 48 4
40 46 10
40 47 8
41 44 0
42 49 -2
42 44 -9
42 48 7
42 43 -5
42 46 3
42 50 -3
43 50 4
43 48 -1
43 46 1
44 48 -6
45 47 0
45 48 3
46 50 3
46 48 1
46 49 4
47 50 0
48 49 0
49 50 9
