50 613 
1 43 5
1 4 10
1 50 -6
1 39 6
1 22 10
1 24 -2
1 3 -9
1 34 4
1 26 4
1 40 8
1 21 -7
1 14 -2
1 27 5
1 35 6
1 44 -2
1 15 -8
1 10 -1
1 37 2
1 16 2
1 17 0
1 18 4
1 19 -8
1 49 2
1 13 3
1 48 6
2 33 -7
2 26 -7
2 50 -3
2 4 4
2 42 5
2 43 -4
2 32 -7
2 39 4
2 30 -6
2 3 10
2 41 -5
2 36 -8
2 23 -5
2 18 -8
2 34 2
2 47 8
2 44 6
2 11 0
2 28 6
2 20 -8
2 27 -9
2 25 -8
2 12 7
2 37 3
2 13 4
2 16 -8
2 7 -4
2 45 10
2 38 -3
3 26 4
3 48 -8
3 25 -10
3 19 4
3 22 -5
3 47 -3
3 40 -1
3 50 2
3 28 -5
3 29 10
3 12 8
3 35 10
3 16 -8
3 9 -10
3 21 4
3 31 10
3 5 -6
3 38 -3
4 26 10
4 31 -2
4 32 -3
4 43 -3
4 30 -3
4 11 2
4 6 -5
4 10 5
4 14 -9
4 24 1
4 7 3
4 47 5
4 8 10
4 21 2
4 49 -1
4 34 7
4 36 -8
4 48 -6
4 46 -4
4 28 5
4 44 -6
4 27 -1
4 25 -10
4 15 -8
4 19 3
4 12 -6
4 20 -7
4 37 -3
4 40 6
5 35 -10
5 46 0
5 9 -7
5 40 -6
5 24 3
5 10 5
5 16 10
5 47 6
5 13 2
5 29 2
5 50 4
5 14 -1
5 22 -8
5 34 -7
5 19 4
5 27 2
5 37 9
5 48 -7
5 18 -1
5 12 -10
5 41 -7
6 19 5
6 40 -9
6 14 6
6 28 -7
6 50 -8
6 16 -6
6 35 -4
6 20 -4
6 7 4
6 26 1
6 43 6
6 41 -8
6 24 1
6 12 -3
6 44 -5
6 45 -7
6 33 -6
6 9 8
6 48 -10
6 34 -1
6 37 7
6 25 1
6 42 -9
6 38 -9
6 23 -4
7 23 5
7 25 -4
7 14 -7
7 18 -3
7 45 6
7 21 -6
7 16 -7
7 44 6
7 17 9
7 26 9
7 12 -7
7 50 -6
7 40 7
7 22 -2
7 36 0
7 33 3
7 39 -6
7 31 -1
7 35 -7
7 13 10
7 24 -2
7 20 8
7 29 -7
8 22 -3
8 46 -7
8 29 -9
8 30 -10
8 35 -3
8 40 -9
8 20 -5
8 42 -8
8 37 -10
8 50 -2
8 48 -7
8 25 -6
8 15 -1
8 13 -5
8 36 8
8 28 10
8 21 -4
8 26 -10
8 14 -7
8 17 1
9 35 7
9 13 -7
9 49 -3
9 15 -8
9 48 -3
9 43 1
9 12 8
9 37 -5
9 14 -8
9 41 10
9 40 9
9 38 5
9 33 -7
9 32 -2
9 46 -10
9 30 -10
9 18 8
10 25 -7
10 19 -1
10 33 5
10 41 -5
10 49 8
10 38 -9
10 32 -10
10 50 1
10 12 -6
10 46 9
10 48 -6
10 36 1
10 26 -5
10 44 -6
10 24 1
10 23 2
10 45 2
10 34 -9
10 47 3
10 14 -9
10 39 -5
10 35 5
10 15 3
11 21 10
11 35 0
11 48 5
11 23 9
11 33 -9
11 26 -9
11 42 3
11 38 3
11 39 -3
11 44 1
11 27 -5
11 37 -1
11 40 -4
11 16 -4
11 36 10
11 19 1
11 47 7
11 49 -2
11 43 -6
11 31 7
12 41 -8
12 46 7
12 38 -4
12 37 7
12 47 -6
12 21 6
12 20 -2
12 35 -8
12 31 -1
12 40 -8
12 18 4
12 19 9
12 50 9
12 36 -1
12 42 7
12 32 10
13 19 5
13 36 10
13 35 4
13 20 -2
13 17 -3
13 33 10
13 31 9
13 46 3
13 43 -2
13 24 -4
13 15 -9
13 41 2
13 39 -10
13 32 -3
13 45 -7
13 30 -6
13 23 3
13 16 8
13 21 -2
13 40 -3
14 37 4
14 49 10
14 34 10
14 18 8
14 17 4
14 23 2
14 27 4
14 35 9
14 19 7
14 39 -3
14 45 1
14 46 3
14 36 10
14 38 -10
14 15 0
14 16 -10
14 31 2
14 33 5
14 22 0
14 21 8
14 44 5
15 49 8
15 17 -5
15 21 3
15 46 7
15 42 8
15 19 -9
15 26 -6
15 24 0
15 20 -9
15 18 10
15 47 1
15 50 5
15 16 9
15 33 -10
15 40 6
16 38 -3
16 41 -9
16 36 -9
16 18 9
16 17 7
16 47 0
16 45 -3
16 39 -4
16 27 6
16 22 5
16 24 8
16 50 9
16 42 4
16 30 0
16 37 5
16 23 -4
16 46 -9
16 31 5
16 28 5
16 35 -6
17 42 -5
17 20 -8
17 49 -2
17 38 -7
17 27 9
17 32 10
17 28 -9
17 31 10
17 37 -2
17 25 0
17 41 1
17 39 -8
17 48 3
17 33 -3
17 22 7
18 33 -8
18 49 6
18 21 6
18 23 2
18 31 -1
18 38 9
18 22 4
18 48 3
18 50 2
18 19 7
18 25 8
18 39 2
18 35 3
18 20 4
19 48 5
19 25 8
19 42 8
19 41 10
19 34 -7
19 49 -8
19 45 8
19 30 -2
19 28 -5
19 47 -6
19 29 0
20 49 -9
20 37 7
20 50 -9
20 33 4
20 39 2
20 27 -6
20 34 9
20 32 2
20 45 -10
20 28 -3
20 47 3
20 48 8
20 44 9
20 30 -10
20 43 -4
21 36 7
21 40 10
21 35 -8
21 30 2
21 31 -9
21 34 10
21 33 -4
21 37 -3
21 38 1
21 27 5
21 42 2
21 50 -5
21 41 -6
22 37 -5
22 29 4
22 44 -8
22 39 -8
22 43 0
22 36 -2
22 33 6
22 26 -6
22 46 9
22 28 7
22 35 9
22 34 -1
22 40 -5
22 50 -2
23 46 2
23 37 10
23 30 -8
23 40 6
23 29 5
23 47 10
23 41 8
23 38 -9
23 34 10
23 28 -1
23 26 -6
24 27 -5
24 41 -8
24 35 4
24 38 -4
24 43 9
24 46 -9
24 30 -3
24 45 1
24 44 0
24 26 1
25 38 -5
25 50 -8
25 33 1
25 26 -5
25 40 -6
25 39 -8
25 30 8
25 43 0
25 34 -9
25 35 -3
25 29 8
26 37 9
26 28 8
26 35 5
26 44 -1
26 27 1
26 49 10
26 33 -8
26 29 -5
26 43 3
26 39 -3
26 42 6
26 32 1
26 47 -7
26 31 6
26 40 -3
27 31 -8
27 37 5
27 43 7
27 46 9
27 50 -1
27 33 -1
27 47 9
27 40 6
27 30 5
27 45 -7
27 42 -6
28 30 2
28 49 9
28 37 -8
28 41 6
28 50 0
28 48 -10
28 32 2
28 43 9
29 39 -10
29 49 2
29 33 -9
29 37 7
29 35 6
29 41 -5
29 43 -6
29 47 -3
29 34 -8
29 44 2
29 45 -6
30 43 4
30 32 -2
30 41 8
30 35 9
30 45 4
30 42 -9
30 36 -6
30 31 -5
30 37 -8
30 49 -2
30 44 10
30 38 6
31 49 -10
31 34 -10
31 40 0
31 36 -1
31 32 0
31 37 -5
31 39 9
31 50 -7
31 33 -6
31 38 -2
31 35 -9
31 47 -7
32 36 1
32 38 -7
32 42 0
32 47 -4
32 39 1
32 46 9
32 44 -4
32 43 7
32 37 -3
32 34 2
33 43 -9
33 40 -8
33 46 5
33 50 1
33 44 -9
33 39 1
33 42 5
33 36 -8
33 35 7
34 48 -4
34 46 2
34 47 -7
34 37 -6
34 36 5
35 37 6
35 36 -2
35 50 -3
35 46 7
35 40 -2
35 48 -2
35 39 -2
36 50 9
36 40 0
36 48 2
36 37 10
36 43 -3
36 38 3
36 42 -6
36 44 -8
36 45 -7
36 46 2
36 41 7
37 39 -3
37 50 -5
37 48 4
37 46 4
37 41 -10
38 41 -9
38 50 -10
38 49 8
38 43 8
38 40 3
39 48 5
39 49 -4
39 46 7
39 43 8
39 45 -10
39 44 -4
39 41 10
40 46 -1
40 50 -1
40 41 -8
41 49 -5
41 48 10
41 42 7
41 43 -7
42 45 1
42 46 6
42 44 -3
43 45 9
43 49 1
43 46 -1
43 50 -5
43 48 -7
44 46 -4
44 49 4
44 50 4
44 48 6
44 47 -3
45 48 -4
45 47 -1
45 49 1
46 49 -6
47 48 6
47 50 8
47 49 8
48 49 9
48 50 8
