50 613 
1 49 8
1 12 -7
1 34 6
1 44 3
1 31 8
1 6 -4
1 8 -3
1 4 -2
1 37 3
1 9 -10
1 42 1
1 33 1
1 20 1
1 23 -3
1 32 6
1 36 -5
1 27 -6
1 30 -2
1 21 -8
1 38 -4
1 50 -6
1 43 -3
1 14 -6
1 17 -5
1 41 -6
1 40 -7
2 33 -6
2 37 -2
2 45 -7
2 3 4
2 9 8
2 12 -4
2 5 -1
2 4 3
2 46 -10
2 32 1
2 35 9
2 31 -5
2 23 -9
2 7 8
2 26 -7
2 40 -8
2 22 -8
2 30 -3
2 11 -3
2 50 0
2 48 6
3 18 -3
3 34 -3
3 46 0
3 14 -9
3 33 8
3 19 -1
3 15 2
3 32 3
3 47 5
3 50 -2
3 38 -1
3 43 -10
3 49 7
3 48 -8
3 12 -8
3 35 10
3 13 -1
3 10 -7
3 31 -5
3 17 8
3 30 9
3 28 -1
3 21 -8
3 29 -10
3 44 -7
3 41 9
4 18 -1
4 24 0
4 15 -6
4 25 3
4 16 4
4 38 -10
4 42 -5
4 9 8
4 41 -3
4 33 5
4 27 -9
4 23 -4
4 40 -3
4 28 -1
4 11 -4
4 14 10
4 45 -2
4 5 4
4 39 3
4 19 -10
4 44 4
4 12 -5
4 21 -7
4 49 2
4 20 4
5 41 9
5 21 -8
5 34 7
5 14 3
5 47 -5
5 45 -9
5 46 -2
5 39 8
5 42 6
5 9 -8
5 28 0
5 31 5
5 11 3
5 26 2
5 15 0
5 43 10
5 24 -3
5 19 5
5 18 -2
5 32 -5
5 27 1
5 36 5
5 8 6
6 40 9
6 39 -2
6 44 1
6 29 -2
6 27 -8
6 48 -7
6 22 2
6 11 3
6 47 0
6 46 -1
6 34 9
6 19 -9
6 38 9
6 50 -8
6 14 9
6 35 10
6 42 -9
6 18 2
6 36 0
6 10 5
6 33 7
6 21 9
7 27 1
7 26 0
7 21 10
7 45 3
7 9 9
7 12 7
7 47 9
7 18 -10
7 49 -3
7 50 9
7 37 -10
7 32 6
7 42 5
7 48 3
7 13 -8
7 34 -7
7 35 10
7 40 0
7 41 4
7 31 2
7 10 7
8 11 8
8 37 -8
8 40 -8
8 47 3
8 32 -9
8 15 1
8 26 -6
8 38 0
8 9 -9
8 44 -8
8 22 4
8 46 -5
8 27 -2
8 42 2
8 50 -10
8 43 7
8 16 5
8 48 8
8 34 -10
8 21 5
9 24 10
9 35 -4
9 31 2
9 12 1
9 42 10
9 21 3
9 30 0
9 22 10
9 34 9
9 16 7
9 10 3
9 19 -10
9 13 -6
9 50 -1
9 29 -7
9 38 1
9 41 3
9 25 9
9 47 3
10 16 4
10 14 0
10 41 -2
10 50 4
10 13 -10
10 12 3
10 21 -5
10 30 -1
10 40 1
10 43 -9
10 37 2
10 29 -1
10 47 -10
10 42 -5
10 49 6
10 15 8
10 35 -8
10 17 -7
10 45 -1
10 33 7
10 31 -6
11 44 9
11 39 -10
11 19 -5
11 31 -9
11 43 8
11 26 -7
11 15 6
11 37 -4
11 21 8
11 35 8
11 48 -4
11 46 -1
11 23 -7
11 12 4
11 49 -10
11 13 9
11 17 10
11 16 10
11 29 5
11 40 6
12 48 10
12 33 6
12 16 9
12 46 10
12 41 3
12 24 -4
12 37 -5
12 29 -8
12 26 -3
12 27 1
12 42 2
12 40 -8
12 25 7
12 30 -7
12 31 3
12 36 -2
12 35 7
12 38 -1
12 28 5
13 22 -9
13 40 -3
13 26 3
13 31 9
13 15 -6
13 20 4
13 19 7
13 37 -7
13 14 -9
13 17 -6
13 41 -1
13 48 -2
13 21 -6
13 34 0
13 16 -5
13 44 -3
13 23 3
14 22 -1
14 46 -10
14 42 -8
14 37 8
14 49 -3
14 17 0
14 25 -8
14 39 -9
14 16 8
14 30 3
14 35 9
14 40 0
14 41 -8
14 20 2
14 15 5
14 36 0
14 28 1
14 34 -3
15 40 5
15 46 -9
15 21 10
15 20 4
15 25 8
15 26 -2
15 45 2
15 48 -5
15 32 10
15 47 -10
15 17 7
15 36 -2
15 50 -6
15 29 7
15 18 -10
16 46 4
16 30 1
16 18 4
16 41 4
16 38 1
16 31 -4
16 23 2
16 36 -1
16 47 0
16 40 -7
16 35 -10
16 27 7
16 20 -5
16 45 -8
16 43 -3
16 34 5
16 37 1
17 36 -7
17 31 6
17 45 -6
17 21 -8
17 23 -9
17 48 -3
17 20 -5
17 27 -3
17 46 -3
17 38 6
17 39 -1
18 44 -1
18 21 2
18 32 10
18 22 -7
18 39 -3
18 24 -7
18 26 9
18 50 -9
18 25 0
18 49 8
18 30 5
18 34 6
18 46 10
18 23 -7
18 45 5
18 42 -9
18 48 -3
19 26 2
19 36 -6
19 50 8
19 38 8
19 34 3
19 27 4
19 47 -9
19 25 4
19 30 0
19 31 -10
19 28 2
19 40 4
19 41 -3
19 23 -6
19 29 1
19 33 -5
19 49 5
19 46 7
19 35 2
20 36 6
20 31 -10
20 32 -3
20 44 3
20 24 3
20 47 7
20 25 0
20 50 -6
20 26 -6
20 21 -3
20 39 -4
20 45 3
20 48 2
20 37 8
20 30 7
20 38 3
20 43 2
20 40 -4
20 42 2
20 28 9
20 41 -1
21 38 -8
21 40 7
21 39 -10
21 48 0
21 47 -7
21 25 -9
21 27 7
21 26 -8
21 36 -9
21 45 1
21 33 -3
21 46 -9
21 42 -1
21 24 9
21 44 0
22 46 2
22 28 0
22 35 -1
22 40 5
22 23 8
22 41 2
22 34 10
22 31 3
22 33 -5
22 45 8
22 44 -3
22 49 -1
22 48 4
22 47 6
22 39 -8
23 32 4
23 39 8
23 25 6
23 47 -3
23 49 5
23 42 -8
23 27 -4
23 29 -5
23 26 8
23 28 -8
23 36 5
23 44 -10
23 46 -6
24 26 -5
24 39 9
24 50 9
24 43 -5
24 25 4
24 47 2
24 38 -10
24 40 -9
24 33 -8
24 45 -5
24 49 8
24 32 -7
24 31 -9
25 29 -8
25 37 -7
25 40 -8
25 28 8
25 34 8
25 39 2
25 42 -1
25 36 -10
25 33 -6
25 45 -6
25 47 -8
25 46 -6
25 48 0
25 50 7
25 27 -1
25 35 -4
26 36 -3
26 33 3
26 50 1
26 28 -4
26 31 -3
26 35 -7
26 49 -2
26 30 -9
27 42 7
27 49 8
27 35 -2
27 41 -4
27 39 -4
27 40 -3
27 36 6
27 50 -9
27 47 -1
27 44 -5
27 30 -9
28 47 -3
28 39 -1
28 42 6
28 36 -7
28 34 -6
28 44 10
28 49 -4
28 40 1
28 31 -2
28 37 -1
29 50 10
29 38 0
29 39 -5
29 30 2
29 43 6
29 44 5
29 48 7
29 35 10
30 33 -1
30 41 2
30 36 -4
30 39 -5
30 31 7
30 38 7
30 45 -1
30 49 -2
30 50 5
31 48 -9
31 34 9
31 42 -7
31 38 9
31 37 5
31 50 3
31 32 0
31 41 -4
31 47 -4
31 44 -3
31 35 1
32 50 -2
32 41 -2
32 35 1
32 43 9
32 40 5
32 47 2
32 33 7
33 48 9
33 38 -2
33 36 -7
33 47 1
33 35 -6
33 43 5
33 40 -9
34 50 -2
34 42 -7
34 38 -6
34 46 0
34 43 10
34 47 -1
34 48 -5
35 44 -8
35 47 -5
35 46 6
35 36 10
35 42 -3
35 45 4
35 41 10
36 45 0
36 39 8
36 43 -3
36 40 9
36 49 5
36 42 7
36 46 9
36 48 -8
36 41 -5
37 45 -9
37 39 -6
37 44 -7
37 47 2
37 41 8
37 43 3
37 50 2
38 49 -4
38 40 8
38 39 7
38 46 1
39 40 4
39 42 -9
39 50 8
39 49 -8
39 41 -8
39 48 -2
39 45 -5
39 44 8
39 47 -8
40 44 -8
40 43 -9
40 50 -3
40 46 -1
41 42 -5
41 45 -7
41 47 4
41 50 -3
42 50 2
42 43 8
42 49 -5
42 47 6
43 45 -7
43 50 -3
43 46 -2
44 45 -7
44 50 2
44 46 5
44 48 -6
45 49 -6
45 46 5
45 47 -7
45 48 6
46 47 -3
46 49 10
46 50 8
47 48 7
47 50 5
48 49 8
