50 613 
1 43 3
1 8 6
1 12 8
1 40 -2
1 32 -9
1 44 -3
1 6 -7
1 11 10
1 31 10
1 49 -3
1 23 5
1 35 -4
1 28 -6
1 41 -8
1 18 8
1 20 -1
1 25 4
1 9 0
1 13 0
1 17 -6
1 10 10
1 48 9
1 37 -6
1 4 6
1 36 -7
1 27 7
1 26 4
2 6 -10
2 19 -9
2 12 7
2 27 10
2 36 6
2 44 -5
2 32 -9
2 18 4
2 26 -9
2 31 -1
2 3 -6
2 47 -9
2 24 -8
2 16 6
2 5 -1
2 48 3
2 46 5
2 30 -10
2 10 -3
2 15 -10
2 9 7
2 22 5
2 33 -5
3 18 -9
3 45 -1
3 20 5
3 6 -10
3 14 9
3 39 5
3 44 5
3 47 -7
3 31 8
3 40 7
3 10 -1
3 36 1
3 42 9
3 21 0
3 38 -7
3 33 -1
3 9 -4
3 25 -8
3 24 10
3 29 6
3 12 -4
4 29 -5
4 24 6
4 7 -5
4 28 4
4 33 -9
4 45 -3
4 35 3
4 13 3
4 38 9
4 27 -9
4 14 7
4 34 1
4 25 -5
4 32 -10
4 16 3
4 17 -7
4 47 2
4 46 -6
4 12 -2
4 50 -8
4 42 -8
4 48 -7
4 15 -8
5 26 -7
5 16 -1
5 34 5
5 49 -3
5 11 1
5 39 -10
5 21 2
5 14 4
5 28 -5
5 17 -3
5 12 8
5 10 8
5 20 2
5 32 9
5 22 9
5 19 -2
5 18 -2
5 25 -2
5 48 1
5 30 8
5 40 -7
5 50 7
6 8 7
6 45 0
6 14 5
6 24 -10
6 50 9
6 26 -10
6 40 -1
6 43 -3
6 21 2
6 16 1
6 36 8
6 49 0
6 10 -8
6 19 -5
6 27 -10
6 20 3
6 23 -5
6 34 3
6 22 -1
6 48 -1
6 33 3
6 7 -10
6 30 6
6 17 3
6 13 7
6 38 -1
6 37 8
7 35 -7
7 8 1
7 12 -2
7 16 6
7 27 5
7 29 -4
7 41 6
7 21 -2
7 50 -2
7 32 -7
7 45 1
7 31 -9
7 19 7
7 30 -2
7 34 -10
7 24 2
7 37 5
7 28 -4
7 47 1
7 22 2
7 26 -2
7 10 -10
7 36 -9
8 19 2
8 24 -9
8 32 -2
8 44 -1
8 14 -1
8 30 -2
8 49 -1
8 25 -7
8 34 0
8 22 -5
8 39 6
8 13 2
8 29 -1
8 43 6
8 9 0
8 31 2
8 11 -8
8 50 10
8 26 -7
8 18 -4
8 17 -2
8 15 -2
8 21 -2
8 35 -3
8 27 9
8 23 2
8 10 2
9 31 5
9 46 0
9 16 1
9 39 -9
9 17 2
9 24 3
9 12 4
9 37 -5
9 50 10
9 29 -10
9 27 7
9 15 -7
9 21 -2
9 30 0
9 35 -5
9 44 -8
9 48 7
9 33 -5
9 20 8
9 38 -5
10 16 -8
10 41 3
10 24 -9
10 43 1
10 27 -9
10 15 -5
10 32 -6
10 26 7
10 49 -1
10 30 -4
10 45 -7
10 34 -2
10 13 7
10 38 8
10 46 -1
11 18 -7
11 40 7
11 20 10
11 41 8
11 39 10
11 33 7
11 28 -2
11 14 2
11 36 4
11 12 8
11 16 0
11 13 3
11 35 9
11 37 9
11 22 -10
11 21 7
11 15 -3
11 44 -7
11 23 6
11 48 -5
12 31 -9
12 34 5
12 24 1
12 29 -8
12 44 -8
12 22 4
12 27 -2
12 40 9
12 46 3
12 33 3
12 14 0
12 42 -10
12 30 -10
12 19 -5
12 15 2
12 47 3
12 39 -2
12 18 2
12 17 -2
12 23 4
13 14 -8
13 18 6
13 37 9
13 20 -3
13 49 6
13 29 8
13 40 0
13 32 5
13 17 2
13 33 -10
13 26 -3
13 27 -6
13 45 -9
13 25 1
13 24 -5
13 34 -2
13 38 1
13 50 5
13 21 -3
13 46 -7
14 21 -9
14 17 -1
14 22 3
14 38 0
14 25 2
14 46 6
14 49 10
14 19 -3
14 18 5
14 36 -8
14 48 7
14 20 -6
14 27 8
14 34 -2
14 43 9
14 47 -6
14 23 8
15 46 -3
15 16 -4
15 24 6
15 47 -2
15 29 -5
15 42 3
15 28 7
15 45 8
15 39 -9
15 49 10
15 17 -6
15 26 -4
15 41 5
15 25 4
15 37 4
15 43 -6
15 27 9
15 50 -8
15 20 -5
15 40 -2
15 30 -2
15 23 -1
16 31 10
16 50 8
16 49 -4
16 18 -6
16 42 -3
16 46 -7
16 33 1
16 43 -5
16 30 -9
16 23 4
16 41 4
16 32 -6
16 47 -7
16 45 7
16 24 9
17 38 -2
17 43 5
17 46 1
17 39 -9
17 27 9
17 40 -10
17 18 -4
17 29 -1
17 25 5
17 34 10
17 30 7
17 49 -6
17 44 1
17 48 -5
18 37 10
18 25 7
18 38 -9
18 30 -10
18 24 10
18 23 4
18 49 -4
18 34 0
18 43 -10
18 19 -1
18 22 8
18 47 -3
18 41 9
18 26 2
18 27 4
18 32 4
18 39 0
19 43 3
19 30 3
19 37 8
19 20 -2
19 45 3
19 25 4
19 34 5
19 50 1
19 35 -8
19 21 -5
19 38 8
19 48 9
19 28 -3
20 46 1
20 25 -2
20 50 -8
20 27 2
20 34 -10
20 23 -8
20 48 -6
20 43 -3
20 30 7
20 42 -3
20 26 7
20 41 0
20 35 -9
20 44 -4
20 21 4
20 24 -4
21 38 -7
21 46 5
21 26 -8
21 42 7
21 43 3
21 33 2
21 49 0
21 50 10
21 45 7
21 44 6
21 35 1
21 37 6
22 50 -9
22 45 4
22 34 0
22 29 10
22 37 -3
22 44 0
22 38 -6
22 36 9
22 31 6
22 24 -3
22 49 0
22 32 3
22 41 8
22 33 4
22 40 -3
22 27 -10
23 37 -3
23 50 -3
23 33 7
23 47 4
23 48 -1
23 38 -6
23 30 -2
23 27 -4
23 49 -9
23 39 10
23 43 -10
24 37 1
24 32 5
24 38 -5
24 43 0
24 45 -1
24 47 -3
24 50 -7
24 35 9
24 29 8
24 25 8
24 42 -8
24 27 2
24 44 -4
24 33 -7
24 48 1
24 46 0
25 47 3
25 46 8
25 44 -3
25 29 8
25 33 2
25 42 -10
25 43 10
25 38 -1
25 41 -10
25 32 6
25 28 10
25 36 -8
26 47 2
26 37 6
26 32 -7
26 49 -1
26 40 -9
26 33 0
26 41 5
26 30 -10
26 38 6
26 44 -7
26 42 -5
26 43 9
27 31 3
27 32 8
27 36 8
27 47 -9
27 35 -7
27 40 4
27 29 1
28 46 1
28 42 7
28 47 -8
28 39 2
28 43 4
28 30 0
28 35 -7
28 36 2
28 45 2
28 29 7
28 32 -8
28 38 0
28 48 -1
28 31 1
28 49 9
28 34 -10
29 43 1
29 34 3
29 35 8
29 33 -10
29 31 8
29 41 -9
30 32 -6
30 40 -1
30 50 8
30 46 -8
30 34 10
30 49 -6
30 41 2
30 43 8
31 43 7
31 49 -1
31 33 -9
31 50 9
31 40 -7
31 41 -10
31 42 -8
31 36 7
31 38 -5
31 45 -10
32 48 -3
32 42 -5
32 34 -3
32 38 2
32 35 1
32 41 -8
32 45 -3
32 50 -7
32 39 6
33 47 8
33 35 -2
33 42 6
33 39 -10
33 43 -7
33 34 -7
33 37 -10
34 46 -9
34 43 8
34 41 7
34 49 -6
34 36 2
34 38 -7
34 37 -4
34 44 2
34 40 9
35 49 2
35 50 -6
35 40 -7
35 42 8
35 45 -5
35 44 2
35 48 -8
36 46 0
36 50 -8
36 37 8
36 38 8
36 45 8
36 47 8
36 48 7
36 44 5
37 41 -8
37 45 2
37 46 -2
37 47 3
37 49 9
37 50 -8
37 48 -4
38 44 -10
38 43 -10
38 41 3
38 45 -2
38 50 -4
38 39 6
38 40 4
39 42 -1
39 41 1
39 47 -5
39 45 8
40 50 -7
40 42 -10
40 44 -6
40 47 -1
41 44 3
41 47 -7
41 50 -10
41 46 -2
41 45 9
41 49 -9
41 48 10
42 50 7
42 46 -5
43 48 -9
43 46 9
44 49 3
44 46 3
44 48 7
44 50 -7
44 45 1
45 47 1
45 50 -5
45 46 -2
46 48 7
47 50 8
48 50 -3
49 50 8
