50 613 
1 18 3
1 24 -4
1 30 8
1 8 -5
1 43 7
1 12 3
1 17 7
1 6 1
1 3 8
1 11 6
1 38 1
1 33 -3
1 19 -4
1 49 8
1 44 9
1 36 -10
1 39 -5
1 14 -3
1 7 -8
1 10 4
1 47 -7
1 46 -7
1 26 0
1 22 -5
1 25 0
1 13 7
2 20 3
2 9 -7
2 38 1
2 36 8
2 35 -10
2 21 4
2 12 -5
2 40 7
2 11 -10
2 13 7
2 31 0
2 47 3
2 14 4
2 39 -9
2 25 -10
2 29 7
2 23 -2
2 10 5
2 22 -5
2 48 -4
2 24 -2
2 42 -4
2 37 7
3 17 -8
3 25 -4
3 24 2
3 16 -3
3 43 8
3 33 10
3 27 3
3 7 2
3 34 -9
3 28 3
3 50 2
3 40 -7
3 42 8
3 15 2
3 18 9
3 47 7
3 12 4
3 10 -3
3 48 1
3 21 -9
3 29 4
3 14 7
3 32 9
3 4 10
3 19 -9
3 6 -5
3 49 6
3 38 4
3 20 -8
4 22 -8
4 12 -8
4 43 5
4 50 9
4 32 5
4 11 -3
4 21 2
4 46 10
4 38 -9
4 13 -9
4 37 10
4 30 8
4 16 -8
4 9 8
4 14 9
4 15 -5
4 44 -4
4 29 -3
4 39 -2
4 35 -7
4 27 -1
4 18 0
4 41 0
4 17 -2
4 49 -7
4 5 0
5 37 -8
5 13 5
5 39 1
5 11 -4
5 30 -2
5 43 -8
5 21 -5
5 8 -10
5 26 5
5 12 6
5 45 8
5 40 10
5 20 8
5 9 -7
5 19 -1
5 29 7
5 47 1
5 10 5
5 49 7
5 32 -10
5 38 -10
5 31 -1
5 42 -4
6 15 -5
6 27 -5
6 38 -5
6 41 -3
6 25 10
6 44 1
6 35 8
6 24 0
6 12 4
6 36 -3
6 50 10
6 7 5
6 43 -4
6 29 -8
6 39 -1
6 46 0
6 16 -10
6 13 -5
6 48 3
6 37 5
6 18 -9
6 30 6
7 25 -2
7 40 3
7 27 5
7 16 7
7 39 -10
7 28 -1
7 29 7
7 18 4
7 21 -3
7 46 3
7 20 -7
7 36 2
7 35 6
7 9 3
7 24 -4
7 34 -2
7 45 -9
7 30 -5
8 16 5
8 50 -3
8 35 9
8 9 1
8 41 8
8 39 8
8 31 10
8 40 1
8 47 10
8 25 10
8 44 -9
8 34 7
8 20 0
8 29 0
8 18 0
8 14 -9
8 32 -9
8 43 -9
8 28 9
8 21 -7
9 34 -4
9 39 7
9 41 -6
9 21 6
9 47 -8
9 38 -1
9 25 -9
9 44 -1
9 24 -10
9 23 -4
9 20 2
9 13 -4
9 50 2
9 29 6
9 26 8
9 30 -4
9 19 3
9 11 10
9 15 9
9 43 -4
9 16 -6
9 12 -4
9 35 1
9 40 7
9 10 -5
9 48 -9
10 14 -2
10 21 -10
10 26 -3
10 31 1
10 23 6
10 35 8
10 46 -5
10 18 -6
10 32 -1
10 45 -10
10 12 3
10 27 2
10 28 4
10 48 -7
10 20 3
10 24 5
10 41 10
10 42 7
11 17 -8
11 24 5
11 39 -4
11 32 5
11 44 0
11 37 -8
11 31 5
11 23 9
11 50 7
11 30 -6
11 27 5
11 26 1
11 19 -7
11 48 8
11 14 9
12 41 5
12 32 7
12 47 -3
12 23 10
12 50 5
12 44 -3
12 45 -3
12 40 4
12 43 -5
12 20 10
12 33 -3
12 19 1
12 18 6
12 36 -8
12 34 -2
12 16 -3
12 31 -5
12 14 -3
12 21 7
12 38 -1
12 25 8
12 29 4
12 28 -3
12 35 10
12 42 -2
13 24 5
13 32 5
13 30 2
13 33 4
13 44 -9
13 28 2
13 21 10
13 31 -3
13 49 -5
13 34 8
13 16 4
13 18 2
13 25 7
13 27 -4
13 45 -8
13 36 5
13 22 -9
13 39 -10
13 40 0
13 23 -8
13 50 4
13 46 -6
13 19 8
14 48 -4
14 32 4
14 39 -10
14 49 -5
14 16 2
14 20 -5
14 46 8
14 36 -7
14 25 -4
14 42 -1
14 31 9
14 43 2
14 24 -7
14 45 9
15 25 4
15 33 5
15 35 0
15 24 6
15 43 -2
15 37 -5
15 47 0
15 19 1
15 36 3
15 38 -7
15 45 3
15 23 1
15 34 7
15 22 -2
15 32 2
16 43 5
16 49 -9
16 38 4
16 24 1
16 46 -10
16 34 -9
16 31 -8
16 44 -3
16 19 -10
16 37 -4
16 33 9
16 36 9
16 17 8
16 18 8
16 50 0
16 22 -2
16 30 0
16 47 5
16 32 0
16 42 -7
16 35 -4
17 28 7
17 49 -1
17 38 -3
17 35 4
17 44 -3
17 25 5
17 30 -7
17 27 4
17 26 10
17 40 4
17 47 5
17 23 4
18 27 6
18 43 -1
18 46 -1
18 45 -10
18 41 9
18 47 -6
18 49 -1
18 22 7
18 38 -2
18 33 -5
18 19 9
18 42 5
18 26 6
18 34 4
18 29 -3
18 40 1
18 20 1
18 21 2
19 28 3
19 41 -3
19 43 -2
19 39 -10
19 48 1
19 45 -4
19 24 0
19 40 8
19 49 -8
19 35 9
19 36 -8
19 22 0
19 33 -6
19 23 -4
19 25 -4
19 21 9
19 30 9
19 38 -9
20 36 3
20 37 10
20 21 10
20 34 -5
20 42 -9
20 29 -8
20 43 -3
20 39 3
20 32 -7
20 49 2
20 23 8
20 33 -2
20 40 -4
21 45 9
21 28 -5
21 25 -10
21 32 -10
21 50 8
21 49 7
21 24 -10
21 43 5
21 38 -10
21 27 -9
21 35 9
21 26 8
21 30 1
21 33 3
21 22 2
21 48 -1
22 29 -7
22 37 10
22 46 -4
22 36 -4
22 43 8
22 39 7
22 30 -9
22 33 -1
22 27 -3
22 23 1
22 32 10
22 40 4
23 32 10
23 28 10
23 43 6
23 47 7
23 44 -1
23 49 -9
23 46 -4
23 37 5
23 27 -9
23 41 8
23 34 0
23 40 -6
23 33 -10
23 26 -5
24 45 -3
24 29 3
24 50 5
24 44 10
24 42 1
24 36 6
24 41 -3
24 49 10
24 30 7
24 47 4
24 25 -4
24 26 -4
25 30 10
25 49 7
25 47 -5
25 29 -6
25 43 9
25 26 8
25 33 -5
25 39 1
25 50 7
25 35 7
25 37 9
25 48 7
25 40 -2
26 42 -3
26 35 -3
26 40 -2
26 28 3
26 44 -3
26 46 -10
26 38 4
26 43 -1
26 27 9
26 29 4
27 29 -8
27 38 -1
27 34 -8
27 31 -10
27 39 7
27 48 -6
27 50 -8
27 32 4
27 43 2
27 36 9
27 47 -4
27 40 -7
28 38 9
28 43 4
28 32 -6
28 39 10
28 46 6
28 47 1
28 41 10
28 42 7
28 31 4
28 35 -3
29 43 -7
29 50 -9
29 44 -8
29 42 -1
29 46 4
29 31 1
30 33 -8
30 42 -2
30 32 2
30 43 7
30 45 -4
30 35 -7
30 38 -8
30 49 -6
30 50 -2
30 41 -9
30 44 8
30 46 9
30 37 5
31 37 6
31 45 -9
31 42 1
31 43 6
31 34 -2
31 41 2
31 32 9
31 36 -1
32 40 -3
32 39 6
32 46 -1
32 34 7
32 36 -4
32 38 5
32 48 2
32 49 4
32 41 6
33 43 -7
33 45 -8
33 42 1
33 36 7
33 49 -2
33 35 3
33 40 -6
33 46 -9
34 47 10
34 39 4
34 49 6
34 45 -10
34 48 0
34 42 -8
34 50 7
34 44 6
34 35 -6
34 37 2
34 43 -5
34 46 3
34 41 9
35 36 -6
35 40 -9
35 41 3
35 50 4
35 37 3
35 44 -3
36 40 -10
36 41 -5
36 48 -9
36 43 -9
36 45 0
36 37 -8
36 44 -3
37 45 9
37 49 -4
37 40 0
37 39 4
37 41 7
37 44 -4
37 43 5
37 46 -8
38 49 -6
38 46 3
38 45 -5
38 39 -10
38 41 0
38 50 -9
38 42 8
38 43 0
38 40 -7
39 48 4
39 50 2
39 40 -5
39 46 -6
39 42 5
40 41 -8
40 47 -7
41 43 -5
41 48 4
42 48 -1
42 50 -9
42 46 10
43 50 8
43 44 -5
43 49 -6
44 47 -7
44 46 0
45 46 1
46 50 2
46 49 -3
47 49 -7
48 50 -5
