50 613 
1 47 -5
1 45 -6
1 22 -1
1 29 2
1 27 -2
1 14 8
1 3 9
1 44 5
1 26 3
1 24 0
1 23 5
1 9 -2
1 31 0
1 18 0
1 21 -10
1 41 -5
1 6 5
1 30 4
1 12 0
1 40 -9
1 50 -10
1 32 -10
1 19 2
1 39 -6
2 45 -4
2 18 7
2 32 8
2 31 3
2 10 5
2 26 7
2 21 2
2 14 0
2 38 -4
2 43 2
2 39 -1
2 40 8
2 22 0
2 36 5
2 20 8
2 24 2
2 8 9
2 27 4
2 30 -4
2 19 9
2 3 -6
2 17 3
2 46 1
2 5 -9
2 47 1
2 25 -9
3 14 -8
3 27 10
3 23 10
3 33 10
3 41 10
3 22 7
3 38 -9
3 45 5
3 43 -10
3 34 3
3 15 1
3 5 -7
3 39 -2
3 42 3
3 7 -3
3 47 10
3 40 9
3 49 8
3 24 2
3 35 8
3 48 -4
3 30 -6
3 31 5
4 20 4
4 7 3
4 42 -4
4 15 -4
4 9 -6
4 6 8
4 13 -1
4 46 -5
4 17 7
4 28 4
4 49 6
4 27 -3
4 21 8
4 41 -3
4 40 -8
4 24 -7
4 19 8
4 50 2
4 14 5
4 16 9
4 5 -5
4 35 10
4 34 1
5 27 10
5 49 9
5 28 1
5 23 7
5 26 5
5 13 -2
5 40 -1
5 39 8
5 25 4
5 18 -9
5 7 -9
5 6 10
5 10 0
5 35 -3
5 34 3
5 32 9
5 22 -3
5 11 -6
5 43 3
5 17 0
6 46 -7
6 11 8
6 36 2
6 9 9
6 18 -8
6 47 -9
6 20 4
6 12 7
6 43 -10
6 34 10
6 41 -8
6 40 3
6 35 4
6 27 -9
6 24 -9
6 44 -1
6 26 -8
6 32 5
6 14 -4
6 38 -5
6 15 -2
7 30 9
7 50 -8
7 34 -7
7 25 -10
7 14 1
7 15 -9
7 44 1
7 23 8
7 31 10
7 13 -6
7 45 8
7 12 8
7 8 -1
7 43 -6
7 39 -8
7 32 -8
7 24 4
7 42 -5
7 41 10
7 22 -8
7 28 -5
7 33 -5
8 44 -10
8 18 -1
8 12 8
8 20 4
8 23 -4
8 25 8
8 13 -9
8 17 -8
8 47 -1
8 9 -6
8 33 8
8 35 1
8 14 0
8 43 10
8 31 -3
8 24 5
8 38 -1
8 36 5
9 18 10
9 45 -8
9 20 -10
9 23 -8
9 43 5
9 19 3
9 27 3
9 32 -9
9 29 1
9 25 -2
9 16 10
9 37 0
9 17 4
9 14 7
9 41 -10
9 26 -8
9 28 8
9 46 10
9 44 6
9 42 -10
9 11 -5
9 10 -6
9 15 6
9 50 -3
10 24 7
10 49 5
10 38 -10
10 43 10
10 39 -2
10 41 -8
10 50 -9
10 22 -10
10 15 1
10 31 -9
10 48 -5
10 21 -5
10 29 3
10 17 -1
10 40 0
10 45 7
10 36 -3
10 27 -6
10 23 7
11 46 -2
11 41 -6
11 24 10
11 33 0
11 16 10
11 27 -10
11 23 4
11 39 -10
11 35 -6
11 17 10
11 50 8
11 13 -7
11 32 6
11 21 10
11 44 8
11 47 2
11 19 -9
11 30 10
11 28 -6
11 37 -10
11 22 -6
12 28 -1
12 24 7
12 22 -9
12 41 4
12 27 -10
12 25 2
12 26 7
12 34 9
12 16 3
12 20 9
12 50 -9
12 39 -7
12 30 6
12 49 2
12 32 2
12 18 -4
12 48 -5
12 29 -7
13 29 3
13 34 4
13 40 4
13 18 -1
13 46 -7
13 44 -1
13 49 -9
13 17 -7
13 26 1
13 39 -10
13 47 9
13 25 -1
13 21 -2
13 42 10
13 19 -3
13 27 -5
13 33 6
13 31 -10
13 38 9
13 43 8
13 24 6
13 15 9
14 42 2
14 45 -3
14 38 -5
14 37 -7
14 39 6
14 46 1
14 27 -2
14 40 -4
14 35 5
14 23 -7
14 24 -1
14 36 -7
14 47 9
14 29 3
14 43 5
14 21 -5
14 49 -7
14 48 4
14 19 3
14 33 -4
14 20 -7
15 16 3
15 32 -4
15 21 -8
15 44 -8
15 48 4
15 38 -9
15 46 9
15 43 -6
15 25 3
15 18 -2
15 41 4
15 24 -5
15 28 -1
15 47 5
15 39 9
15 17 -2
15 30 0
15 29 2
15 23 -6
15 22 4
15 35 0
15 31 -9
16 34 5
16 44 1
16 45 -6
16 49 3
16 36 1
16 43 7
16 38 -9
16 31 5
16 33 6
16 19 9
16 40 8
16 29 -6
16 25 5
16 39 -1
16 37 -6
16 46 -7
16 23 1
16 24 2
16 20 9
16 50 -6
16 18 9
17 35 10
17 24 6
17 18 -10
17 38 -9
17 48 3
17 44 -1
17 19 6
17 47 3
17 41 1
17 39 5
17 22 -2
17 46 -5
17 23 -9
17 25 9
17 42 5
17 33 10
17 37 -10
18 43 -9
18 32 -10
18 19 -3
18 20 10
18 24 0
18 26 -6
18 22 9
18 40 -6
18 44 4
18 34 -7
18 49 8
18 50 -8
18 46 -4
18 37 2
19 23 3
19 44 -7
19 28 -10
19 45 9
19 41 9
19 48 2
19 31 0
19 25 0
19 30 2
19 40 -3
19 27 -4
19 26 9
19 29 -10
19 37 6
19 33 -3
19 43 2
19 49 0
20 41 6
20 46 9
20 25 -8
20 39 2
20 47 3
20 23 7
20 38 -1
20 36 10
20 35 -3
20 43 -2
20 30 6
20 34 -1
20 31 -1
21 45 -8
21 50 -9
21 24 -5
21 43 7
21 40 -1
21 46 8
21 26 9
21 23 -8
21 28 10
21 35 -7
22 48 10
22 32 -1
22 35 -3
22 50 1
22 23 -8
22 46 -2
22 43 0
22 39 2
22 47 -8
22 26 1
22 34 5
22 33 -4
22 27 -6
22 24 -8
22 37 4
22 49 4
22 45 -2
23 35 -10
23 49 10
23 48 -2
23 25 -5
23 24 7
23 32 8
23 26 0
23 34 -3
23 37 -7
23 43 -10
24 48 -10
24 45 0
24 43 -4
24 42 -10
24 34 10
24 44 3
24 37 0
24 29 2
24 36 -5
24 27 2
24 40 7
24 49 -3
24 50 3
24 41 5
24 33 4
24 26 10
25 28 8
25 47 -9
25 43 6
25 40 -3
25 26 -6
25 36 -8
25 39 -7
25 29 9
26 31 -8
26 29 -2
26 33 -7
26 41 4
26 43 3
26 38 -5
26 39 1
26 44 1
26 36 -3
26 30 -9
26 32 -10
26 47 -8
26 49 -3
27 48 3
27 39 5
27 29 7
27 33 2
27 32 -2
27 44 -3
27 47 7
27 28 -9
27 37 5
27 36 -4
27 42 10
27 41 9
28 31 5
28 46 9
28 36 3
28 33 -4
28 37 -3
28 50 -4
28 42 6
28 41 -9
28 47 5
28 43 7
28 30 2
28 45 1
28 29 10
28 34 -7
29 39 -4
29 43 7
29 34 7
29 46 -6
29 30 7
29 48 0
30 48 1
30 41 -2
30 50 8
30 43 0
30 49 8
30 37 -7
30 47 8
30 33 -9
30 32 7
30 35 7
30 38 -5
30 39 -1
31 39 2
31 40 -6
31 50 -2
31 43 -8
31 45 1
31 42 1
31 34 10
31 49 8
31 37 -8
31 41 -5
31 46 7
32 36 -5
32 43 -7
32 37 4
32 49 -8
32 39 2
32 45 -10
32 47 -6
32 34 -1
32 33 -9
33 36 -1
33 43 -6
33 41 8
33 38 -9
33 42 2
33 50 7
33 47 6
34 42 4
34 48 7
34 37 -10
34 46 7
34 36 4
34 38 -5
35 48 0
35 36 6
35 39 3
35 37 0
35 40 -2
36 39 4
36 44 1
36 38 3
36 41 -1
36 40 -6
36 43 1
36 48 -10
37 47 2
37 45 5
37 43 -9
37 46 6
37 42 9
38 49 1
38 45 6
38 40 0
38 39 8
38 47 -3
38 46 -9
39 49 2
39 43 -6
39 47 6
39 46 -3
40 49 6
40 42 -10
40 50 -7
40 47 -4
41 43 4
41 42 -2
42 47 -2
42 45 -8
42 48 -2
42 50 -4
42 43 8
42 46 7
43 50 0
43 48 10
43 46 3
43 45 -7
43 44 -3
44 46 0
44 47 -6
44 45 1
44 50 4
45 48 -1
45 50 -9
45 49 -8
46 50 9
46 47 3
46 48 0
47 49 -2
48 49 -9
