50 613 
1 35 7
1 46 2
1 45 -6
1 33 -5
1 38 -7
1 50 9
1 40 8
1 10 -6
1 11 4
1 15 4
1 8 7
1 36 10
1 20 -5
1 34 -5
1 2 -10
1 13 0
1 3 2
1 6 -7
1 7 -9
1 25 5
1 24 4
1 5 -4
1 48 -4
1 29 3
1 17 -10
1 26 9
2 44 4
2 5 1
2 8 5
2 36 -3
2 48 6
2 16 -3
2 18 0
2 24 -7
2 26 -8
2 23 -9
2 10 -7
2 35 3
2 32 10
2 3 -4
2 19 -5
2 49 5
2 6 -4
2 22 -2
2 17 6
2 12 9
2 27 -1
2 39 -9
2 40 -1
2 28 -2
2 31 0
2 11 -8
2 47 -6
2 9 -3
3 32 7
3 18 -6
3 13 -8
3 38 -4
3 11 -5
3 20 -1
3 15 3
3 42 10
3 35 4
3 46 6
3 10 3
3 48 -9
3 8 -9
3 37 -10
3 26 0
3 21 -7
3 43 8
3 4 -8
3 16 -5
3 49 5
3 28 2
3 17 -7
4 18 -4
4 24 -3
4 5 -7
4 15 5
4 29 0
4 42 9
4 8 -8
4 50 7
4 23 -4
4 17 9
4 7 1
4 49 9
4 12 -9
4 20 8
4 37 -10
4 6 -5
4 36 6
4 10 8
4 28 3
4 43 2
4 11 -10
4 48 -3
4 19 -5
4 41 3
5 42 -10
5 6 -9
5 15 0
5 40 -4
5 8 -1
5 17 8
5 38 -1
5 43 -10
5 23 -9
5 41 -7
5 31 3
5 35 -3
5 46 2
5 37 -1
5 50 -3
5 18 -7
5 13 8
5 9 -3
5 22 10
5 29 6
5 24 -3
5 27 0
5 14 -2
5 19 4
5 28 10
6 16 -8
6 31 -9
6 32 -4
6 15 -1
6 44 -3
6 24 -10
6 22 -3
6 50 -5
6 23 4
6 14 4
6 21 6
6 11 5
6 12 7
6 39 -8
6 41 2
6 7 -6
6 19 -1
6 33 9
6 17 8
6 9 5
6 48 2
6 35 5
6 37 7
7 15 -6
7 49 8
7 31 -9
7 17 -9
7 24 -2
7 32 -5
7 11 -7
7 34 10
7 19 -6
7 14 0
7 36 -7
7 20 7
7 28 -4
7 46 -2
7 39 5
7 22 7
7 10 9
7 23 9
7 27 10
7 42 7
7 8 -10
7 12 5
7 47 -7
8 49 5
8 33 1
8 14 -4
8 11 0
8 12 -9
8 23 -5
8 10 7
8 19 3
8 29 -8
8 13 -8
8 25 8
8 38 4
8 36 3
8 28 0
8 27 1
8 35 -3
8 17 -7
8 50 -5
8 30 7
8 45 0
8 42 6
8 41 -1
9 13 5
9 36 -10
9 42 -7
9 43 7
9 16 4
9 18 -4
9 22 -4
9 14 -3
9 35 2
9 33 -9
9 24 8
9 49 -10
9 37 -4
9 27 5
9 44 9
9 21 10
9 23 2
9 17 -10
9 15 -6
10 32 -1
10 49 10
10 16 -2
10 22 10
10 35 -2
10 46 0
10 33 2
10 23 -3
10 18 -2
10 24 -5
10 31 3
10 25 1
10 14 -9
10 15 4
10 43 0
10 42 1
10 37 2
10 47 -10
11 14 6
11 16 3
11 13 -2
11 24 -2
11 39 6
11 31 0
11 40 -9
11 50 -8
11 26 10
11 18 -5
11 32 2
11 47 -1
11 27 -9
11 25 4
11 42 1
11 35 5
11 44 -4
11 48 2
11 21 4
11 12 0
12 38 -3
12 16 -10
12 41 7
12 40 2
12 14 -2
12 49 3
12 30 -1
12 19 -3
12 24 -1
12 21 5
12 22 7
12 15 4
12 43 6
12 33 -5
12 50 10
12 47 -10
12 28 -8
12 48 4
13 40 -4
13 16 8
13 23 2
13 27 10
13 17 -7
13 37 1
13 21 -4
13 39 -5
13 18 1
13 31 4
13 25 -1
13 34 -6
13 43 4
13 26 2
13 36 -10
13 30 -8
13 22 -9
13 42 9
13 38 -9
13 44 5
14 46 1
14 15 10
14 49 -3
14 44 -3
14 39 -6
14 26 7
14 18 0
14 29 -10
14 31 -6
14 33 -1
14 27 -9
14 17 -5
14 43 5
14 48 10
14 47 -8
14 34 10
14 21 -8
14 23 -10
14 41 3
14 45 2
14 19 -9
14 22 8
15 37 4
15 22 6
15 49 8
15 17 9
15 25 -7
15 32 7
15 33 9
15 27 -7
15 30 8
15 35 4
15 24 -5
15 47 5
15 38 3
15 20 -4
15 40 -10
15 18 -3
15 46 0
16 33 5
16 37 0
16 19 5
16 43 -6
16 26 -10
16 49 4
16 38 7
16 30 8
16 46 5
16 50 8
16 41 1
16 44 -7
16 24 4
16 22 0
16 25 2
16 42 1
16 35 -7
16 28 -9
16 47 -4
17 27 0
17 49 -6
17 47 5
17 23 -3
17 38 8
17 37 7
17 43 -9
17 25 4
17 46 -7
17 30 3
17 29 -8
17 24 5
17 26 -1
17 28 10
17 32 5
17 33 0
18 37 -9
18 48 -2
18 47 1
18 21 0
18 24 -6
18 45 -2
18 28 9
18 44 -9
18 49 8
18 35 -10
18 39 -6
18 40 -5
18 38 -5
19 20 -2
19 32 -2
19 25 -2
19 23 -6
19 29 -6
19 37 10
19 26 0
19 39 3
19 21 -7
19 49 -9
19 36 -9
19 24 10
19 42 -4
19 43 5
20 40 -5
20 21 10
20 30 6
20 23 -3
20 49 -8
20 48 10
20 22 6
20 28 10
20 25 -7
20 24 1
20 44 4
20 31 -4
21 26 -4
21 30 4
21 28 -8
21 40 3
21 49 6
21 36 0
21 37 8
21 35 6
21 24 -7
21 45 -9
21 25 0
21 23 -8
21 22 3
21 42 8
21 44 -8
22 31 -4
22 48 -9
22 37 7
22 38 7
22 35 5
22 33 0
22 50 3
22 25 0
22 41 -10
22 24 -6
22 23 3
22 32 3
23 25 5
23 49 -8
23 42 -1
23 43 -6
23 28 -10
23 46 -10
23 40 2
23 44 5
23 29 5
23 33 7
24 36 -8
24 46 -10
24 43 -5
24 26 -2
24 49 -10
24 29 2
24 41 8
24 35 -3
24 45 5
24 33 -8
24 44 -10
24 30 -1
24 32 6
25 44 0
25 41 3
25 36 4
25 27 1
25 47 -2
25 30 -9
25 26 7
25 39 -1
25 38 -9
25 46 -6
25 50 5
26 39 -9
26 37 -9
26 47 9
26 49 2
26 41 -2
26 38 -5
26 30 -2
26 44 3
26 31 -7
26 34 -3
26 36 -8
26 42 3
26 33 -8
26 46 2
26 40 3
26 28 8
27 33 -7
27 43 9
27 28 -3
27 47 8
27 40 6
27 48 2
27 35 4
27 37 6
27 29 9
27 50 5
27 38 -3
27 39 0
27 30 -8
27 46 10
27 34 -3
28 40 -3
28 35 3
28 36 10
28 45 10
28 50 4
28 31 -6
28 43 -8
28 32 -10
29 48 4
29 44 -10
29 43 -2
29 40 7
29 50 -5
29 47 6
29 45 -1
29 31 3
29 37 -2
29 33 0
30 46 -7
30 45 5
30 50 -7
30 38 -6
30 48 -4
30 47 0
30 36 1
31 40 -2
31 50 -2
31 45 1
31 42 -3
31 39 0
31 47 6
32 48 -3
32 44 -7
32 33 -8
32 49 5
32 50 5
32 38 1
32 39 5
32 34 -4
32 41 -7
32 42 -7
32 40 9
33 41 9
33 47 -6
33 39 -2
33 45 10
33 44 -10
33 50 -3
33 49 1
33 36 4
33 35 1
33 48 -7
33 42 -9
33 40 6
34 49 3
34 36 -2
34 45 6
34 43 0
34 40 -1
34 50 -2
34 47 -4
34 37 0
34 35 3
34 48 -9
34 38 8
35 40 1
35 49 6
35 43 7
35 46 -7
35 39 -7
35 50 -9
36 37 -5
36 46 10
36 40 10
36 42 4
36 38 1
36 49 2
37 39 9
37 47 1
37 46 0
37 49 8
37 45 0
38 46 1
38 44 -2
38 47 9
38 49 3
38 50 0
38 42 3
38 45 -5
38 48 8
39 47 -9
39 40 -1
39 50 3
39 46 -4
39 48 2
39 45 -5
40 44 3
40 50 -6
40 49 -9
40 45 3
41 45 3
41 50 -2
41 48 10
41 43 -9
41 44 3
41 49 9
42 48 -10
42 45 10
42 43 2
43 46 -5
43 45 8
44 50 2
44 49 -5
44 47 -2
44 45 -2
45 46 -9
46 48 2
47 49 3
48 50 -4
48 49 -8
