50 613 
1 21 -7
1 43 7
1 16 -8
1 15 2
1 10 2
1 30 -3
1 42 8
1 24 -3
1 13 6
1 17 9
1 39 10
1 2 -8
1 4 3
1 22 -6
1 35 -10
1 44 7
1 29 -8
1 28 3
1 41 -3
1 27 2
1 38 -4
1 36 4
1 23 3
2 25 -6
2 20 4
2 37 -6
2 48 -10
2 4 6
2 17 -9
2 3 7
2 47 5
2 39 4
2 15 7
2 24 10
2 38 -6
2 41 9
2 30 -8
2 16 -10
2 18 6
2 43 -8
2 10 -7
3 30 -8
3 16 10
3 27 -3
3 5 4
3 42 -4
3 14 -3
3 40 8
3 32 -9
3 41 -1
3 15 -9
3 20 -2
3 10 2
3 34 2
3 37 1
3 38 9
3 39 7
3 36 2
3 25 9
3 13 -1
3 8 2
3 18 -10
3 31 7
3 46 6
3 28 -9
4 49 -3
4 17 4
4 9 8
4 45 10
4 21 2
4 36 0
4 13 8
4 10 0
4 41 0
4 27 8
4 11 7
4 42 0
4 12 -8
4 48 -3
4 16 -3
4 19 -8
4 46 1
4 15 6
4 18 -5
4 38 8
4 43 10
4 39 1
4 6 -8
5 11 8
5 35 3
5 48 -1
5 16 6
5 19 -5
5 50 1
5 39 -1
5 24 -3
5 9 -7
5 42 10
5 49 5
5 32 2
5 47 -4
5 30 1
5 43 8
5 44 -1
5 10 -6
5 41 0
5 31 -8
5 14 9
5 21 -9
5 45 -6
5 13 3
6 31 -1
6 45 6
6 8 1
6 38 5
6 24 4
6 15 4
6 28 -6
6 34 -2
6 16 6
6 17 3
6 49 4
6 42 4
6 50 7
6 26 8
6 22 5
6 29 2
6 11 4
6 23 -6
6 12 -8
6 44 -6
6 37 4
6 43 -9
7 38 -3
7 13 -2
7 24 -2
7 31 9
7 34 -2
7 19 5
7 43 9
7 33 -1
7 11 5
7 49 -2
7 15 -4
7 35 5
7 29 -8
7 36 -4
7 17 -5
7 20 5
7 42 6
7 50 -4
8 49 9
8 14 -4
8 11 8
8 20 3
8 18 7
8 47 -7
8 50 -8
8 28 10
8 37 7
8 31 5
8 44 -2
8 38 1
8 43 10
8 27 -2
8 30 3
8 16 6
8 15 2
8 22 -3
8 48 8
8 29 6
8 45 -1
9 28 -8
9 38 1
9 37 -5
9 43 -1
9 42 -2
9 24 -9
9 22 -7
9 34 -5
9 17 -1
9 30 -7
9 14 -2
9 11 4
9 26 7
9 41 -2
9 45 5
9 46 3
9 27 9
9 36 -10
9 20 6
9 32 -4
9 50 -6
9 39 8
9 44 -10
10 43 -5
10 18 -8
10 48 10
10 38 3
10 44 -4
10 42 -2
10 37 3
10 45 4
10 39 3
10 17 -2
10 28 1
10 41 -4
10 12 3
10 35 -4
10 50 9
10 31 -9
10 14 -1
10 16 1
10 33 -2
10 24 3
10 46 5
10 27 -4
10 34 8
10 20 -10
11 20 8
11 42 3
11 43 10
11 33 -6
11 35 -9
11 19 -5
11 45 -5
11 25 0
11 31 3
11 14 -3
11 39 -8
11 38 0
11 30 8
11 18 -6
11 41 9
11 46 5
11 47 2
12 14 6
12 48 1
12 49 -3
12 23 4
12 37 3
12 20 -10
12 39 3
12 27 1
12 35 -8
12 36 7
12 46 0
12 42 -4
12 50 5
12 28 3
12 19 10
12 43 2
12 45 -4
12 38 -7
12 44 10
12 21 1
12 24 8
12 15 -3
12 22 3
13 35 10
13 17 -2
13 20 10
13 34 -3
13 15 -5
13 48 6
13 18 7
13 36 -8
13 46 0
13 42 -10
13 22 -9
13 38 9
13 23 9
13 41 -5
13 16 -2
13 49 -9
13 44 -8
13 47 8
13 39 -9
14 27 -7
14 44 8
14 17 2
14 42 -2
14 48 4
14 33 -10
14 29 -7
14 37 4
14 34 2
14 19 2
14 32 -7
14 24 7
14 22 10
14 16 2
14 28 -7
14 18 10
14 50 3
14 23 6
14 45 -10
15 29 -8
15 32 9
15 26 1
15 50 -6
15 48 -5
15 25 -10
15 23 0
15 36 6
15 19 -6
15 16 10
15 27 -3
15 24 -9
15 35 9
15 47 -2
15 37 5
15 28 8
15 39 -10
15 45 3
15 17 -4
16 40 0
16 37 0
16 27 -9
16 33 8
16 22 -8
16 32 1
16 30 5
16 25 2
16 48 5
16 21 -5
16 38 -2
16 44 -3
16 39 8
16 26 -2
16 50 -10
16 18 -1
16 17 1
16 28 6
16 45 7
17 31 4
17 50 -5
17 38 9
17 22 1
17 34 -5
17 44 9
17 49 -9
17 20 -3
17 35 4
17 39 0
17 27 -3
17 47 -1
17 46 -3
17 43 10
17 30 -9
18 45 -9
18 23 3
18 42 1
18 38 4
18 31 -8
18 19 -1
18 50 1
18 46 0
18 44 -7
18 21 9
18 30 -5
18 33 8
18 20 2
18 41 -10
18 37 8
18 43 1
18 39 -5
19 27 0
19 31 -3
19 36 5
19 32 -7
19 26 7
19 40 -10
19 44 2
19 21 7
19 42 -2
19 24 4
19 50 -5
19 23 -1
19 45 8
19 20 5
19 47 3
19 41 -1
19 39 8
19 22 -1
20 31 -8
20 48 -10
20 40 6
20 45 10
20 27 0
20 46 -8
20 24 -2
20 21 10
20 34 -2
20 49 4
20 44 7
20 38 -5
20 22 6
21 24 -3
21 34 10
21 38 -7
21 44 1
21 50 -1
21 45 9
21 27 7
21 35 9
21 29 5
21 39 -6
21 36 10
21 31 -10
21 26 1
21 37 8
22 46 9
22 23 -3
22 47 2
22 38 8
22 48 10
22 35 -7
22 29 2
22 41 -8
22 43 7
22 24 4
22 28 -3
22 40 1
22 36 -6
22 30 -10
22 45 -10
22 49 -9
23 26 -5
23 45 -7
23 49 -10
23 43 -3
23 37 7
23 27 -6
23 40 9
23 29 4
23 33 2
23 25 7
23 39 -1
23 38 8
23 41 10
23 47 0
23 24 6
23 42 5
24 30 -5
24 31 8
24 38 10
24 48 -6
24 45 -5
24 50 8
24 37 4
24 26 9
24 29 -6
25 39 -2
25 30 -2
25 29 -1
25 40 -6
25 38 -5
25 44 -8
25 37 -3
25 33 -8
25 27 6
25 50 -10
25 32 4
25 41 -7
26 48 1
26 44 -10
26 46 -5
26 31 -5
26 28 -3
26 35 1
26 43 8
26 42 -5
26 29 7
27 45 -5
27 46 -1
27 36 2
27 38 10
27 28 2
27 40 7
27 41 -3
27 33 -6
27 31 9
28 29 2
28 36 9
28 35 -9
28 32 -6
28 39 -2
28 41 8
28 40 -10
28 31 8
28 48 6
29 46 -8
29 41 -3
29 39 -2
29 34 1
29 36 8
29 38 -2
29 43 -5
29 31 -1
29 50 8
29 30 -4
30 42 -6
30 37 0
30 50 7
30 47 -7
30 34 7
30 35 0
30 49 -2
30 45 -10
30 41 6
31 41 7
31 42 5
31 49 -6
31 39 -9
31 50 4
31 35 -8
31 38 -7
31 32 0
31 37 1
31 47 3
31 33 0
32 40 2
32 38 9
32 44 -10
32 43 4
32 41 -10
32 35 8
32 47 -7
32 45 1
32 37 -6
32 50 7
32 39 -8
33 49 0
33 46 4
33 35 0
33 42 3
33 36 -10
33 47 -2
33 38 1
33 50 4
33 45 8
34 47 -6
34 38 5
34 46 -10
34 39 3
34 45 4
34 35 -1
34 43 -3
34 40 -4
34 41 -10
35 48 -9
35 43 0
35 45 4
35 39 8
35 44 -9
35 47 -10
35 41 5
35 50 -2
35 38 -9
35 49 8
36 48 10
36 37 1
36 49 4
36 45 5
36 39 2
36 50 -7
37 43 -5
37 38 9
37 44 -7
38 39 1
38 47 -1
38 40 -9
38 46 -8
38 45 1
38 44 9
39 48 9
39 45 2
39 46 2
39 44 7
39 40 -4
39 43 2
39 41 -8
40 43 8
40 44 -2
40 41 8
40 49 -9
40 48 7
41 46 -4
41 47 -4
41 44 6
41 49 0
41 50 -4
42 44 -10
42 47 -7
42 46 6
42 45 -6
42 48 0
42 50 -10
42 49 7
43 45 2
43 47 -8
43 49 -1
44 47 -4
44 49 3
44 50 -5
45 47 -7
45 49 -8
46 48 6
47 49 -2
48 49 0
48 50 -8
49 50 -7
