50 613 
1 24 -9
1 4 8
1 5 -2
1 46 -10
1 28 9
1 23 10
1 11 6
1 49 -3
1 16 1
1 41 6
1 22 6
1 9 -8
1 19 1
1 48 -2
1 12 10
1 30 -1
1 39 -9
1 2 -8
1 47 -7
1 42 4
1 34 10
1 33 -3
1 45 -3
1 36 -4
1 26 2
1 20 -10
2 32 10
2 15 -6
2 50 5
2 21 9
2 40 -5
2 42 -1
2 41 -1
2 5 -8
2 8 -7
2 9 -2
2 10 5
2 27 -8
2 31 8
2 36 -6
2 29 -4
2 3 -6
2 17 0
2 18 -6
2 37 4
2 30 10
2 28 7
2 26 3
2 34 -5
3 24 9
3 6 -6
3 8 -9
3 46 4
3 18 -1
3 45 9
3 19 3
3 11 5
3 5 -9
3 12 -10
3 43 3
3 36 -9
3 50 -9
3 26 10
3 49 10
3 39 -9
3 44 3
3 23 1
3 4 6
3 14 -9
3 7 -1
3 37 8
3 30 1
3 20 2
3 42 6
3 16 -8
4 17 4
4 30 -5
4 26 10
4 34 5
4 32 -1
4 25 -5
4 42 -1
4 36 -8
4 29 -2
4 50 9
4 37 5
4 20 0
4 11 2
4 5 5
4 10 -7
4 22 2
4 13 8
4 27 -1
4 12 1
4 49 4
5 26 1
5 50 1
5 32 0
5 21 4
5 12 -2
5 8 -8
5 23 0
5 41 2
5 14 -5
5 47 6
5 18 3
5 28 -6
5 9 -1
5 43 -8
5 33 -5
5 6 10
5 10 0
5 36 -5
5 31 -1
5 16 -1
5 37 -2
5 40 -5
5 44 -6
6 22 -8
6 11 -2
6 13 0
6 14 2
6 17 -9
6 39 4
6 34 6
6 9 -7
6 46 -9
6 21 6
6 25 7
6 35 -6
6 24 -3
6 37 2
6 10 -3
6 16 6
6 49 6
6 19 -5
6 50 9
6 28 2
6 47 -6
6 44 6
6 15 9
6 29 8
6 38 10
6 12 6
7 22 -5
7 50 -9
7 48 7
7 19 -2
7 34 4
7 49 5
7 35 2
7 17 9
7 18 10
7 14 9
7 23 -3
7 46 6
7 16 5
7 8 -9
7 26 4
7 47 -8
7 42 3
7 40 1
7 10 -6
8 45 -7
8 28 2
8 31 -8
8 38 3
8 30 8
8 17 -7
8 27 -9
8 26 -1
8 44 2
8 12 -6
8 37 5
8 39 8
8 14 2
8 43 10
8 41 3
8 36 1
8 16 -6
8 33 -1
8 24 8
8 13 -5
9 45 -1
9 41 -3
9 23 4
9 19 2
9 27 6
9 22 6
9 44 8
9 47 10
9 39 0
9 10 -2
9 28 0
9 17 10
9 35 4
9 16 -10
9 33 0
9 37 1
9 42 9
9 29 3
9 38 1
9 12 -5
9 26 2
9 43 5
9 24 -6
9 14 1
9 50 0
10 13 8
10 39 4
10 11 -10
10 29 4
10 17 -10
10 23 -10
10 47 -4
10 20 -1
10 16 -4
10 36 5
10 45 7
10 28 -9
10 49 -10
10 44 1
10 48 2
10 15 -2
10 42 7
10 40 1
10 33 -2
10 38 -2
11 38 8
11 49 -6
11 20 7
11 37 0
11 32 1
11 17 8
11 45 7
11 39 -1
11 24 1
11 25 -4
11 40 -10
11 27 -8
11 22 1
11 29 6
11 44 3
11 31 1
11 28 -8
11 16 -8
11 14 -2
11 34 6
12 25 -5
12 44 9
12 45 -6
12 40 9
12 43 8
12 18 6
12 50 8
12 17 2
12 27 -8
12 34 4
12 20 -2
12 37 -8
12 48 -1
12 46 10
12 23 1
12 39 -3
12 49 -5
12 36 9
13 20 -5
13 36 -5
13 29 6
13 30 8
13 33 -6
13 16 3
13 26 -5
13 31 -7
13 22 -5
13 27 0
13 35 -2
13 15 -2
13 40 5
13 18 -7
13 39 -5
13 14 -5
13 25 0
14 37 1
14 20 -10
14 32 -1
14 46 5
14 35 10
14 40 2
14 24 7
14 43 -6
14 47 -4
14 18 -7
14 26 10
14 33 -4
14 27 -5
14 34 4
14 22 7
14 21 9
14 44 3
14 38 -5
14 25 -6
15 48 4
15 44 6
15 27 -2
15 35 -5
15 42 9
15 39 -1
15 19 -4
15 28 0
15 36 8
15 37 4
15 16 -2
15 20 -8
15 26 -5
15 23 -5
16 43 -7
16 32 -7
16 40 7
16 45 -2
16 50 -8
16 44 7
16 49 5
16 22 2
16 47 10
16 19 -6
16 30 -6
16 36 2
16 48 3
16 21 6
16 39 -4
16 23 -5
17 23 -8
17 45 -8
17 48 -4
17 25 4
17 28 -5
17 35 10
17 19 0
17 26 -8
17 27 4
17 31 -10
17 36 1
17 32 -1
17 41 -6
17 46 -2
17 50 -9
17 29 -3
17 34 -1
17 30 -1
17 38 -1
18 20 -2
18 41 -6
18 25 0
18 39 -6
18 24 -7
18 46 -2
18 33 5
18 38 8
18 34 2
18 36 -8
18 35 1
18 19 -9
18 49 9
18 50 6
18 44 5
18 47 -1
18 21 -7
18 29 3
19 38 7
19 22 -3
19 34 7
19 46 1
19 28 10
19 49 7
19 26 -2
19 30 5
19 33 -1
19 20 -1
19 39 -8
19 31 9
19 43 -9
19 36 9
19 25 7
19 50 6
20 33 -6
20 21 4
20 50 -2
20 24 9
20 45 -9
20 41 7
20 38 9
20 46 5
20 32 2
20 39 -4
21 38 9
21 27 2
21 40 6
21 47 -1
21 48 1
21 42 -9
21 41 9
21 35 -8
21 23 -10
21 33 -10
21 30 -7
21 39 -6
21 28 10
21 22 -8
21 46 -8
21 25 2
21 29 7
22 27 -6
22 31 -5
22 47 10
22 50 -3
22 37 -3
22 38 9
22 29 9
22 23 6
22 49 -1
22 43 8
22 48 -10
22 25 4
22 36 -1
23 36 -5
23 48 -5
23 28 1
23 32 -1
23 49 -2
23 30 -4
23 34 -3
23 45 -2
23 39 -8
23 46 4
23 42 2
23 37 3
23 27 3
24 47 5
24 35 -5
24 42 -8
24 32 8
24 48 -7
24 45 -4
24 33 -3
24 39 5
24 44 -3
24 50 4
24 31 -1
24 28 4
24 37 -9
25 36 -6
25 37 5
25 30 -3
25 44 2
25 32 -6
25 43 8
25 50 6
25 29 10
25 28 -3
26 27 -6
26 50 -1
26 30 4
26 37 1
26 40 -8
26 41 9
26 28 -5
26 49 5
26 43 7
26 36 -6
26 42 4
26 44 -7
26 34 -5
26 29 3
27 45 8
27 40 0
27 43 -7
27 49 -6
27 44 -9
27 34 8
27 37 -9
27 36 -1
27 32 -9
27 38 6
27 41 10
27 35 6
28 30 -4
28 32 2
28 34 -8
28 31 6
28 48 4
28 50 0
28 40 1
28 42 8
28 33 -1
28 35 -3
28 45 6
28 37 -3
28 29 6
28 41 3
28 44 5
28 38 7
29 41 3
29 44 -9
29 38 -4
29 30 -2
29 45 -9
29 31 -4
29 42 0
29 39 -6
29 46 6
29 48 2
29 32 -2
30 48 -8
30 47 -6
30 43 4
30 40 -5
30 35 2
30 39 7
30 34 6
30 38 -8
30 31 9
31 41 1
31 40 5
31 32 -10
31 35 1
31 38 -9
32 44 -2
32 41 0
32 35 4
32 49 -7
32 39 1
32 36 10
32 37 -2
32 33 -1
32 47 -2
32 48 -2
33 42 8
33 37 -7
33 40 3
33 34 -4
33 49 -8
33 39 7
34 39 -3
34 50 7
34 41 -3
34 44 -4
34 37 -8
34 42 -6
34 43 10
35 36 3
35 41 -2
35 45 4
35 44 -9
35 49 8
35 42 -3
35 40 7
35 47 9
35 50 -1
36 37 -7
36 49 2
36 38 1
36 50 0
36 47 -3
36 39 -1
36 41 -2
37 48 -2
37 39 -2
37 42 -4
37 50 -3
37 49 -1
37 44 -7
37 47 -3
37 43 2
37 40 7
38 45 0
38 46 6
38 42 7
38 44 6
38 39 0
39 50 -8
39 42 5
39 40 5
39 48 -7
39 49 9
39 43 3
40 46 7
40 50 -7
40 43 8
40 48 0
40 47 -6
40 42 -10
40 49 9
41 46 10
41 50 -5
41 47 -8
41 49 -3
41 43 -3
42 47 -9
42 49 5
42 48 -5
42 50 5
43 46 10
43 50 3
44 50 -5
44 49 0
45 49 -3
45 50 7
46 50 3
46 49 -10
46 47 -5
47 50 4
48 49 7
