50 613 
1 44 8
1 13 -6
1 28 -1
1 39 7
1 26 10
1 32 3
1 27 -6
1 31 -4
1 48 3
1 10 4
1 2 9
1 7 5
1 15 -10
1 35 10
1 42 -4
1 8 7
1 20 -8
1 29 -7
1 3 -3
1 38 8
2 38 9
2 26 -8
2 10 1
2 5 -3
2 22 8
2 25 1
2 4 -8
2 44 -2
2 20 5
2 48 -2
2 46 -3
2 13 -6
2 23 -7
2 47 -7
2 21 -7
2 9 -6
2 36 2
2 17 -2
2 40 -10
2 30 4
2 27 7
2 11 -3
2 12 -5
3 9 -10
3 7 4
3 26 4
3 22 0
3 24 7
3 4 8
3 19 0
3 37 6
3 34 9
3 35 -1
3 15 10
3 38 -10
3 27 5
3 28 7
3 50 -5
3 14 -1
3 46 2
3 32 2
3 16 -2
3 42 10
4 6 4
4 12 -9
4 37 4
4 5 0
4 23 -9
4 34 6
4 47 2
4 30 8
4 42 -9
4 25 5
4 19 7
4 29 10
4 46 -6
4 20 3
4 11 10
4 32 1
4 40 -5
4 24 -2
4 17 -4
4 21 0
4 48 -2
4 44 -9
4 9 9
5 9 -1
5 34 -9
5 11 5
5 28 -3
5 25 -3
5 16 -9
5 38 -4
5 46 5
5 30 -9
5 26 -7
5 8 1
5 45 1
5 20 -10
5 32 5
5 37 0
5 17 4
5 39 7
5 31 5
5 22 -5
5 23 9
5 7 -10
5 35 -1
5 47 -1
5 44 -3
6 43 0
6 8 10
6 21 -10
6 38 8
6 10 -8
6 30 -8
6 16 0
6 9 -5
6 12 -1
6 42 0
6 24 6
6 14 7
6 41 2
6 45 8
6 33 7
6 32 -2
6 35 10
6 44 10
6 27 6
7 49 9
7 36 -5
7 37 7
7 11 -7
7 12 6
7 23 -3
7 38 10
7 18 -5
7 45 4
7 46 2
7 13 2
7 40 9
7 14 7
7 34 -5
7 27 2
7 31 -10
7 25 6
7 9 0
7 20 9
7 32 6
7 48 0
8 18 -6
8 49 8
8 48 -9
8 43 -9
8 11 -9
8 44 9
8 46 9
8 35 8
8 47 -10
8 50 -1
8 27 -9
8 40 7
8 36 7
8 29 0
8 28 2
8 22 -4
8 10 2
8 21 7
8 19 6
8 26 1
8 24 10
8 31 9
8 17 9
8 14 -9
8 39 7
9 13 3
9 35 -7
9 28 -6
9 34 -1
9 31 -4
9 17 -3
9 25 -5
9 42 6
9 32 1
9 40 1
9 30 -9
9 39 3
9 16 3
9 47 8
9 18 -6
9 11 -2
9 46 -6
9 41 -8
9 21 2
9 15 -7
9 48 4
9 22 -3
10 47 -2
10 25 4
10 30 -7
10 23 6
10 36 0
10 28 1
10 14 3
10 35 -7
10 46 5
10 29 -6
10 40 -3
10 43 0
10 41 -4
10 18 -6
10 38 1
10 27 -10
10 50 -7
10 11 4
10 31 -7
10 19 4
11 34 -8
11 20 -1
11 47 0
11 49 -2
11 19 1
11 12 -3
11 44 -2
11 32 1
11 27 3
11 24 7
11 17 8
11 14 -3
11 50 10
11 22 -7
11 35 9
11 45 4
11 26 7
11 15 4
12 34 -3
12 29 -5
12 48 -8
12 17 -5
12 37 -7
12 31 -6
12 22 7
12 43 -1
12 49 -8
12 46 9
12 21 -7
12 47 2
12 27 0
12 33 -8
12 44 -1
13 44 -6
13 46 -7
13 42 7
13 30 10
13 34 0
13 31 -5
13 22 1
13 45 3
13 25 5
13 39 -8
13 33 -10
13 38 4
13 19 -4
13 41 -2
13 37 10
13 16 9
13 27 -6
13 29 8
13 26 -2
13 15 -5
14 30 5
14 38 3
14 23 0
14 18 7
14 45 -8
14 49 8
14 33 -2
14 44 -3
14 24 -1
14 21 -8
14 15 4
14 39 -6
14 47 -8
14 26 10
14 17 -3
14 27 -7
14 36 -6
14 20 4
14 35 -10
14 43 7
14 37 2
15 28 -6
15 49 4
15 34 8
15 39 -1
15 36 -9
15 17 2
15 48 2
15 44 0
15 40 3
15 29 -5
15 31 -8
15 16 10
15 42 -1
15 26 -9
15 18 5
16 17 6
16 24 -2
16 48 3
16 34 -8
16 23 7
16 31 -10
16 50 9
16 44 8
16 18 8
16 32 -7
16 29 1
16 39 -2
16 42 7
16 27 -7
16 19 -3
16 36 10
16 33 3
16 37 -4
16 41 -10
16 28 2
16 35 1
16 20 6
17 47 -2
17 26 -9
17 37 10
17 23 -4
17 21 -2
17 20 10
17 42 8
17 38 1
17 46 2
17 33 -8
17 29 10
17 34 10
17 19 0
17 31 0
18 43 -3
18 29 -4
18 25 10
18 31 4
18 50 -2
18 23 -4
18 45 4
18 33 -4
18 35 9
18 36 -9
18 26 -8
18 48 -9
18 44 -10
18 38 -8
18 30 10
18 39 2
18 20 -3
18 49 -7
19 31 3
19 38 -10
19 30 -8
19 40 -2
19 50 6
19 37 7
19 20 -1
19 49 5
19 48 8
19 42 9
19 27 9
19 28 0
19 45 -4
19 47 -7
19 22 -5
20 50 1
20 31 0
20 23 -1
20 21 5
20 43 -7
20 37 -7
20 46 0
20 44 -6
20 33 9
20 36 -7
20 35 -2
20 29 6
20 28 -2
20 40 -9
20 27 4
20 48 -4
20 41 -10
21 24 -9
21 30 -7
21 26 10
21 33 4
21 43 1
21 49 -1
21 46 -7
21 32 -6
21 40 7
21 44 -1
21 37 -6
21 34 8
21 31 0
21 29 -9
22 48 0
22 29 -2
22 26 -10
22 36 2
22 47 3
22 25 -8
22 37 -10
22 50 -6
22 35 -3
22 32 4
22 49 -7
22 39 7
22 24 -10
22 38 7
22 28 -9
22 27 9
23 33 -5
23 31 8
23 41 10
23 28 10
23 34 -8
23 45 9
23 36 9
23 42 10
23 37 2
23 35 7
23 47 -7
23 46 1
23 32 2
24 45 8
24 46 2
24 44 -7
24 27 7
24 31 8
24 48 -7
24 37 10
24 43 6
24 38 4
24 34 -5
24 35 0
24 26 -2
24 28 -4
24 33 -8
25 39 -5
25 50 7
25 26 -7
25 36 7
25 42 9
25 33 -2
25 31 -10
25 49 -1
25 32 8
25 47 0
25 38 -10
25 28 -5
25 34 -8
25 37 -2
25 35 -4
25 29 -3
25 27 9
25 45 3
26 33 -2
26 45 1
26 40 7
26 47 3
26 29 6
26 48 -9
26 39 5
26 37 8
26 34 -2
26 32 5
26 42 -5
26 44 7
27 47 9
27 28 -8
27 41 -1
27 35 -2
27 39 0
27 44 7
27 33 0
27 32 -8
28 36 5
28 42 -3
28 43 5
28 33 0
28 37 3
28 44 6
28 38 1
28 50 10
28 30 -2
28 49 -2
28 45 3
28 47 4
28 35 -2
29 31 7
29 47 5
29 40 4
29 39 -10
29 46 -2
29 34 3
29 33 -8
29 37 4
29 49 -9
29 45 8
29 43 -4
30 38 4
30 42 -7
30 36 -5
30 45 -1
30 34 -3
30 44 -8
30 50 -4
30 40 9
30 41 8
30 47 4
31 38 -7
31 40 -8
31 34 8
31 39 4
31 45 6
31 50 3
31 49 -6
31 32 10
31 42 -4
32 40 -7
32 33 -5
32 45 10
32 49 3
32 42 7
32 48 8
32 47 5
32 43 -5
32 44 4
32 37 9
32 39 -8
32 34 -6
32 38 -2
33 46 0
33 48 -3
33 35 0
33 42 -2
33 39 4
33 47 -5
33 34 8
33 36 10
34 41 5
34 50 3
34 35 5
34 45 -8
34 48 -6
34 43 9
34 37 -1
35 48 -6
35 50 -9
35 37 -10
35 45 -3
35 38 -5
35 42 9
35 44 9
36 44 0
36 45 -6
36 39 -7
36 50 -8
36 42 -3
36 38 0
36 37 8
36 49 -4
36 46 -6
36 47 1
36 41 4
37 45 -8
37 40 -9
37 38 -4
37 42 5
37 39 7
37 41 -3
38 44 9
38 46 -3
38 48 3
39 49 6
39 40 -1
39 50 -5
39 47 10
40 48 7
41 49 0
41 50 -8
41 42 -5
41 45 -8
41 47 10
41 43 -5
42 45 -10
42 46 7
43 46 -1
43 49 -8
43 44 -7
44 50 -9
44 48 4
45 46 -9
45 47 -2
45 50 7
46 47 -7
46 49 1
46 50 -3
46 48 3
48 50 -5
48 49 8
49 50 -9
