50 613 
1 21 -8
1 5 -1
1 35 -3
1 4 8
1 36 -9
1 9 6
1 44 5
1 18 4
1 34 10
1 43 -9
1 49 6
1 2 1
1 20 -3
1 42 1
1 30 -5
1 47 1
1 6 1
1 16 -5
1 29 7
1 3 -1
1 13 2
1 11 -8
1 19 2
2 34 8
2 43 -8
2 9 1
2 38 -1
2 21 9
2 28 -9
2 50 4
2 36 -7
2 35 3
2 17 10
2 29 1
2 31 2
2 10 -10
2 49 2
2 26 -4
2 19 9
2 37 6
2 48 0
2 8 -2
2 20 3
2 33 -3
3 9 -3
3 46 -9
3 48 8
3 6 -2
3 4 0
3 28 3
3 23 -9
3 49 -6
3 11 2
3 5 -7
3 42 -2
3 22 -3
3 39 5
3 45 3
3 12 2
3 41 2
3 35 6
3 44 10
3 21 -7
3 27 -1
3 40 10
4 19 -7
4 7 4
4 48 3
4 49 8
4 36 -10
4 42 5
4 23 -8
4 38 3
4 29 5
4 47 -1
4 35 4
4 30 -2
4 27 -5
4 21 -8
4 15 8
4 37 5
4 32 7
4 8 -4
4 16 2
4 44 -8
4 43 6
4 39 3
4 13 3
4 28 -6
4 33 5
4 46 10
4 5 7
4 22 4
4 41 -5
4 20 9
5 29 -1
5 35 3
5 22 -6
5 38 -10
5 21 9
5 49 7
5 44 -3
5 25 8
5 30 -3
5 45 7
5 15 5
5 28 3
5 40 0
5 47 4
5 20 -7
5 10 -4
5 13 -6
5 33 -8
5 26 -5
5 43 -6
5 6 -6
5 8 2
5 32 10
5 27 1
5 9 -2
6 43 -10
6 32 -4
6 45 4
6 40 -7
6 28 9
6 15 -5
6 19 1
6 8 -5
6 31 -6
6 12 -9
6 29 5
6 16 2
6 9 3
6 18 -5
6 44 -7
6 49 3
6 47 1
6 11 -3
6 50 0
6 14 2
6 30 0
6 22 -4
7 44 9
7 8 2
7 27 -7
7 16 -2
7 40 -9
7 12 7
7 11 -6
7 14 0
7 50 2
7 31 0
7 33 3
7 47 0
7 29 -9
7 43 7
7 36 5
7 10 8
7 30 5
7 32 -6
7 39 -4
7 37 10
7 45 -6
7 15 1
7 19 -3
7 9 5
8 21 2
8 10 9
8 40 -5
8 46 -1
8 14 1
8 34 -5
8 41 8
8 24 7
8 27 9
8 42 -8
8 20 -10
8 28 7
8 30 9
8 12 4
8 50 -4
8 23 -3
8 16 6
8 43 8
8 25 -7
9 44 5
9 21 4
9 24 -7
9 30 9
9 45 2
9 18 3
9 11 -4
9 26 -8
9 50 8
9 10 4
9 19 -3
9 34 -8
9 36 7
9 25 0
9 17 -10
9 14 -4
9 46 8
9 33 -5
9 15 -3
10 35 -9
10 26 -4
10 42 2
10 11 -1
10 16 9
10 18 -10
10 19 9
10 22 0
10 43 -3
10 50 2
10 12 -8
10 46 -3
10 47 -3
10 34 3
10 41 -10
10 13 1
10 29 -9
11 38 -6
11 13 9
11 32 8
11 35 1
11 46 5
11 28 -5
11 20 0
11 34 2
11 39 -3
11 33 -1
11 37 -7
11 17 2
11 49 9
11 15 -6
11 22 -9
11 48 10
11 14 -4
11 12 -1
11 23 -9
11 26 3
11 31 -1
12 17 -9
12 42 7
12 24 6
12 34 -2
12 19 -8
12 49 0
12 40 9
12 39 9
12 48 -8
12 22 -2
12 16 -5
12 25 4
12 50 6
12 44 10
12 30 -3
12 47 -8
12 41 0
12 23 -5
12 38 0
12 18 0
12 26 -1
13 34 -8
13 37 -6
13 17 -3
13 50 -6
13 42 -8
13 24 9
13 41 -5
13 14 -6
13 33 3
13 40 10
13 19 8
13 32 10
13 30 9
13 29 5
13 27 -9
13 48 0
13 20 -5
13 23 1
13 38 4
13 21 -7
13 16 1
14 47 2
14 46 1
14 41 5
14 17 8
14 29 -9
14 21 -6
14 48 -2
14 20 7
14 50 -5
14 38 -7
14 33 -1
14 25 -3
14 27 -6
14 45 9
14 34 2
14 37 -7
14 15 2
14 42 10
14 32 -2
14 18 -4
14 16 -6
14 23 2
15 38 -1
15 48 -7
15 23 6
15 26 -10
15 49 -1
15 35 5
15 47 8
15 44 -10
15 40 6
15 42 -7
15 31 -7
15 36 -2
15 46 3
15 27 -2
15 30 -5
15 37 -7
15 19 -5
15 43 3
15 45 9
16 34 -5
16 33 -8
16 38 3
16 25 7
16 35 9
16 18 -5
16 27 -10
16 46 9
16 36 8
16 39 -2
16 49 -5
16 48 -9
16 45 3
16 31 -8
16 19 8
16 24 -10
16 32 1
16 23 4
16 26 8
17 50 -3
17 24 -7
17 36 -5
17 33 3
17 28 -2
17 19 4
17 38 -8
17 49 -5
17 35 -7
17 40 -7
17 29 6
17 34 7
17 45 -7
18 41 5
18 24 8
18 25 -4
18 36 3
18 47 1
18 44 -1
18 42 7
18 26 1
18 19 -4
18 20 -6
18 39 -6
18 43 10
18 38 -5
18 45 4
18 30 5
18 40 6
18 32 8
18 37 -3
18 33 -9
18 46 8
19 26 1
19 23 0
19 50 8
19 37 7
19 35 6
19 31 1
19 25 9
19 21 -5
19 33 -1
19 46 4
19 41 9
19 24 9
19 44 7
19 28 5
19 36 -3
19 48 -3
20 40 4
20 38 10
20 47 -5
20 50 3
20 22 5
20 31 5
20 21 -10
20 46 -10
20 44 -1
20 45 9
20 32 -7
20 42 0
20 23 1
20 27 -1
20 29 1
21 35 6
21 32 9
21 26 -3
21 40 -10
21 22 10
21 23 2
21 31 1
21 44 7
21 39 -2
21 36 1
21 43 9
21 29 6
21 45 9
21 48 -9
21 42 -7
21 30 -3
21 33 -5
22 44 7
22 47 5
22 33 -3
22 43 -6
22 40 2
22 50 7
22 25 5
22 39 -2
22 35 8
22 27 0
22 36 -7
22 45 6
22 30 -4
22 26 6
22 46 1
22 37 0
22 34 4
22 42 4
23 40 -6
23 26 -6
23 42 1
23 32 6
23 28 -2
23 38 9
23 24 10
23 44 -2
23 41 1
24 38 0
24 48 9
24 33 -10
24 37 1
24 31 0
24 41 1
24 47 1
24 49 -10
24 46 6
24 35 5
24 32 5
24 27 7
24 26 10
24 45 -8
24 36 -3
25 49 7
25 30 5
25 41 -4
25 43 4
25 26 -9
25 35 8
25 32 -8
25 34 10
25 31 -8
25 27 -3
25 45 9
25 44 -8
26 43 2
26 32 10
26 39 0
26 30 5
26 29 2
26 45 8
26 27 7
26 46 7
26 40 -9
26 42 10
26 47 -3
27 32 6
27 40 -5
27 41 10
27 33 -3
27 28 -4
27 39 -9
28 47 0
28 38 -6
28 50 10
28 41 5
28 43 10
28 30 3
28 40 7
28 49 5
28 39 1
29 46 3
29 49 3
29 30 4
29 34 4
29 45 -6
29 33 8
29 36 0
29 39 -1
30 40 -3
30 37 9
30 44 7
30 42 7
30 48 -1
30 41 -5
30 31 -1
30 47 -6
31 32 2
31 40 -5
31 42 0
31 48 4
31 46 -5
31 35 2
31 41 -6
31 34 -1
32 42 6
32 34 -10
32 37 7
32 48 -5
32 46 7
32 36 4
32 45 -10
33 44 -6
33 46 -6
33 42 -6
33 34 -9
33 45 9
33 48 -4
33 37 2
33 36 1
34 49 9
34 35 8
34 40 2
34 46 -3
34 37 3
34 48 -7
34 38 7
34 44 8
35 48 4
35 47 0
35 37 8
35 40 2
35 45 4
35 50 -4
35 38 -10
35 43 -4
35 36 5
35 39 -3
36 47 7
36 49 -9
36 45 -6
37 45 9
37 41 -10
37 46 8
37 50 4
37 49 -2
37 40 -1
37 43 -8
37 47 -10
37 42 -7
37 39 -5
37 44 3
38 44 1
38 50 0
38 40 10
38 47 0
38 39 10
38 49 3
38 43 7
38 48 -3
39 41 9
39 42 -4
39 40 10
39 45 5
39 49 -8
40 45 -9
40 41 2
40 43 2
41 47 4
41 43 1
41 44 -2
41 50 5
41 48 1
42 47 -8
42 46 -6
42 45 2
43 45 -9
43 50 8
43 44 1
44 48 -4
44 49 -8
45 48 -10
45 46 -5
46 47 7
46 49 -1
46 50 -1
46 48 -2
48 50 8
48 49 2
