50 613 
1 28 4
1 50 -6
1 26 -3
1 4 -2
1 47 -2
1 11 -3
1 38 9
1 42 2
1 40 -2
1 16 10
1 49 -4
1 24 -6
1 17 -3
1 35 -8
1 44 1
1 30 -3
1 23 -2
1 34 -7
1 25 2
1 41 -2
1 31 -5
1 27 3
2 15 -4
2 34 4
2 7 2
2 45 9
2 5 9
2 33 -6
2 22 8
2 37 -6
2 28 8
2 46 -4
2 50 -6
2 8 -6
2 10 9
2 32 -5
2 23 -8
2 13 -7
2 41 5
2 49 10
2 12 2
2 9 -4
2 36 0
2 26 -7
2 6 -6
2 16 5
3 4 3
3 6 7
3 31 10
3 35 -8
3 24 2
3 22 -8
3 19 9
3 18 -1
3 37 7
3 25 9
3 46 7
3 8 3
3 40 -7
3 15 7
3 20 0
3 21 -8
3 42 8
3 13 -2
3 45 -6
3 27 6
3 34 -1
3 10 4
3 50 6
3 43 -2
3 32 6
3 47 6
3 30 -7
3 44 -4
3 23 2
4 8 -7
4 43 1
4 28 -10
4 48 -5
4 15 6
4 20 -2
4 42 7
4 31 -3
4 50 4
4 22 10
4 26 9
4 23 5
4 35 -10
4 38 8
4 39 1
4 33 8
4 12 6
4 49 -3
4 9 -5
4 5 4
4 34 3
4 6 -8
4 46 -2
5 14 7
5 23 -6
5 17 -6
5 35 -4
5 50 -1
5 46 7
5 26 1
5 20 -6
5 11 10
5 33 -4
5 9 -5
5 45 -5
5 21 9
5 30 6
5 42 -1
5 27 3
5 39 -10
5 31 8
5 15 -8
5 34 -9
5 38 -6
5 32 10
5 40 -2
6 9 -2
6 25 -4
6 21 3
6 49 -10
6 14 0
6 30 -3
6 47 7
6 27 -3
6 15 -1
6 31 7
6 44 3
6 43 -2
6 39 2
6 41 -8
6 19 -7
6 18 -6
6 13 3
6 42 7
6 34 3
7 33 -8
7 11 7
7 46 -6
7 26 -3
7 32 0
7 23 -9
7 44 -2
7 20 -5
7 24 -2
7 17 -4
7 43 1
7 12 -3
7 10 10
7 36 -5
8 20 -1
8 37 9
8 32 3
8 33 4
8 13 6
8 23 -3
8 48 3
8 25 7
8 12 8
8 49 -3
8 30 -8
8 31 6
8 22 5
8 27 1
8 9 -10
8 14 1
8 16 -6
8 36 -5
8 24 -9
8 19 4
8 28 -9
8 47 1
8 40 -3
8 50 6
8 17 -2
8 26 6
8 35 -4
8 10 4
9 24 6
9 42 4
9 32 0
9 39 -10
9 11 5
9 37 -5
9 18 -5
9 14 -7
9 45 -7
9 20 -10
9 19 3
9 21 2
9 15 6
9 47 8
9 50 -10
9 43 1
9 28 9
9 16 10
10 25 -7
10 21 3
10 41 -5
10 22 -3
10 38 -6
10 14 4
10 47 -9
10 17 4
10 35 -9
10 50 7
10 42 -10
10 11 -5
10 36 -1
10 27 -9
10 44 -8
10 49 -4
10 30 -10
10 32 -3
10 45 10
10 39 5
10 13 -10
10 15 -10
10 16 -1
11 15 0
11 33 4
11 43 -5
11 20 0
11 41 9
11 50 8
11 22 4
11 47 2
11 39 5
11 40 -5
11 13 -2
11 48 0
11 44 6
11 30 -9
11 26 -7
11 17 -3
11 45 -8
11 42 2
11 18 0
11 29 -4
11 24 -2
11 36 8
11 49 5
11 34 -8
11 23 3
12 47 10
12 13 10
12 16 8
12 28 -5
12 36 9
12 23 0
12 48 10
12 32 3
12 41 1
12 35 -8
12 34 -4
12 21 1
12 42 5
12 45 3
12 49 -1
12 29 -2
13 44 1
13 23 -5
13 31 10
13 24 8
13 21 -4
13 37 -1
13 15 9
13 30 -10
13 29 5
13 41 7
13 22 -7
13 50 -6
13 25 -2
14 44 -7
14 38 -2
14 45 10
14 29 7
14 37 -3
14 41 2
14 27 10
14 36 3
14 35 -8
14 22 4
14 25 -9
14 33 6
14 31 -8
14 32 -8
14 18 -10
14 20 -8
14 47 3
14 28 -9
14 49 -1
14 46 5
14 42 -6
14 30 4
14 26 7
14 50 3
15 49 -2
15 46 -6
15 18 5
15 37 -1
15 44 -7
15 32 -3
15 50 9
15 35 -9
15 25 2
15 40 -9
15 31 -4
15 29 5
15 48 0
15 45 6
16 43 -9
16 50 -7
16 22 7
16 18 -7
16 24 -7
16 25 8
16 42 -6
16 40 7
16 49 -7
16 48 -6
16 23 7
16 35 1
16 31 -5
16 44 1
16 45 -2
16 34 -1
16 38 -1
17 44 3
17 35 -4
17 20 8
17 22 7
17 23 -1
17 26 -3
17 47 -1
17 50 7
17 34 9
17 45 2
17 40 2
17 19 -2
17 33 -8
17 49 -2
17 39 2
18 45 -7
18 33 0
18 26 10
18 34 10
18 19 10
18 47 -8
18 48 8
18 43 6
18 42 -9
18 46 3
18 24 -8
18 40 -8
18 32 -8
18 39 -10
18 30 -5
19 45 3
19 41 9
19 27 -6
19 29 -6
19 44 0
19 23 -2
19 35 -10
19 32 7
19 42 1
19 31 -9
19 39 -7
19 25 -8
19 36 0
20 42 6
20 27 -8
20 32 7
20 40 -9
20 41 4
20 22 6
20 48 -8
20 38 3
20 35 -1
20 31 6
20 26 2
21 48 2
21 50 9
21 29 -1
21 23 1
21 40 -7
21 38 5
21 35 3
21 41 -5
21 44 -1
21 24 -8
21 31 -3
21 37 9
21 36 1
22 34 1
22 29 9
22 31 8
22 44 -10
22 46 9
22 28 -1
22 23 8
22 50 -4
22 45 -4
22 25 3
22 48 8
23 39 8
23 31 7
23 49 10
23 42 -1
23 37 6
23 50 5
23 40 7
23 27 -6
23 43 -2
23 29 9
23 26 -3
24 46 4
24 50 10
24 40 4
24 30 0
24 48 7
24 29 -7
24 25 2
24 31 3
24 26 -8
24 34 6
24 35 7
24 39 -5
25 45 -10
25 41 -6
25 46 9
25 50 -7
25 26 6
25 35 -1
25 44 3
25 40 5
25 34 -10
25 37 2
25 49 6
25 48 2
25 42 1
25 36 8
25 39 -2
25 43 1
25 33 10
25 29 3
26 41 1
26 43 -2
26 47 -4
26 33 0
26 50 6
26 32 2
26 34 10
26 31 4
26 28 7
26 37 -4
26 36 -9
26 40 0
26 49 -5
26 30 10
26 45 4
26 38 -3
26 42 4
27 44 10
27 33 3
27 43 10
27 45 -5
27 46 5
27 42 2
27 49 2
27 41 9
27 30 3
27 47 -5
27 36 -7
27 31 -5
27 34 -2
28 29 -7
28 46 -3
28 36 5
28 50 4
28 48 -5
28 38 9
28 42 0
28 43 -10
28 37 -4
28 39 0
28 35 -4
28 47 0
29 49 -7
29 37 -2
29 42 5
29 35 -9
29 41 -8
29 50 -6
29 34 -9
29 43 4
29 30 1
30 42 8
30 33 7
30 34 -9
30 37 7
30 46 -8
30 47 -2
30 35 7
30 49 5
30 48 -9
30 31 -7
30 44 -1
30 45 6
30 39 0
30 41 7
31 44 -4
31 48 -5
31 43 -3
31 50 -10
31 46 10
31 37 2
31 33 2
31 34 1
31 38 10
31 45 -3
31 36 3
32 48 7
32 44 -10
32 39 7
32 50 -1
32 34 -8
33 35 0
33 44 6
33 48 5
33 45 -1
33 36 3
33 49 9
34 46 -3
34 35 0
34 39 8
34 42 -5
34 40 9
34 41 -9
34 47 5
34 36 6
34 38 -8
35 41 1
35 50 6
35 40 9
35 43 -3
35 44 -9
35 46 7
35 45 -10
35 47 4
35 49 -7
35 38 0
36 43 10
36 47 10
36 39 -7
36 46 -4
36 50 5
36 37 10
36 48 8
37 42 7
37 45 -9
37 49 4
37 48 5
37 46 10
38 42 1
38 47 -7
38 48 -5
38 44 -9
38 43 2
38 49 -2
38 46 -10
38 41 -4
39 41 -4
39 43 -2
39 47 1
39 48 -9
39 44 9
40 45 8
40 49 9
40 50 3
41 47 -2
41 46 1
41 50 -9
41 42 -10
41 44 -10
41 48 0
42 50 7
42 49 7
42 44 -9
42 46 4
42 47 -7
43 45 -4
43 49 8
43 47 3
43 44 -9
44 48 -2
44 50 -2
44 45 -5
44 47 1
45 50 1
45 47 10
46 48 -7
46 49 -2
46 47 8
47 49 -2
48 49 -6
48 50 -3
49 50 -2
