50 613 
1 45 2
1 43 5
1 38 7
1 23 6
1 8 -8
1 15 5
1 10 -4
1 47 8
1 50 -2
1 48 7
1 4 -9
1 20 -7
1 7 0
1 19 6
1 6 3
1 22 -7
1 26 9
1 40 10
1 16 4
1 25 5
1 29 0
1 36 0
1 18 3
2 26 -1
2 17 -1
2 45 4
2 24 1
2 40 3
2 34 -5
2 30 -9
2 16 0
2 3 6
2 14 -9
2 21 -3
2 10 10
2 47 6
2 15 -7
2 18 -8
2 22 -5
2 5 -9
2 19 2
2 11 2
2 32 10
3 11 -5
3 44 -10
3 16 0
3 18 5
3 12 -3
3 21 -7
3 46 -7
3 34 1
3 28 8
3 10 -2
3 6 7
3 45 -5
3 27 -3
3 29 3
3 5 -8
3 14 1
3 38 4
3 7 10
3 26 10
3 40 4
3 36 -9
3 20 -6
3 23 8
4 17 -2
4 7 10
4 46 10
4 26 -5
4 40 0
4 45 -9
4 29 1
4 28 8
4 16 8
4 13 -3
4 48 1
4 34 -7
4 42 9
4 32 -3
4 31 -8
4 30 5
4 12 -5
4 47 -1
5 38 8
5 19 -3
5 10 -6
5 6 -3
5 12 3
5 20 -4
5 7 6
5 30 1
5 17 7
5 24 -2
5 22 6
5 15 8
5 16 1
5 39 9
5 18 8
5 42 -5
5 23 10
5 43 2
5 8 1
5 36 -6
5 40 2
5 13 7
5 29 -2
5 50 9
5 46 -6
6 30 5
6 15 6
6 46 -3
6 7 -3
6 17 -1
6 19 3
6 36 -5
6 39 8
6 33 7
6 47 -3
6 23 4
6 48 -8
6 31 -4
6 49 -2
6 38 -8
6 25 1
6 32 6
6 22 -2
6 27 10
6 14 -3
6 24 10
6 21 -9
6 9 7
7 9 -9
7 50 1
7 23 4
7 31 -2
7 8 6
7 20 -6
7 13 -9
7 26 5
7 32 -6
7 15 10
7 14 7
7 46 3
7 33 6
7 47 -6
7 24 4
7 48 10
7 49 7
7 18 5
7 25 4
7 39 4
7 19 3
7 16 9
8 24 -4
8 49 7
8 30 -8
8 10 0
8 47 4
8 50 7
8 26 -9
8 38 -7
8 21 -2
8 11 -7
8 16 -4
8 33 9
8 45 1
8 43 4
8 32 -1
8 25 -5
8 34 5
8 27 -2
8 46 3
8 29 8
8 17 -4
8 36 4
8 40 5
8 12 10
9 37 -8
9 22 1
9 32 -2
9 16 -4
9 29 -2
9 45 -10
9 40 -1
9 10 8
9 19 -1
9 41 3
9 44 1
9 17 8
9 25 9
9 13 6
9 28 -8
9 39 0
9 15 1
9 42 0
9 35 -4
9 12 0
9 43 -2
9 33 -1
9 21 2
9 26 -1
9 38 -8
10 20 -8
10 27 0
10 21 -8
10 35 2
10 41 -3
10 36 3
10 38 -6
10 29 -2
10 30 -1
10 25 -8
10 15 7
10 19 2
10 43 -8
10 13 -6
10 34 4
10 50 -6
10 47 4
10 33 2
10 11 -4
11 18 4
11 47 4
11 37 -10
11 24 6
11 28 -4
11 26 -5
11 38 9
11 32 2
11 41 4
11 14 -2
11 50 -3
11 15 -2
11 17 -9
11 49 8
11 21 0
11 42 0
12 17 -4
12 49 6
12 29 4
12 16 2
12 33 4
12 37 5
12 40 -1
12 20 -5
12 32 -10
12 26 6
12 24 -5
12 35 10
12 28 -6
12 39 -2
12 21 -9
12 36 7
12 46 -8
12 25 -1
12 22 5
12 15 5
12 38 0
12 34 3
12 14 9
13 14 9
13 34 5
13 27 4
13 30 -6
13 24 10
13 43 -9
13 19 7
13 25 1
13 15 4
13 40 6
13 31 -3
13 39 -5
13 35 2
13 48 -4
13 37 -6
13 16 -3
13 38 2
14 20 4
14 41 1
14 32 7
14 21 4
14 26 1
14 29 -5
14 38 1
14 47 -5
14 15 10
14 44 -2
14 31 10
14 40 7
14 19 -7
14 27 -5
14 50 -7
14 25 10
14 34 -1
14 30 8
14 18 2
14 16 0
14 28 -2
15 32 -2
15 40 10
15 26 -8
15 43 -8
15 41 2
15 39 -9
15 29 3
15 36 7
15 45 6
15 33 -7
15 16 1
15 17 -1
15 21 -9
15 34 1
15 18 -3
15 23 5
15 42 -3
15 35 -3
15 28 -3
15 44 -1
15 49 9
15 22 -10
15 46 -4
16 32 -3
16 47 -9
16 27 -2
16 24 -10
16 43 4
16 38 6
16 28 -10
16 45 -10
16 22 5
16 19 7
16 33 -7
16 17 0
16 34 -7
16 40 -4
16 46 -1
16 30 -10
16 36 7
16 21 10
16 29 -2
17 48 10
17 49 -7
17 40 -8
17 26 -10
17 50 4
17 25 -1
17 32 -9
17 35 2
17 27 -4
17 34 9
17 23 -2
17 29 -3
17 46 -4
17 41 2
17 43 3
17 28 1
17 30 -4
17 45 -2
18 40 1
18 45 -3
18 38 3
18 26 -1
18 43 2
18 41 8
18 48 -10
18 32 -5
18 34 8
18 35 7
18 31 2
18 49 9
18 42 -6
18 37 0
18 39 -7
18 25 -9
18 28 -4
19 34 -7
19 21 -8
19 29 9
19 36 -1
19 32 4
19 30 9
19 40 -6
19 50 3
19 27 0
19 25 -8
19 44 -9
19 47 9
19 24 -6
19 26 4
20 27 -9
20 23 -8
20 28 -8
20 25 -6
20 26 -1
20 29 9
20 39 -6
20 43 -8
20 41 4
20 40 -6
20 31 9
20 45 0
20 36 -5
20 44 -9
20 38 -4
20 35 -9
20 32 -8
21 37 8
21 23 3
21 44 5
21 32 6
21 46 -5
21 48 -4
21 41 2
21 26 -3
21 39 -1
21 29 9
21 36 5
21 47 1
21 40 0
22 40 8
22 49 -9
22 24 1
22 41 9
22 44 6
22 26 10
22 48 9
22 35 1
22 39 -8
22 27 10
22 25 -4
23 42 2
23 35 6
23 33 8
23 36 8
23 46 -2
23 27 -10
23 30 9
23 31 -4
23 34 -7
23 24 -8
23 38 -6
24 45 6
24 35 -9
24 40 9
24 25 -5
24 36 -7
24 44 -4
24 50 1
24 27 7
24 48 3
24 26 9
24 30 -8
24 29 -7
24 33 -2
24 34 -5
24 43 10
24 32 -3
24 38 3
25 50 -2
25 46 6
25 49 -10
25 48 -8
25 29 -1
25 27 -10
25 36 10
25 32 -5
25 37 -5
25 40 6
25 33 7
25 31 10
25 47 9
26 43 4
26 38 3
26 39 -4
26 42 -4
26 48 -8
26 35 1
26 31 7
26 36 4
26 50 3
26 29 -10
26 45 -1
26 32 -10
26 28 -2
26 44 -6
27 37 6
27 49 -4
27 34 5
27 35 9
27 41 -8
27 50 -9
27 44 7
27 39 1
27 30 -7
27 38 2
28 41 3
28 38 -3
28 37 -6
28 35 -9
28 30 8
28 44 -5
28 48 0
29 43 -7
29 42 10
29 39 -4
29 36 3
29 44 -5
29 40 6
29 35 6
29 37 -8
29 45 -7
30 38 10
30 35 -6
30 44 -2
30 40 1
30 36 -6
30 42 4
30 46 -10
30 33 3
30 39 4
30 50 -1
30 34 8
30 31 10
31 37 0
31 33 9
31 45 7
31 50 0
31 34 10
31 38 -3
31 39 -2
31 40 8
31 36 0
31 48 3
31 44 -7
32 36 7
32 33 -2
32 35 1
32 39 -10
32 41 -5
32 46 9
32 48 1
32 43 -1
32 47 0
32 40 -4
33 42 7
33 34 -2
33 35 9
33 46 -1
33 38 -1
33 43 0
33 37 -9
33 49 -3
34 49 -8
34 44 9
34 47 -5
34 40 0
34 38 -5
34 50 -6
35 37 -3
35 38 -7
35 47 -4
35 39 -5
35 45 3
35 49 3
35 46 -10
35 43 -4
35 44 8
36 48 -6
36 44 5
36 46 -7
36 47 -9
36 45 -7
36 39 7
37 48 -8
37 40 2
37 47 -8
37 38 -8
37 49 -5
38 40 3
38 42 8
38 47 -3
38 50 10
38 44 3
38 43 -5
38 46 -3
39 50 -8
39 49 -5
39 46 -7
39 43 -8
39 45 10
39 42 -8
40 43 -10
40 46 6
40 41 0
41 46 -7
41 42 1
41 44 -4
42 44 3
42 48 -6
42 49 -1
43 44 8
43 45 7
43 48 8
43 49 5
44 46 -7
44 49 0
44 45 10
45 48 9
45 47 1
46 50 -5
48 49 -9
49 50 -2
