50 613 
1 31 -1
1 27 9
1 10 -5
1 22 -6
1 2 10
1 40 5
1 19 9
1 47 -8
1 37 3
1 26 7
1 46 4
1 20 4
1 18 4
1 29 4
1 35 -7
1 4 -3
1 23 -9
1 33 -7
1 49 -1
1 13 -1
1 36 5
1 28 1
1 44 2
1 17 -3
1 41 -7
1 32 8
1 7 10
1 8 -4
1 11 -9
1 3 -1
1 30 -9
2 18 -5
2 45 -7
2 20 -8
2 4 9
2 7 0
2 50 -9
2 30 -3
2 27 9
2 48 -1
2 10 8
2 38 10
2 24 -8
2 41 10
2 9 2
2 23 -6
2 49 3
2 8 7
2 47 -8
2 35 6
2 12 -9
2 14 3
2 31 -4
3 35 5
3 31 -8
3 9 -3
3 16 -2
3 17 9
3 18 5
3 45 2
3 47 1
3 42 1
3 36 -6
3 6 -4
3 25 10
3 15 10
3 30 -7
3 40 -1
3 12 -5
3 27 -3
3 34 -1
3 46 9
3 23 6
3 37 -10
3 4 -7
3 44 7
3 28 2
4 39 -4
4 9 2
4 32 -8
4 29 1
4 10 -3
4 34 0
4 37 -2
4 42 -4
4 35 0
4 21 9
4 6 -3
4 41 8
4 27 7
4 8 1
4 48 -3
4 12 -1
4 44 9
4 28 9
4 5 -7
4 25 -2
4 7 -1
4 50 -2
4 16 -10
4 22 -9
4 49 -2
5 23 8
5 13 -9
5 38 -1
5 47 5
5 24 9
5 22 6
5 14 -5
5 40 2
5 37 1
5 20 -2
5 35 -9
5 6 -3
5 8 -2
5 49 -8
5 12 -7
5 21 3
5 19 -3
5 30 -10
5 9 8
5 15 -6
5 18 3
5 17 -3
5 43 5
6 25 7
6 44 7
6 40 -3
6 43 5
6 28 -4
6 10 -7
6 12 10
6 36 -1
6 27 3
6 31 7
6 32 -8
6 50 8
6 42 -2
6 9 -6
6 8 -1
6 22 -2
6 29 4
6 15 10
6 26 -9
7 48 -8
7 25 -9
7 8 9
7 31 -10
7 27 5
7 10 5
7 46 -6
7 37 1
7 19 -2
7 23 10
7 35 6
7 39 5
7 38 10
7 36 10
7 44 -4
7 29 1
7 45 2
7 15 -8
7 50 -6
7 34 10
7 41 -6
7 24 6
8 41 -6
8 40 2
8 48 9
8 44 1
8 22 -2
8 19 -3
8 33 0
8 50 6
8 21 -8
8 25 -8
8 34 3
8 14 9
8 26 0
8 43 3
8 27 1
8 42 3
8 35 4
8 28 1
8 38 10
9 48 5
9 39 10
9 41 -4
9 10 0
9 13 8
9 44 -4
9 40 2
9 15 -1
9 25 10
9 37 7
9 50 9
9 30 -7
9 19 4
9 11 -10
9 31 8
9 14 4
9 26 7
9 36 8
9 43 -8
9 49 -2
9 47 -4
9 45 4
9 34 -6
10 24 -1
10 45 1
10 41 -8
10 37 -7
10 49 -5
10 25 -9
10 42 7
10 40 -4
10 18 -9
10 29 -3
10 46 3
10 47 -3
10 20 -2
10 17 -6
10 19 -3
10 43 9
10 26 -9
10 28 7
10 48 3
10 23 -8
10 11 -4
11 30 2
11 13 -5
11 38 0
11 12 -2
11 26 8
11 42 -10
11 14 -10
11 27 -3
11 39 -8
11 24 -9
11 48 -1
11 35 4
11 50 0
11 19 6
11 15 8
11 18 -2
11 16 -10
11 22 -5
11 44 -8
11 41 0
11 23 2
11 37 7
11 28 0
12 26 0
12 30 1
12 37 10
12 25 -7
12 35 1
12 21 3
12 48 3
12 38 3
12 18 -4
12 46 4
12 44 2
12 47 3
12 16 -9
12 39 0
12 34 3
12 22 5
12 29 0
13 39 -4
13 38 -1
13 24 -3
13 32 0
13 37 -3
13 46 8
13 44 -2
13 45 3
13 22 -6
13 49 2
13 28 4
13 31 9
13 50 -5
13 21 -10
13 14 -10
13 25 0
13 33 -6
13 17 0
13 27 6
14 33 8
14 37 0
14 28 4
14 35 5
14 20 4
14 36 10
14 22 -6
14 43 0
14 17 -10
14 46 -7
14 25 0
14 23 -10
14 39 4
14 24 -7
14 15 -1
14 44 0
14 41 9
14 26 0
15 20 -8
15 22 -2
15 26 -6
15 38 -9
15 32 -8
15 40 5
15 47 -10
15 25 3
15 31 -3
15 28 5
15 27 -1
15 19 -8
15 17 -5
16 32 -6
16 18 0
16 45 5
16 30 -2
16 25 -2
16 50 -3
16 19 -8
16 28 6
16 43 -8
16 34 4
16 17 -9
16 31 -6
16 37 -1
16 22 10
16 29 -1
17 38 -6
17 39 1
17 43 3
17 37 -4
17 36 -5
17 30 0
17 41 5
17 46 -9
17 48 10
17 18 -8
17 29 8
17 25 -3
17 35 0
17 24 1
17 23 -5
18 44 5
18 25 -7
18 22 -10
18 38 -8
18 34 9
18 35 -4
18 50 -6
18 30 -3
18 36 -7
18 24 0
18 41 -2
18 31 3
18 28 5
18 43 6
18 32 -10
18 42 2
18 33 1
18 46 7
18 19 8
19 42 3
19 35 -3
19 32 -3
19 46 -5
19 50 5
19 23 2
19 24 -1
19 33 -8
19 45 -9
19 37 4
19 30 7
19 43 0
19 26 9
19 21 -4
20 29 -8
20 21 1
20 27 -1
20 36 -6
20 28 0
20 42 9
20 44 -1
20 46 9
20 22 4
20 48 -9
20 26 6
21 50 9
21 34 -1
21 28 0
21 41 5
21 49 4
21 45 8
21 29 1
21 36 -5
21 25 3
21 22 9
21 31 2
21 48 -6
21 32 7
21 46 6
21 24 0
21 44 3
21 26 -10
22 25 10
22 49 -7
22 37 -10
22 36 -2
22 23 10
22 33 2
22 32 3
22 46 -1
22 26 -9
22 47 -5
22 40 -3
22 41 -4
22 42 -3
22 38 -1
22 48 -8
22 43 8
23 28 3
23 37 6
23 29 3
23 50 -3
23 24 -5
23 39 5
23 36 -4
23 42 -4
23 34 -3
23 32 -6
23 26 -7
23 45 -8
24 35 1
24 36 2
24 37 4
24 45 -2
24 33 8
24 49 8
24 26 8
24 50 6
24 32 -10
24 40 -5
24 25 -9
24 28 -6
24 41 6
24 42 -4
24 27 -9
25 27 4
25 38 8
25 50 -9
25 32 -6
25 46 6
25 26 1
25 49 -5
25 33 -3
25 43 -7
25 45 -10
25 47 10
25 37 3
26 36 -6
26 37 -9
26 28 4
26 30 -9
26 44 9
26 43 -7
26 41 1
26 27 10
26 40 -5
26 29 7
26 48 1
26 38 5
26 35 -4
26 33 6
26 45 -4
26 42 -1
27 38 -7
27 31 -7
27 39 10
27 46 2
27 50 5
27 44 0
27 45 4
27 42 0
27 43 6
27 40 -8
27 36 -1
27 47 -1
28 39 -9
28 50 -8
28 29 6
28 44 -1
28 33 4
28 36 -4
28 38 -6
28 47 -10
28 46 -3
28 45 0
28 48 0
28 49 5
28 32 7
29 44 3
29 46 -8
29 35 -2
29 34 -1
29 41 9
29 33 10
29 31 -2
30 33 4
30 48 -3
30 46 -3
30 34 -6
30 43 2
30 39 0
30 45 9
31 34 10
31 35 -6
31 41 2
31 33 6
31 43 8
31 47 4
31 40 8
31 48 4
31 44 0
31 36 -9
31 38 4
32 39 -9
32 47 -4
32 38 1
32 33 -5
32 40 -3
32 35 0
32 49 8
33 41 -10
33 40 -10
33 47 10
33 37 1
33 35 2
33 36 5
33 38 -3
33 50 10
33 45 -8
33 48 -4
33 34 -7
33 49 -5
34 48 -2
34 50 -5
34 39 -6
34 49 2
34 37 3
34 35 7
34 40 6
34 45 -2
35 39 -3
35 47 9
35 50 -9
35 45 -7
35 48 -9
35 44 -3
35 41 -2
35 49 -7
36 50 -1
36 38 5
36 48 -1
36 45 -1
36 47 5
36 49 6
37 38 10
37 41 8
37 48 0
37 39 -6
37 40 2
37 45 7
38 43 4
38 48 -6
38 50 4
38 40 -8
38 49 -5
38 45 9
39 41 6
39 47 0
39 48 -7
39 46 -9
39 45 -9
40 47 6
40 41 3
40 50 4
40 44 -3
40 45 9
41 49 5
41 50 1
42 47 3
42 44 3
43 49 -1
43 50 6
43 44 5
43 45 8
43 47 -6
44 49 4
44 50 4
44 46 3
44 45 0
44 48 9
45 49 -10
46 48 -2
46 50 -3
48 49 -3
49 50 2
