50 613 
1 31 3
1 28 -8
1 40 0
1 46 -6
1 34 -4
1 37 -10
1 27 10
1 10 4
1 16 -1
1 21 5
1 2 10
1 5 -2
1 39 3
1 29 -9
1 12 -5
1 26 7
1 3 0
1 30 10
1 41 -2
1 20 2
1 48 -5
1 14 4
2 19 -2
2 36 5
2 29 2
2 10 -9
2 40 -8
2 28 4
2 46 -5
2 38 9
2 39 7
2 41 9
2 18 -4
2 16 -1
2 8 9
2 37 5
2 27 5
2 48 -5
2 49 -6
2 43 4
2 34 -10
2 6 10
2 50 -10
2 44 3
2 15 -8
2 45 7
2 9 4
3 32 2
3 19 7
3 22 -7
3 17 -5
3 49 -9
3 29 -9
3 15 -6
3 14 10
3 6 7
3 35 9
3 46 -7
3 47 -3
3 42 -1
3 48 -10
3 18 3
3 41 -2
3 4 -5
3 30 8
3 45 -5
3 44 10
3 36 9
3 25 6
3 9 7
3 34 2
3 31 -8
3 11 -9
3 26 4
3 38 2
4 7 -6
4 28 -6
4 9 1
4 36 1
4 43 7
4 33 -4
4 38 -1
4 19 10
4 50 8
4 34 -8
4 12 -1
4 23 -2
4 18 -4
4 42 10
4 17 7
4 8 -1
4 30 5
4 39 -2
4 16 1
4 13 -5
4 20 -2
5 33 -10
5 50 5
5 45 -8
5 9 -7
5 23 2
5 6 10
5 36 -6
5 31 8
5 32 6
5 42 6
5 40 7
5 10 0
5 29 9
5 38 1
5 16 9
5 11 5
5 20 9
5 39 -10
5 12 10
5 30 -4
5 22 -7
6 43 9
6 50 8
6 38 10
6 26 6
6 12 10
6 19 -6
6 25 -10
6 49 4
6 34 0
6 13 2
6 16 -4
6 27 9
6 20 -2
6 48 7
6 32 -3
6 9 -7
6 45 -1
6 29 -10
6 30 -6
6 21 -5
6 14 -3
6 17 2
6 37 5
6 28 0
6 23 2
6 24 -2
6 35 9
7 36 2
7 15 -10
7 44 7
7 50 8
7 25 -5
7 34 -8
7 38 3
7 8 6
7 45 8
7 43 -6
7 24 0
7 12 8
7 35 0
7 30 -8
7 49 9
7 21 -8
7 23 -4
7 16 3
8 10 -4
8 44 -2
8 28 5
8 47 1
8 27 7
8 49 4
8 13 2
8 26 -3
8 23 -10
8 29 -4
8 37 -5
8 42 -8
8 36 -9
8 34 -6
9 19 7
9 50 4
9 39 -2
9 16 -3
9 44 -7
9 13 -10
9 12 -4
9 41 -8
9 32 -2
9 43 -3
9 42 -7
9 36 -7
9 10 9
9 22 -2
9 25 -10
9 11 -3
9 30 -1
9 38 3
10 32 -2
10 30 10
10 19 6
10 11 6
10 40 -10
10 36 2
10 44 -7
10 22 1
10 24 5
10 46 -3
10 48 -3
10 16 4
10 50 -8
10 47 9
10 14 -8
10 33 2
10 20 -4
10 15 -10
11 32 3
11 29 3
11 18 -4
11 49 9
11 33 9
11 36 -9
11 50 -3
11 48 -1
11 27 2
11 45 -8
11 39 10
11 14 7
11 31 3
11 34 9
11 22 10
11 42 -10
11 20 -5
11 24 5
11 35 -6
11 30 -10
11 46 -9
12 36 10
12 39 -7
12 16 9
12 44 -2
12 30 -2
12 38 -10
12 40 8
12 19 -7
12 24 -6
12 45 -4
12 15 -4
12 50 -9
12 17 7
12 37 5
12 43 8
12 28 7
12 26 -8
12 34 -3
12 32 -5
12 49 10
12 29 -1
13 16 -10
13 21 7
13 27 3
13 20 -1
13 50 -6
13 23 -5
13 15 3
13 45 9
13 26 -8
13 24 1
13 28 -4
13 48 -9
13 49 8
13 29 5
13 30 -1
13 31 -6
14 36 3
14 48 4
14 43 9
14 24 -4
14 50 2
14 27 4
14 39 2
14 29 -10
14 20 4
14 26 3
14 16 7
14 38 -9
14 19 -1
14 46 -2
14 15 -5
14 35 -10
14 30 7
15 40 -3
15 22 -2
15 24 8
15 41 9
15 27 -2
15 29 6
15 25 9
15 48 0
15 49 7
15 47 -6
15 28 -3
15 26 10
15 30 -10
15 23 1
15 21 -9
15 46 -5
16 48 -10
16 21 -8
16 34 -10
16 29 4
16 49 10
16 43 0
16 37 -4
16 28 -4
16 41 7
16 33 2
16 24 -4
16 45 -8
16 46 -10
16 39 5
16 17 -8
16 31 0
16 30 -3
17 19 -10
17 37 10
17 50 -1
17 20 -9
17 49 -4
17 42 6
17 18 3
17 21 7
17 38 -8
17 32 4
17 31 -9
17 41 1
17 39 -3
17 29 -5
17 23 -7
17 43 0
17 30 3
17 36 -1
17 28 -10
17 26 4
17 34 -2
18 50 -7
18 44 -3
18 40 10
18 27 -8
18 21 -6
18 47 1
18 46 -9
18 25 3
18 34 -3
18 19 8
18 45 -7
18 22 -4
18 42 9
18 20 5
18 24 -7
18 33 4
18 26 -1
18 43 0
18 41 -1
18 39 -1
18 28 -8
18 29 -2
18 30 2
18 36 3
19 49 6
19 21 -10
19 35 1
19 46 8
19 41 7
19 47 8
19 38 5
19 43 -2
19 33 -5
19 36 10
19 22 -7
19 25 -7
19 32 -9
19 30 -2
19 23 0
19 26 -2
19 37 9
19 34 3
20 47 6
20 22 -2
20 23 6
20 33 -3
20 43 7
20 25 10
20 28 -7
20 31 3
20 46 8
20 36 -2
20 35 -7
20 39 -1
20 34 -10
21 38 3
21 46 7
21 50 -9
21 32 2
21 37 -2
21 44 -3
21 27 5
21 29 -4
21 48 -1
21 47 6
22 23 -8
22 26 -3
22 35 -2
22 40 -4
22 45 -4
22 24 3
22 38 -2
22 33 -10
22 47 8
22 50 6
22 49 -9
22 46 10
22 43 -3
22 36 0
22 31 3
22 41 3
22 44 9
22 42 1
23 30 7
23 45 -6
23 48 -1
23 46 -3
23 43 9
23 42 -8
23 44 -7
23 36 10
23 40 3
23 29 -1
23 37 10
23 32 -7
23 31 -9
23 49 0
23 39 2
24 38 -6
24 40 -6
24 27 5
24 25 9
24 42 10
24 29 3
24 44 -8
24 37 0
24 50 -10
24 31 -1
24 39 9
24 48 0
24 26 -7
25 33 9
25 36 -10
25 39 -1
25 45 5
25 42 2
25 34 -4
25 28 2
25 27 -1
25 49 3
25 40 3
25 26 6
26 43 -6
26 33 2
26 38 3
26 29 9
26 27 -10
26 36 3
26 47 3
26 48 0
26 49 -2
26 32 5
26 44 1
27 29 1
27 39 0
27 33 -10
27 44 -7
27 41 -7
27 42 6
27 32 8
27 43 -1
27 36 7
27 46 -8
27 38 -7
28 49 2
28 50 2
28 31 -4
28 38 7
28 43 4
28 37 5
28 48 -2
28 42 0
28 30 -3
28 36 7
28 47 -9
29 34 -6
29 43 -2
29 33 5
29 50 6
29 40 -9
29 35 -6
29 41 7
29 39 -1
30 46 -2
30 36 9
30 33 -4
30 41 -10
30 47 -3
30 50 -4
31 46 -2
31 32 5
31 35 -1
31 50 -10
31 33 -7
31 44 0
31 47 2
31 40 9
31 39 0
31 48 -7
32 33 3
32 43 3
32 48 -3
32 38 8
32 46 -7
32 41 -4
32 50 -4
32 42 -10
32 40 3
32 35 4
33 46 10
33 37 9
33 43 4
33 45 -5
33 50 -3
33 35 10
33 40 10
33 34 4
34 41 -4
34 40 -5
34 38 -7
34 35 10
34 50 5
34 43 1
34 48 -8
34 49 -2
34 44 6
34 37 8
34 42 2
35 45 -1
35 49 -10
35 39 4
35 40 -10
35 47 6
35 50 -4
35 43 4
35 38 5
36 41 4
36 38 3
36 37 -9
36 50 10
36 47 -6
36 44 -7
37 40 6
37 42 10
37 50 0
37 46 -9
37 41 -2
37 45 5
37 44 10
37 48 2
37 43 5
37 47 -3
38 48 0
38 41 -7
38 46 1
38 47 0
38 50 10
38 44 2
38 40 0
38 39 2
39 48 -5
39 44 9
39 50 -3
39 42 -9
39 45 -6
39 47 10
39 49 2
39 41 -1
40 48 -10
40 47 4
40 46 -9
41 44 -2
41 43 -4
41 49 -10
41 46 8
41 42 4
42 45 -8
42 49 -8
43 50 -8
43 49 -5
43 48 -2
43 45 -2
45 48 6
45 46 -10
46 50 4
46 48 5
47 50 7
47 49 3
47 48 0
48 49 3
48 50 0
49 50 -1
