50 613 
1 31 2
1 30 7
1 43 9
1 46 -2
1 41 2
1 23 7
1 50 8
1 45 -6
1 19 -1
1 24 0
1 16 -1
1 48 9
1 10 0
1 32 7
1 22 1
1 13 9
1 17 6
1 21 -6
1 6 -1
1 27 9
1 49 1
1 8 -2
1 15 -3
1 7 2
1 2 10
1 39 -4
1 44 -7
1 36 -3
2 19 -4
2 20 -8
2 39 -8
2 38 0
2 17 5
2 41 0
2 28 2
2 46 -6
2 8 3
2 22 -1
2 3 3
2 44 0
2 29 7
2 25 5
2 21 -5
2 9 2
2 15 4
2 11 -4
2 12 -3
2 13 3
2 26 2
2 24 -2
2 36 -1
2 30 1
2 31 1
3 15 -9
3 21 0
3 16 -10
3 40 2
3 22 0
3 25 10
3 20 1
3 10 -1
3 5 10
3 39 -4
3 45 1
3 6 9
3 33 -5
3 34 -6
3 19 4
3 47 -5
3 35 -8
3 17 8
3 26 -3
3 11 9
3 7 -8
3 4 7
3 31 4
3 41 3
3 27 9
3 50 7
3 14 4
3 46 -5
3 13 1
3 28 -1
3 42 -9
3 29 -2
3 38 9
3 18 9
3 24 -10
3 8 2
4 29 -4
4 31 5
4 30 9
4 44 2
4 23 1
4 22 -7
4 41 -1
4 47 -4
4 42 -1
4 46 -8
4 20 10
4 37 8
4 28 1
4 24 8
4 13 -2
4 5 -9
4 48 3
4 35 -10
4 50 -5
4 27 7
4 16 -6
4 38 7
4 12 -2
4 18 8
4 11 10
5 15 -8
5 14 -9
5 20 1
5 36 -2
5 45 -10
5 7 7
5 6 9
5 42 -8
5 31 -4
5 11 3
5 22 8
5 17 -5
5 28 7
5 10 6
5 48 8
5 47 -2
5 13 10
5 12 8
5 43 -5
6 8 -4
6 10 -6
6 11 -4
6 40 5
6 38 -8
6 32 -1
6 7 0
6 30 1
6 16 -10
6 36 1
6 46 -8
6 20 -3
6 23 -6
6 42 0
6 25 3
6 47 -5
6 14 3
6 45 3
6 15 -7
6 35 -5
6 9 -1
6 28 5
6 27 6
7 42 4
7 18 1
7 12 0
7 11 -9
7 34 7
7 46 -3
7 28 5
7 44 -10
7 39 3
7 16 -1
7 47 -4
7 26 2
7 45 -5
7 35 1
7 19 -3
7 17 -8
7 15 -6
8 36 8
8 24 2
8 50 1
8 14 -10
8 45 8
8 47 -1
8 11 -10
8 39 3
8 32 -10
8 31 1
8 29 5
8 9 -5
8 30 8
8 18 10
8 35 9
8 15 2
8 17 0
8 20 -8
9 40 -4
9 36 5
9 32 4
9 47 5
9 13 -1
9 44 -6
9 50 -5
9 25 -3
9 24 0
9 17 -8
9 21 -1
9 34 -6
9 49 10
9 23 5
9 30 7
9 45 -3
9 46 -5
9 14 -5
9 27 -6
9 48 9
9 26 -1
9 39 5
9 20 5
9 43 -6
10 28 1
10 42 -2
10 27 8
10 29 6
10 24 6
10 34 -5
10 32 6
10 41 4
10 45 -7
10 15 8
10 50 2
10 49 -4
10 48 1
10 19 -10
11 29 7
11 35 -6
11 13 -1
11 45 6
11 14 -3
11 37 -3
11 19 8
11 39 6
11 33 5
11 40 0
11 30 6
11 36 -10
11 15 -9
11 34 -8
11 50 8
11 23 -4
11 47 3
11 42 -10
11 24 -6
11 27 6
11 28 8
11 17 9
11 18 6
11 48 10
12 45 6
12 26 -3
12 20 2
12 16 -8
12 30 -8
12 28 6
12 19 8
12 49 -3
12 50 9
12 44 -5
12 33 0
12 35 8
12 15 -10
12 38 7
12 17 5
12 46 -4
12 21 2
12 32 -4
12 37 3
12 40 9
13 45 8
13 36 10
13 17 1
13 21 -5
13 46 -4
13 20 2
13 33 -9
13 42 0
13 32 -5
13 28 9
13 16 5
13 25 5
13 27 -10
13 14 5
14 50 -7
14 32 1
14 49 -8
14 37 9
14 46 -7
14 43 -8
14 22 4
14 47 -9
14 38 2
14 16 0
14 18 -9
14 30 9
14 34 5
14 19 1
14 20 0
14 21 2
14 42 7
15 34 -8
15 31 -7
15 35 3
15 42 -4
15 49 -6
15 29 -4
15 27 7
15 38 3
15 28 9
15 30 -3
15 46 10
15 17 3
15 50 5
15 26 9
15 40 7
15 18 1
15 25 4
16 26 -9
16 49 -9
16 18 2
16 25 -8
16 37 3
16 47 3
16 29 10
16 41 8
16 30 10
16 39 -2
16 31 -5
16 33 -2
16 32 -5
16 19 7
16 35 -4
16 43 10
16 24 7
17 39 6
17 26 7
17 34 -2
17 31 10
17 22 -10
17 18 8
17 24 4
17 33 6
17 20 -5
17 21 -2
17 37 -2
18 22 0
18 37 2
18 35 7
18 50 9
18 45 -10
18 38 -5
18 24 -8
18 25 9
18 41 -1
18 19 -3
18 31 -4
18 46 -4
18 47 -8
18 48 -9
18 42 9
18 44 5
18 23 6
18 34 -5
19 42 6
19 36 -1
19 35 -5
19 29 -10
19 33 5
19 44 -4
19 34 4
20 48 -10
20 43 4
20 33 -5
20 38 9
20 44 2
20 40 1
20 32 2
20 27 -7
20 23 2
20 28 7
20 29 3
20 30 -3
20 35 -6
20 25 6
20 50 -4
20 41 -7
20 21 9
20 22 3
20 45 -8
20 26 8
20 46 -4
20 24 9
21 39 -10
21 25 -9
21 44 -9
21 32 -9
21 23 -6
21 40 -9
21 45 -9
21 28 -7
21 27 7
21 41 -1
21 34 9
21 35 -1
21 36 -3
21 47 -7
21 33 -9
21 50 5
21 49 10
21 43 4
22 34 -2
22 27 -1
22 40 7
22 42 9
22 37 1
22 33 2
22 46 -9
22 35 10
22 23 7
22 43 3
22 49 2
22 38 -4
22 30 -1
22 44 -3
22 48 4
23 39 -5
23 47 -10
23 32 0
23 30 6
23 45 -6
23 50 -7
23 38 -6
23 28 2
23 27 6
23 46 -10
23 43 -10
23 41 -3
23 24 -5
23 29 -3
23 42 2
24 34 -3
24 44 -8
24 27 7
24 26 3
24 47 -5
24 42 -1
24 30 3
24 50 -6
24 41 -10
24 45 8
24 37 1
24 32 2
25 32 -9
25 40 1
25 26 7
25 49 -4
25 48 -3
25 44 -9
25 34 -7
25 29 5
25 37 -10
25 41 -9
25 39 -1
25 28 7
25 30 7
25 42 9
25 35 7
26 44 0
26 41 5
26 32 8
26 34 -4
26 30 9
26 33 -7
26 28 -4
26 37 3
26 47 5
26 42 -10
27 32 1
27 41 -3
27 34 3
27 40 -6
27 47 10
27 30 -2
27 36 5
27 38 -7
28 36 -10
28 41 -2
28 46 -7
28 42 8
28 32 2
28 38 -9
28 39 10
28 30 0
28 50 -6
29 46 4
29 43 -1
29 48 5
29 50 -8
29 47 0
29 37 6
29 42 9
29 32 9
29 40 3
29 45 -9
29 41 -2
29 34 1
30 39 -10
30 44 0
30 36 3
30 33 2
30 47 4
30 35 -10
30 40 1
30 49 -3
30 43 10
30 34 0
31 37 6
31 33 -5
31 49 9
31 39 -10
31 45 0
31 36 7
32 49 -5
32 44 2
32 37 3
32 48 7
32 47 2
32 33 -9
32 36 0
32 46 -8
33 40 2
33 50 4
33 35 -10
33 48 -5
33 41 3
33 34 -3
33 37 1
33 45 9
34 45 6
34 49 3
34 44 -4
34 37 -6
34 39 9
35 44 9
35 41 1
35 48 -2
35 47 2
35 49 -1
35 40 2
35 38 4
35 36 7
35 39 1
36 43 -3
36 44 -6
36 48 4
36 37 0
36 50 6
36 46 -2
37 44 5
37 46 9
37 48 9
37 40 -6
37 39 5
37 38 1
37 49 8
37 43 -10
38 46 -9
38 49 1
38 47 -1
38 45 4
38 41 0
38 42 -7
38 40 5
39 47 -10
39 40 3
39 42 -4
39 50 6
39 48 -4
39 49 -8
40 45 -1
40 42 -5
40 43 -5
40 49 -3
40 47 0
41 42 3
41 45 9
41 46 8
41 43 -6
41 50 5
41 47 4
41 48 -9
42 44 -8
42 46 9
42 45 -2
43 48 -8
43 50 5
43 44 3
43 46 -10
43 49 -2
44 49 -6
44 50 0
44 47 4
45 48 -5
45 47 0
46 48 3
46 47 -7
46 50 -6
47 50 10
48 49 0
