50 613 
1 36 -10
1 23 9
1 13 1
1 34 -10
1 44 -1
1 43 -3
1 14 0
1 29 0
1 30 -10
1 35 9
1 21 0
1 4 3
1 37 9
1 8 -8
1 40 3
1 49 -10
1 12 -5
1 20 7
1 19 -8
1 15 -4
1 9 1
1 50 7
1 17 2
1 18 -8
2 44 -2
2 39 0
2 28 -1
2 32 1
2 50 8
2 6 -6
2 43 -2
2 45 -7
2 37 9
2 27 3
2 46 -7
2 34 1
2 24 9
2 21 -3
2 26 -1
2 3 2
2 23 -1
2 47 0
2 19 -8
2 5 10
3 5 -3
3 12 9
3 11 -5
3 37 -3
3 14 -10
3 6 -9
3 36 2
3 23 -9
3 40 0
3 41 0
3 49 0
3 31 9
3 32 0
3 27 0
3 4 -8
3 42 -3
3 10 -7
3 47 2
3 7 -3
3 39 -10
3 21 7
3 34 -1
3 35 1
4 31 -3
4 43 -5
4 46 4
4 42 -1
4 48 5
4 45 5
4 25 3
4 30 -7
4 19 -4
4 9 1
4 24 -5
4 12 -10
4 18 -8
4 23 -1
4 28 -7
4 15 -10
4 13 -6
4 41 -4
4 27 -10
4 38 -5
4 32 -10
4 37 -8
4 50 -7
4 7 -6
4 14 2
4 20 8
5 32 10
5 7 4
5 18 1
5 8 -8
5 22 0
5 26 -7
5 20 -3
5 19 -2
5 49 -3
5 14 -6
5 42 -4
5 36 -9
5 15 -2
5 46 3
5 34 6
5 21 -10
5 43 -9
5 11 -2
5 24 0
5 44 0
5 25 -1
5 37 0
5 23 1
5 27 10
5 40 -10
5 31 0
5 47 -6
6 31 -2
6 17 4
6 38 9
6 29 10
6 7 -9
6 40 6
6 18 -10
6 19 -9
6 37 4
6 25 -3
6 32 -4
6 10 7
6 16 -1
6 9 -1
6 30 3
6 44 -10
6 26 -10
6 39 4
6 22 8
6 33 3
6 36 3
6 27 -3
6 28 1
6 45 5
6 20 -9
6 8 8
6 15 1
6 42 -2
7 17 5
7 24 4
7 50 7
7 8 6
7 25 -9
7 39 9
7 42 -8
7 32 5
7 20 9
7 49 2
7 34 2
7 33 -1
7 19 -5
7 37 -3
7 9 -3
7 43 6
7 27 -6
7 29 0
7 26 -3
7 31 0
7 36 9
8 18 -5
8 37 -3
8 50 -4
8 9 -9
8 45 -1
8 35 10
8 41 8
8 38 -4
8 17 9
8 32 1
8 16 -1
8 20 2
8 34 -2
8 22 4
8 11 -6
8 27 -3
8 23 -5
8 24 -7
8 30 -4
8 46 10
8 21 -10
8 36 -7
8 15 -8
8 40 3
8 49 -3
9 38 -4
9 42 4
9 48 -9
9 49 -7
9 23 -5
9 39 3
9 33 0
9 15 -10
9 17 -1
9 45 5
9 50 -4
9 20 5
9 26 -2
9 36 0
9 30 -10
9 47 -7
9 21 4
10 18 -7
10 48 2
10 49 3
10 27 8
10 25 9
10 34 -7
10 11 3
10 14 -1
10 42 1
10 15 -1
10 47 8
10 22 8
10 31 -4
10 36 -4
10 39 -4
10 46 7
10 43 -2
10 23 5
10 40 -8
11 25 -7
11 45 -9
11 42 -3
11 20 0
11 16 6
11 19 5
11 18 3
11 27 -7
11 46 -8
11 33 -5
11 50 3
11 26 9
11 41 5
11 21 4
11 12 -9
11 13 0
12 24 3
12 49 5
12 29 10
12 21 -7
12 33 2
12 41 4
12 40 7
12 47 8
12 31 5
12 26 -3
12 30 4
12 45 -7
12 48 4
12 39 8
12 14 6
12 18 3
12 17 -6
12 46 -6
13 14 3
13 42 -3
13 25 4
13 38 -4
13 48 10
13 43 4
13 29 2
13 36 -10
13 33 0
13 27 -7
13 45 3
13 34 -4
14 18 -9
14 44 4
14 15 -9
14 43 -10
14 34 4
14 46 8
14 41 -7
14 23 8
14 47 -6
14 40 3
14 45 -8
14 39 10
14 36 -7
14 22 0
15 34 0
15 50 10
15 47 4
15 19 8
15 33 -2
15 22 0
15 48 -3
15 39 6
15 23 -10
15 31 -7
15 36 9
15 45 -4
15 42 -3
15 32 -2
15 38 3
15 44 -9
15 28 -5
16 25 10
16 31 -10
16 24 1
16 21 -9
16 20 -2
16 48 -3
16 42 -2
16 40 -5
16 39 4
16 29 2
16 36 -5
16 19 8
16 23 -5
16 46 2
16 50 10
16 17 4
16 22 9
16 43 4
16 45 -3
16 18 -2
16 49 2
16 34 1
17 40 -1
17 20 0
17 30 -7
17 33 -1
17 22 5
17 25 8
17 27 9
17 50 1
17 23 -6
17 38 10
17 24 6
17 21 -5
17 49 -9
17 45 -5
17 28 2
17 35 -3
17 48 -8
17 18 0
17 43 5
17 19 3
17 37 0
18 25 -4
18 28 -5
18 35 -4
18 43 -4
18 29 9
18 45 -10
18 27 -3
18 41 -3
18 31 -7
18 21 8
18 26 -1
18 22 -9
18 24 9
18 42 -1
18 44 0
18 32 -9
18 34 7
19 35 2
19 31 -5
19 38 0
19 47 2
19 44 10
19 34 -5
19 37 -10
19 40 -6
19 29 -6
19 33 2
19 49 5
19 50 -3
19 45 9
19 20 -9
19 27 -10
20 39 -5
20 34 8
20 26 0
20 21 -6
20 36 -1
20 49 4
20 48 -6
20 33 5
20 30 5
20 46 -1
20 31 3
20 47 -6
20 32 6
20 41 0
20 43 6
20 38 -3
20 22 1
21 32 -4
21 39 2
21 35 4
21 26 -10
21 49 -1
21 48 5
21 28 6
21 44 -2
21 41 7
21 25 10
21 29 -4
21 24 7
21 50 6
21 36 3
21 43 -7
22 37 -4
22 42 -8
22 33 4
22 26 8
22 48 -8
22 23 8
22 29 -4
22 25 9
22 49 -7
22 32 -9
22 47 1
23 47 9
23 43 7
23 27 -4
23 48 8
23 33 3
23 37 8
23 50 0
23 44 -3
23 41 3
23 24 -4
23 32 2
24 34 5
24 45 -8
24 30 4
24 47 -4
24 44 1
24 35 2
24 38 6
24 42 1
24 29 -6
24 25 -2
24 43 7
24 33 -7
24 46 6
24 26 -3
24 41 7
24 28 -6
25 39 -7
25 43 9
25 44 10
25 27 -5
25 32 1
25 41 6
25 26 9
25 28 -4
25 50 4
25 35 7
25 48 7
25 40 -4
25 38 6
26 44 8
26 29 9
26 47 4
26 50 1
26 27 -1
26 37 5
26 36 0
26 45 1
26 30 1
26 43 4
26 48 4
27 47 -6
27 40 5
27 33 -1
27 35 -1
27 46 -5
27 39 -3
27 28 1
27 48 1
27 29 -8
27 30 2
27 31 -10
27 50 6
27 38 3
28 32 10
28 49 10
28 34 -9
28 42 5
28 48 8
28 35 -3
28 30 5
28 37 4
28 43 3
29 31 -3
29 32 0
29 50 -10
29 40 -2
29 46 -6
29 36 7
29 35 2
29 42 4
29 34 7
30 44 -5
30 50 -10
30 42 2
30 48 2
30 38 3
30 32 -7
30 40 4
30 33 9
30 49 -2
30 34 -6
30 39 -9
30 46 10
30 43 7
31 41 9
31 44 -5
31 43 -4
31 33 5
31 32 -2
31 47 -1
31 49 -9
31 42 10
32 40 6
32 46 -5
32 43 0
32 37 9
32 49 -10
32 36 -2
32 38 4
33 48 9
33 47 3
33 50 -3
33 40 -2
33 49 -4
33 38 5
33 46 8
33 44 -3
34 45 10
34 39 -9
34 37 6
34 38 -2
34 40 9
34 36 -9
34 44 -6
35 45 7
35 40 -5
35 48 -3
35 49 -7
35 43 2
35 50 3
35 38 -4
35 46 8
35 39 1
35 42 1
35 44 6
35 37 7
36 50 -3
36 45 -2
36 49 0
36 40 5
36 37 -4
36 48 -6
36 41 -7
36 46 8
37 49 -8
37 38 -9
37 48 8
37 40 -5
37 39 -10
37 43 1
38 47 -2
38 46 -4
38 50 -10
38 40 -2
38 42 -6
38 39 -3
38 48 -2
39 48 -7
39 40 9
40 46 -10
40 42 -10
40 50 3
40 47 -6
40 43 10
40 44 -3
41 49 -9
41 47 3
41 45 -7
41 48 -2
41 44 -7
41 43 -4
42 44 7
42 46 9
42 45 -2
43 46 8
43 44 -8
43 45 5
44 49 -8
44 46 2
44 45 3
45 46 -9
46 47 -9
46 48 8
47 48 -3
47 50 2
48 49 -4
48 50 -3
