50 613 
1 30 6
1 14 9
1 7 -9
1 48 6
1 9 -1
1 17 9
1 39 -3
1 15 1
1 29 -6
1 22 5
1 20 -1
1 10 6
1 21 -3
1 27 -7
1 4 3
1 42 3
1 24 -3
1 50 8
1 18 3
1 12 8
1 26 -10
1 40 3
1 32 -1
1 44 5
1 23 10
2 12 6
2 19 4
2 15 -10
2 20 -1
2 24 -1
2 35 -5
2 37 -1
2 6 -6
2 21 4
2 28 -9
2 30 -8
2 9 7
2 39 -10
2 32 1
2 7 -6
2 43 7
2 23 0
2 26 8
2 50 -10
2 45 1
2 10 -6
2 18 6
2 31 -8
2 5 8
2 16 1
2 27 5
3 30 -4
3 32 -7
3 44 -4
3 48 -8
3 35 7
3 7 -7
3 38 -5
3 19 -7
3 23 1
3 39 -1
3 28 -9
3 33 8
3 10 9
3 34 -8
3 5 -7
3 26 -8
3 40 1
3 29 0
3 11 3
3 13 1
3 12 -5
3 16 7
3 8 1
3 25 -6
3 24 3
4 45 -7
4 38 -4
4 46 10
4 44 10
4 15 8
4 35 7
4 24 5
4 6 9
4 43 2
4 25 -4
4 12 4
4 26 -4
4 16 5
4 21 -4
4 32 4
4 13 9
4 49 6
4 8 -8
4 29 -8
5 12 -8
5 49 -9
5 10 -6
5 40 4
5 7 -2
5 44 2
5 35 -7
5 39 8
5 29 -10
5 47 9
5 37 10
5 16 -4
5 23 3
5 20 8
5 38 6
5 45 -7
5 36 4
5 22 -6
5 11 -8
5 42 -6
5 46 -1
5 17 8
5 26 -10
5 50 6
5 21 3
6 9 -10
6 30 10
6 39 10
6 15 6
6 33 -2
6 13 -1
6 8 -7
6 7 9
6 28 1
6 48 -9
6 29 5
6 36 -6
6 14 4
6 17 -1
6 47 6
6 40 0
6 46 -7
6 44 -9
6 16 -1
6 26 -10
6 18 -4
6 27 8
7 36 -5
7 13 0
7 11 -5
7 43 -7
7 38 2
7 31 5
7 39 -5
7 49 -6
7 34 -8
7 48 9
7 20 -8
7 23 -5
7 37 -10
7 30 10
7 17 3
7 14 3
7 19 -4
7 15 -2
7 26 6
7 40 4
7 45 0
8 32 4
8 22 7
8 42 6
8 24 -7
8 15 6
8 40 -10
8 12 -9
8 25 -1
8 48 -3
8 34 -4
8 47 -4
8 14 -3
8 33 8
8 50 -10
8 21 7
8 23 -10
8 19 -7
8 43 -10
8 11 4
8 26 -10
8 27 0
8 46 8
9 13 0
9 48 5
9 24 0
9 34 10
9 28 -2
9 21 3
9 47 1
9 31 -8
9 20 -7
9 32 -8
9 41 3
9 45 7
9 22 2
9 35 -2
9 10 -5
9 39 -9
9 33 -5
9 43 8
9 36 -3
10 42 -1
10 43 2
10 29 -10
10 24 -7
10 26 -4
10 13 -5
10 21 2
10 20 -4
10 19 0
10 44 -2
10 45 10
10 36 5
10 38 -9
10 15 -4
10 35 -10
10 30 6
10 34 6
10 16 -8
10 41 -6
10 17 4
10 48 0
10 23 8
11 28 3
11 48 -5
11 19 8
11 22 5
11 20 3
11 42 9
11 49 -10
11 27 -2
11 38 -8
11 12 6
11 37 1
11 41 6
11 46 -3
11 36 -4
11 24 -7
12 50 -6
12 32 -6
12 47 -7
12 23 -10
12 36 -9
12 35 2
12 30 -1
12 49 2
12 48 2
12 25 7
12 34 -9
12 38 -1
12 27 3
12 40 -5
12 33 -8
12 26 9
12 13 3
12 42 -7
13 43 -5
13 40 -5
13 39 -5
13 19 -5
13 18 2
13 31 -3
13 49 1
13 47 -4
13 45 7
13 48 0
13 41 2
13 24 10
13 34 4
13 15 4
13 23 1
13 38 9
13 32 0
14 33 -2
14 47 -4
14 27 6
14 50 0
14 34 3
14 21 2
14 43 10
14 28 1
14 48 -4
14 45 -9
14 30 -4
14 16 10
14 15 0
14 42 -6
14 23 -2
14 18 9
14 31 -5
14 35 -10
14 17 3
15 17 -6
15 22 8
15 16 4
15 18 8
15 45 -2
15 28 7
15 38 9
15 37 9
15 49 -8
15 34 -5
15 23 -7
15 29 -4
15 25 -3
16 37 1
16 26 4
16 31 3
16 46 -9
16 33 -10
16 18 9
16 48 0
16 42 3
16 21 3
16 20 -3
16 27 4
16 41 -9
16 32 -1
16 25 3
16 38 -2
16 35 5
16 28 -3
17 42 4
17 48 3
17 29 0
17 46 -1
17 31 3
17 36 2
17 39 9
17 30 1
17 25 -4
17 45 -8
17 20 -5
17 19 -1
17 26 -9
17 23 0
17 21 -7
17 28 -7
17 22 -7
17 37 1
17 35 10
17 27 -5
18 47 1
18 19 2
18 41 2
18 30 8
18 38 9
18 33 3
18 40 1
18 26 -1
18 23 -2
18 34 9
18 37 0
18 35 8
18 43 0
18 25 -2
18 32 0
18 22 -5
18 50 9
18 21 -9
18 28 -5
18 46 -10
18 20 -5
19 29 -1
19 45 1
19 42 -9
19 49 10
19 31 -1
19 36 4
19 43 -7
19 35 7
19 22 2
19 40 -3
19 27 -5
19 25 2
19 26 0
20 50 -3
20 39 -7
20 48 1
20 46 5
20 33 6
20 40 -3
20 49 4
20 47 9
20 45 9
21 30 5
21 38 -10
21 43 -8
21 28 7
21 34 5
21 32 -3
21 27 -1
21 41 -1
21 23 -10
21 45 -5
21 26 8
21 36 -5
21 44 -9
21 24 -4
21 39 -9
21 33 8
21 40 3
21 50 9
21 49 -1
22 37 5
22 46 -2
22 48 -10
22 38 -10
22 43 5
22 23 2
22 47 -6
22 40 -7
22 42 3
22 35 -3
22 29 -5
22 44 5
22 32 5
22 30 -7
22 26 -4
22 45 -6
23 35 -10
23 39 0
23 45 -2
23 27 3
23 40 -8
23 37 -2
23 28 5
23 49 -6
23 50 7
23 25 -10
23 30 -10
23 44 2
24 29 -5
24 42 9
24 35 -4
24 39 -3
24 44 8
24 40 3
24 32 3
24 27 9
24 49 -7
24 38 4
24 37 2
25 42 3
25 33 -9
25 46 9
25 45 1
25 48 -1
25 37 8
25 27 10
25 50 0
25 30 10
25 36 9
25 31 -3
25 40 8
25 32 6
25 47 0
25 44 -9
26 37 0
26 30 10
26 34 2
26 28 -9
26 40 -4
26 44 -10
26 48 2
26 38 -1
26 45 1
26 35 -4
26 47 6
27 29 -1
27 43 9
27 40 -8
27 39 -5
27 46 -4
27 32 -2
27 30 -4
27 34 -5
27 36 10
27 33 -6
27 42 -8
27 44 -7
28 34 8
28 44 10
28 37 8
28 29 7
28 48 10
28 45 5
28 50 5
28 32 -8
28 42 8
28 38 5
28 39 8
29 36 6
29 42 -4
29 48 -9
29 43 1
29 34 5
29 35 9
29 50 -8
29 49 9
29 38 -8
29 47 1
29 45 0
29 46 -4
30 38 -5
30 35 5
30 45 3
30 41 2
30 42 9
30 40 -10
30 49 1
30 44 -4
30 36 4
30 50 0
30 32 -10
31 38 -10
31 48 8
31 42 -3
31 47 8
31 41 3
31 44 -9
31 35 6
32 50 1
32 40 -7
32 37 9
32 35 -8
32 49 10
32 46 4
32 34 7
32 47 8
32 48 -3
33 48 -3
33 44 1
33 41 8
33 47 -3
33 35 -4
33 46 0
33 39 -8
34 35 -9
34 39 2
34 46 -6
34 50 -9
34 40 -5
34 38 -9
34 45 -2
35 37 8
35 41 1
35 47 -6
35 39 0
35 42 -7
35 38 -4
35 49 4
36 48 -8
36 45 -1
36 43 1
36 39 0
36 38 2
36 42 -9
36 40 -3
36 37 -3
36 49 -9
36 44 -6
37 48 -3
37 41 9
37 44 1
37 43 0
37 45 -5
37 40 -10
37 39 -8
37 42 1
37 47 -3
37 49 4
38 41 7
38 46 -10
38 43 -3
38 49 -9
38 48 9
38 39 6
39 44 -2
39 47 3
39 48 -9
39 50 -1
39 41 10
39 46 -10
40 41 6
40 50 1
40 47 -3
40 45 -10
40 44 0
41 50 -9
41 44 -7
41 48 6
41 47 0
42 43 0
42 44 6
42 50 -4
43 48 1
43 46 10
43 47 -2
43 44 -10
44 49 10
44 50 -9
45 50 -6
45 47 7
46 49 8
46 50 -1
46 48 1
47 50 3
47 48 -6
48 50 -5
