50 613 
1 28 1
1 6 -1
1 8 -5
1 50 4
1 36 -7
1 26 -5
1 45 5
1 46 1
1 12 3
1 43 3
1 29 -3
1 13 -3
1 15 -6
1 35 -7
1 11 6
1 10 5
1 4 -6
1 2 5
1 49 9
1 7 6
1 38 7
1 44 5
1 30 -4
2 6 -3
2 4 -2
2 34 3
2 25 2
2 17 0
2 31 -6
2 32 -9
2 15 -1
2 11 -1
2 24 8
2 10 -9
2 5 10
2 43 -4
2 27 -8
2 35 5
2 40 6
2 13 -7
2 48 -7
2 16 -10
2 47 9
2 39 2
3 16 -5
3 12 -9
3 29 10
3 45 -9
3 14 -10
3 44 2
3 24 1
3 19 -3
3 42 -1
3 49 5
3 4 -5
3 41 -1
3 27 0
3 33 1
3 8 5
3 40 4
3 46 5
3 35 9
3 11 3
3 47 -6
3 48 7
3 9 10
3 39 -8
4 17 -1
4 40 -9
4 28 1
4 35 -6
4 46 4
4 19 -9
4 31 -3
4 34 -2
4 43 3
4 44 1
4 9 -9
4 42 0
4 12 -6
4 11 10
4 13 7
4 22 -9
4 8 0
4 48 3
4 24 7
4 33 9
4 37 1
5 11 9
5 18 -2
5 46 -5
5 21 8
5 38 -8
5 12 -5
5 8 1
5 40 3
5 30 6
5 48 2
5 15 -2
5 29 -6
5 28 -4
5 45 -3
5 19 10
5 27 -4
5 31 6
5 14 8
5 6 1
5 42 7
5 26 -1
5 25 -7
5 37 0
5 16 -9
6 49 -6
6 18 4
6 15 2
6 43 2
6 45 -1
6 8 -7
6 22 -7
6 46 -1
6 25 -4
6 16 3
6 12 -6
6 7 10
6 30 9
6 33 6
6 42 6
6 21 -3
6 27 8
6 35 -3
6 13 0
6 37 6
6 9 9
6 26 -6
7 27 10
7 38 1
7 39 -3
7 36 -9
7 44 -6
7 17 -7
7 34 2
7 19 2
7 21 -9
7 32 -2
7 8 6
7 46 2
7 23 -5
7 20 -6
7 40 5
7 12 -1
7 11 9
7 10 7
7 35 2
8 50 -9
8 15 -5
8 37 6
8 35 -7
8 26 -2
8 13 -5
8 42 -1
8 39 0
8 33 -10
8 25 -2
8 49 0
8 47 2
8 24 1
8 21 -8
8 11 -10
8 9 -9
9 17 -8
9 40 -6
9 45 -10
9 49 -9
9 33 -7
9 34 -5
9 43 -6
9 14 3
9 26 3
9 19 -6
9 12 -3
9 13 2
9 20 -6
9 35 9
9 22 9
9 25 0
9 42 -6
9 30 -10
9 47 -1
9 18 2
9 48 -9
9 24 10
9 36 -4
9 44 3
9 28 2
9 11 0
10 36 1
10 11 -8
10 17 -8
10 50 -4
10 32 -6
10 38 -10
10 25 4
10 33 8
10 40 2
10 35 -4
10 29 2
10 39 1
10 20 10
10 19 10
10 26 -4
10 49 8
10 34 0
10 47 3
10 15 -10
10 43 4
11 44 -7
11 19 1
11 45 3
11 14 4
11 32 -1
11 36 2
11 42 -10
11 39 -2
11 29 8
11 49 -7
11 18 10
11 47 -9
11 13 -2
11 21 -5
11 37 10
11 38 -7
11 12 5
11 20 -9
11 15 -3
11 22 7
11 25 -3
11 30 8
11 50 0
11 27 2
11 24 -5
12 32 -8
12 19 0
12 34 1
12 16 -5
12 15 10
12 49 -6
12 36 3
12 46 -4
12 28 10
12 26 -5
12 20 10
12 22 4
12 47 -10
12 50 -4
12 18 -7
12 14 -10
12 21 2
12 29 8
12 31 3
12 25 -5
12 33 -1
12 38 -1
12 45 -1
12 43 -3
13 45 -6
13 34 1
13 38 -10
13 17 -1
13 25 -6
13 26 6
13 23 4
13 22 -3
13 40 5
13 43 -3
13 48 8
13 47 -3
13 15 -8
13 31 -4
13 20 9
13 28 1
13 21 1
13 29 1
13 18 -4
13 41 -5
14 21 -9
14 37 8
14 25 8
14 27 1
14 19 -1
14 29 2
14 42 -3
14 38 -2
14 18 -6
14 15 8
14 20 8
14 43 -7
14 16 4
14 22 10
14 26 2
14 49 -3
14 46 9
14 47 -6
14 41 10
14 44 5
15 23 1
15 24 3
15 41 -8
15 37 -10
15 26 9
15 48 -4
15 32 8
15 47 3
15 22 9
15 38 -3
15 30 -8
15 35 0
15 29 -2
15 42 7
15 33 -2
15 19 10
16 22 7
16 41 4
16 21 4
16 45 5
16 40 -4
16 47 1
16 34 -3
16 27 -5
16 20 7
16 17 0
16 36 3
16 29 5
16 25 6
16 42 -5
16 46 -2
16 19 8
16 39 6
16 18 3
17 50 -3
17 45 -1
17 19 0
17 22 -1
17 18 -3
17 39 -9
17 32 1
17 23 0
17 42 10
17 38 6
17 40 9
17 26 -10
17 24 3
17 49 -1
17 34 3
17 37 -2
17 27 7
17 33 0
18 46 1
18 41 6
18 22 -7
18 35 4
18 30 6
18 34 6
18 23 9
18 43 5
18 40 -2
18 19 -1
18 47 -6
18 45 -2
18 27 -9
18 38 8
18 44 1
18 48 1
18 49 10
18 32 10
19 27 3
19 41 -3
19 44 -3
19 50 -4
19 42 1
19 30 1
19 26 4
19 45 -4
19 33 4
19 35 8
19 48 -1
19 28 4
19 23 10
19 47 9
20 22 -5
20 41 0
20 21 3
20 32 2
20 25 -2
20 29 -7
20 27 0
20 47 -3
20 50 -2
20 30 -10
20 26 -1
20 46 -8
20 38 -9
20 44 10
21 40 3
21 43 -2
21 46 0
21 48 -9
21 42 3
21 22 6
21 36 -7
21 49 -9
21 45 8
21 34 10
21 47 -10
21 26 9
21 38 -3
21 25 -4
21 35 -5
21 29 -4
22 38 10
22 49 -5
22 33 -7
22 23 -3
22 37 5
22 28 1
22 44 1
22 29 -8
22 26 -7
22 35 3
22 36 3
22 30 2
23 43 7
23 32 8
23 40 -3
23 41 8
23 39 5
23 36 4
23 50 6
23 26 -5
23 47 -3
23 27 4
23 48 8
24 39 -1
24 40 -5
24 46 10
24 26 -4
24 37 8
24 48 3
24 45 7
24 27 9
24 38 -1
24 30 -3
24 42 7
24 28 -4
24 34 -4
24 41 -9
24 43 4
24 33 -3
24 25 7
25 30 -7
25 38 8
25 36 -10
25 48 9
25 35 8
25 32 6
25 44 7
25 49 1
25 27 4
25 45 -2
26 31 -4
26 41 6
26 49 10
26 35 4
26 28 -3
26 40 -9
26 43 -10
26 48 4
26 37 7
26 50 -5
27 37 -7
27 32 0
27 47 3
27 38 9
27 41 -5
27 46 3
27 42 -7
27 30 5
27 45 9
27 28 -2
27 50 -5
28 32 -3
28 31 -4
28 44 5
28 33 5
28 38 4
28 39 10
28 42 2
28 34 -6
29 46 -10
29 36 -2
29 30 5
29 38 7
29 34 -3
29 48 -10
29 47 -10
29 35 3
29 37 -4
29 42 -1
29 32 -5
29 39 4
29 49 5
29 41 -8
30 39 -7
30 49 -3
30 32 5
30 46 -1
30 44 -7
30 47 -5
30 35 3
31 32 5
31 41 -2
31 45 -3
31 36 -3
31 44 4
31 38 2
31 46 -9
31 50 -2
31 37 7
31 47 9
31 48 9
31 35 -9
31 39 0
32 37 -9
32 38 3
32 45 -3
32 40 2
32 39 -6
32 41 2
32 42 1
32 44 -1
33 49 10
33 50 6
33 40 -3
33 44 -7
33 38 1
33 43 -6
33 42 -1
33 34 7
33 39 7
34 36 7
34 40 -5
34 42 -2
34 41 -3
34 44 4
35 47 0
35 44 5
35 37 -9
35 45 9
35 38 6
35 48 -4
35 39 5
35 36 3
35 43 4
36 38 -8
36 46 -2
36 39 -2
36 45 1
36 42 2
37 47 -9
37 46 3
37 43 -3
37 40 8
37 45 -6
37 48 -2
37 41 7
37 49 -6
38 43 8
38 50 -3
38 39 -10
38 46 -10
38 42 8
38 49 -1
38 48 -3
39 41 7
39 44 9
39 46 6
39 42 6
39 48 -5
40 47 -2
40 41 -3
40 44 4
40 42 4
40 49 -4
40 46 -8
41 42 -6
41 43 -4
41 50 -9
41 48 -3
41 46 -10
42 49 -4
42 47 0
42 45 -10
43 48 6
43 45 2
43 47 -6
43 46 10
43 50 -1
44 45 -3
45 47 -8
45 50 -2
47 49 -8
48 50 -8
48 49 7
49 50 7
