50 613 
1 31 -3
1 9 -3
1 8 -8
1 30 -7
1 16 6
1 7 8
1 24 4
1 43 6
1 3 6
1 47 5
1 28 3
1 46 4
1 13 -7
1 12 2
1 15 3
1 44 -8
1 2 -5
1 22 -4
1 45 7
1 37 7
1 17 -2
1 6 8
1 4 -5
2 40 -6
2 50 -10
2 16 10
2 41 1
2 26 10
2 23 -6
2 4 -3
2 7 -6
2 36 8
2 27 1
2 25 9
2 37 -3
2 11 5
2 9 -7
2 17 -2
2 3 3
2 29 7
2 35 -1
2 33 -9
2 5 4
2 8 8
2 21 -3
2 10 -7
2 43 2
2 46 -8
2 24 10
2 39 -5
3 13 -1
3 12 -8
3 38 7
3 44 0
3 49 4
3 36 -10
3 45 9
3 30 -6
3 28 9
3 4 1
3 33 6
3 31 0
3 21 -5
3 48 2
3 47 9
3 29 -1
3 43 3
3 41 8
3 22 6
3 24 6
3 20 -7
3 15 1
3 23 8
4 47 7
4 32 -8
4 6 3
4 42 -3
4 34 8
4 21 -3
4 23 -3
4 45 1
4 48 9
4 50 -5
4 30 -5
4 37 -8
4 7 -4
4 38 3
4 5 -4
4 16 9
4 31 -6
4 39 -9
4 43 -2
4 40 7
4 13 8
4 41 -9
4 14 7
4 8 1
4 26 -8
4 10 7
4 25 8
4 36 3
4 22 0
5 17 8
5 25 4
5 35 -1
5 41 5
5 20 7
5 33 10
5 10 -5
5 6 6
5 40 2
5 21 -8
5 9 9
5 11 8
5 29 9
5 50 -7
5 38 8
5 39 3
5 49 -6
5 47 -6
5 16 -9
5 23 -8
5 43 -5
5 48 -1
6 37 -7
6 8 4
6 17 1
6 45 4
6 23 -3
6 32 -7
6 34 1
6 29 2
6 40 -1
6 27 9
6 9 -1
6 11 7
6 48 -2
6 22 -9
6 15 3
6 33 3
6 43 3
6 18 3
6 7 -2
6 39 5
6 14 -2
6 38 3
6 49 3
6 47 -1
6 36 5
6 10 0
6 44 -10
6 26 -6
7 27 0
7 45 10
7 21 -8
7 37 8
7 8 -1
7 38 -1
7 48 9
7 12 5
7 28 3
7 31 -6
7 9 3
7 10 0
7 40 6
7 44 -2
7 11 4
7 49 -10
7 29 0
7 20 -1
7 47 2
8 11 -8
8 42 2
8 36 9
8 27 -2
8 40 1
8 39 -2
8 17 6
8 23 8
8 38 -9
8 9 -2
8 25 5
8 34 3
8 22 10
8 20 -1
8 15 8
8 49 6
8 41 6
8 24 -8
8 35 -4
8 43 -1
8 30 9
9 45 -2
9 31 2
9 50 2
9 32 8
9 10 -9
9 39 -2
9 17 9
9 36 3
9 34 7
9 26 0
9 47 2
9 14 -8
9 16 -2
9 42 7
9 46 -7
9 23 -2
9 29 7
9 28 6
9 25 7
10 16 6
10 11 9
10 33 -5
10 29 -2
10 32 0
10 35 6
10 30 -7
10 27 -9
10 40 10
10 19 7
10 21 6
10 28 -5
10 34 -8
10 48 -3
10 41 -2
10 24 9
10 14 9
10 12 -6
10 23 0
10 47 -2
10 13 -10
10 44 8
11 25 -4
11 44 1
11 20 9
11 18 -4
11 14 9
11 17 10
11 32 0
11 13 -9
11 41 -10
11 15 -2
11 21 9
11 22 2
11 46 -10
11 19 8
11 30 0
11 43 -8
12 31 -4
12 15 -6
12 39 6
12 14 5
12 34 9
12 41 -7
12 42 -2
12 20 9
12 24 2
12 23 3
12 29 0
12 45 1
12 27 5
12 46 -8
12 36 -9
12 38 9
12 49 8
12 17 -2
13 43 -6
13 32 5
13 48 1
13 15 -7
13 40 9
13 20 0
13 41 -2
13 42 10
13 17 -9
13 18 -3
13 14 -9
13 21 2
13 49 5
14 36 -8
14 35 4
14 41 -9
14 50 -5
14 44 7
14 29 -3
14 43 10
14 22 -3
14 47 5
14 46 7
14 24 3
14 40 -5
14 19 4
14 39 8
14 42 -4
14 34 -1
14 18 4
14 17 9
14 33 -10
14 32 8
14 38 -1
14 25 -6
15 42 1
15 21 5
15 26 -4
15 17 -3
15 47 10
15 44 -9
15 50 6
15 33 -7
15 19 -7
15 39 3
15 41 4
15 28 5
15 49 -2
15 34 -9
15 37 -3
15 43 -6
16 19 -6
16 24 3
16 33 -1
16 47 2
16 27 -10
16 42 7
16 23 2
16 29 6
16 38 10
16 21 0
16 17 -10
17 49 7
17 46 -1
17 47 5
17 37 -3
17 20 2
17 32 -10
17 23 -10
17 28 -2
17 26 -7
17 30 3
17 31 -8
17 33 4
17 40 -1
17 35 5
17 42 3
17 45 -7
18 34 0
18 37 -10
18 38 2
18 35 3
18 42 -3
18 50 1
18 30 -9
18 33 10
18 21 -5
18 29 3
18 24 3
18 43 5
18 23 -10
18 19 7
18 25 -6
18 49 -2
18 31 9
19 30 5
19 20 5
19 33 4
19 47 1
19 25 3
19 23 -8
19 49 6
19 31 -7
19 43 -3
19 26 -8
19 24 -3
19 34 10
19 22 -10
19 27 3
19 35 10
20 46 6
20 27 -5
20 37 7
20 23 0
20 35 3
20 47 9
20 44 -6
20 50 -3
20 49 0
20 33 -2
20 26 6
20 30 6
20 36 -7
20 45 -9
20 39 7
21 32 4
21 29 3
21 31 7
21 30 4
21 41 9
21 48 -8
21 46 -10
21 47 1
21 24 10
21 40 6
21 26 -7
21 50 5
21 28 -6
21 36 -7
22 50 2
22 47 0
22 31 0
22 24 10
22 33 -1
22 42 4
22 38 9
22 48 10
22 40 10
22 29 2
22 27 0
22 49 -10
23 34 -2
23 44 -8
23 38 3
23 30 5
23 43 5
23 41 3
23 28 3
23 50 -5
23 31 1
23 32 9
23 36 -5
23 45 -2
23 26 2
23 25 2
24 40 8
24 38 6
24 42 -4
24 30 -7
24 31 -6
24 36 10
24 43 -5
24 32 10
24 45 -7
24 33 1
25 35 -5
25 26 9
25 46 2
25 38 10
25 29 2
25 31 4
25 42 -10
25 48 -6
26 42 -5
26 41 -1
26 48 -1
26 31 -8
26 38 2
26 33 10
26 46 -3
26 36 -4
26 27 7
26 32 10
26 43 6
26 29 1
26 37 8
26 47 0
27 31 -1
27 43 8
27 44 3
27 28 8
27 45 2
27 39 -6
27 48 -5
27 36 -10
27 38 3
27 30 3
27 40 -1
27 32 2
27 46 4
28 34 9
28 48 10
28 43 -10
28 31 1
28 35 8
28 50 -10
28 40 -5
28 49 0
28 46 -9
28 37 3
28 29 -8
28 36 3
29 50 2
29 34 -9
29 40 -9
29 47 -2
29 48 8
29 36 -3
29 30 -5
29 35 1
29 37 3
29 44 -3
30 34 10
30 50 6
30 40 -4
30 47 7
30 31 9
30 41 5
30 39 5
30 36 1
30 32 3
30 45 6
30 43 -4
30 35 10
31 39 -10
31 33 4
31 42 -5
31 47 -7
32 48 0
32 33 -7
32 46 -6
32 34 5
32 40 -10
32 47 -8
32 49 3
33 44 4
33 47 5
33 36 -4
33 40 -2
33 46 10
33 35 -8
33 41 0
33 37 3
33 49 -10
33 45 7
33 50 -1
33 48 -2
34 45 -10
34 50 -1
34 44 5
34 43 2
34 49 7
34 48 -2
34 38 0
34 40 6
34 36 6
34 35 -1
35 46 8
35 42 -8
35 45 -4
36 38 8
36 48 -10
36 44 -2
36 41 -8
36 49 -9
36 42 -9
36 50 2
36 43 -9
36 45 -4
37 50 -5
37 45 -8
37 41 -3
37 49 8
37 48 -1
37 38 0
38 43 0
38 47 3
38 42 5
38 50 8
38 48 -4
38 45 4
38 40 -6
38 44 10
38 41 6
39 41 10
39 40 0
39 47 10
39 42 -5
39 45 2
39 43 4
39 44 6
39 48 9
40 48 0
40 50 -7
40 47 5
40 45 4
40 42 10
40 46 -2
40 43 -9
41 48 -7
41 47 -7
41 42 2
41 49 -6
42 44 5
42 49 -10
42 45 -7
42 43 -4
42 50 5
43 44 -4
43 45 7
43 46 6
43 47 8
43 49 3
43 48 10
43 50 9
44 46 7
44 45 7
44 47 9
44 48 -9
45 47 -10
45 48 -2
46 50 -9
47 49 -8
47 50 -5
47 48 0
48 50 -2
