50 613 
1 24 -9
1 20 0
1 16 0
1 6 8
1 33 4
1 18 -5
1 31 -1
1 11 9
1 40 -1
1 12 -6
1 9 0
1 43 -9
1 37 3
1 36 -7
1 34 9
1 25 -8
1 10 3
1 50 8
1 29 6
1 21 -9
1 8 -7
1 3 2
2 45 5
2 49 6
2 21 9
2 36 -10
2 40 9
2 10 -3
2 50 -6
2 39 10
2 5 -6
2 26 -3
2 15 -1
2 29 10
2 31 0
2 13 -7
2 19 6
2 34 1
2 12 0
2 38 -7
2 6 3
2 14 4
2 18 -5
3 17 -6
3 20 9
3 36 9
3 29 -4
3 5 -8
3 25 -5
3 40 6
3 46 -1
3 21 -6
3 31 -2
3 44 -6
3 22 10
3 8 1
3 10 2
3 24 -9
3 28 6
3 47 -4
3 9 8
3 38 -2
3 11 3
3 41 -2
3 16 5
3 39 10
3 26 2
3 42 -6
3 6 -9
3 45 -3
4 38 -2
4 36 -6
4 5 6
4 48 2
4 10 2
4 14 -2
4 24 2
4 15 1
4 22 -4
4 34 1
4 49 -10
4 37 1
4 7 -6
4 27 -2
4 16 0
4 21 -7
4 33 -2
4 40 -9
4 12 2
4 46 3
4 30 2
4 11 1
4 23 -8
4 6 4
4 31 7
5 37 -1
5 39 -6
5 45 -6
5 23 2
5 42 8
5 49 -10
5 28 -6
5 15 0
5 41 -2
5 46 -8
5 34 0
5 8 -7
5 30 7
5 33 2
5 44 10
5 18 5
5 21 -6
5 38 -1
5 11 -3
6 10 -5
6 39 -1
6 36 -4
6 35 6
6 18 9
6 32 -6
6 27 -10
6 25 -2
6 40 -1
6 46 -1
6 11 -6
6 29 10
6 45 0
6 31 1
6 20 10
6 17 -6
6 48 4
6 34 9
6 15 3
6 7 -10
6 41 9
7 20 0
7 32 3
7 50 -1
7 49 -7
7 29 -1
7 9 -6
7 40 8
7 28 2
7 12 3
7 41 10
7 39 -4
7 43 6
7 46 5
7 31 -7
7 25 -1
7 21 7
7 48 -3
7 26 5
7 44 0
7 42 7
7 30 6
7 8 9
7 10 -2
7 36 5
8 50 1
8 45 9
8 42 6
8 47 -3
8 44 -9
8 39 10
8 15 -8
8 26 -2
8 40 1
8 22 -8
8 9 1
8 28 1
8 17 -9
8 24 5
8 14 1
8 30 -10
8 11 -4
8 12 -5
8 32 -8
9 39 9
9 49 7
9 12 -1
9 44 6
9 18 -6
9 36 3
9 42 -7
9 35 -4
9 29 -3
9 19 4
9 24 -8
9 30 5
9 46 7
9 50 9
9 11 -3
9 41 5
9 28 -10
9 22 -5
10 46 -7
10 16 0
10 11 -6
10 20 5
10 38 -7
10 26 -3
10 37 1
10 45 -2
10 42 3
10 47 5
10 22 -3
10 30 -3
10 23 -9
10 27 -2
10 12 2
10 19 10
10 35 9
10 41 -6
10 17 4
10 43 7
10 31 -6
11 19 -1
11 43 1
11 20 -8
11 36 0
11 35 3
11 48 -4
11 12 6
11 30 -10
11 49 -2
11 21 4
11 22 2
11 41 -1
11 15 -5
11 44 4
11 23 5
11 38 -4
11 46 -1
11 32 -7
12 25 -3
12 41 -9
12 37 -7
12 34 1
12 14 -4
12 13 5
12 50 2
12 29 -7
12 40 10
12 39 3
12 15 6
12 30 -3
12 44 -3
12 49 3
12 32 -7
12 21 -2
12 24 -7
12 36 -8
13 50 6
13 18 5
13 17 3
13 14 9
13 41 2
13 31 6
13 45 -8
13 39 7
13 36 -7
13 47 -6
13 27 10
13 23 2
13 33 6
13 21 3
13 42 -5
13 22 -8
13 28 -9
13 46 4
13 44 -10
13 30 -6
13 15 8
13 25 -1
13 26 7
14 38 -2
14 24 -3
14 42 7
14 31 -8
14 16 -9
14 22 -2
14 37 7
14 49 8
14 45 6
14 29 7
14 19 -8
14 39 8
14 33 1
14 47 10
14 25 4
14 23 0
14 46 6
14 41 -9
15 31 3
15 48 2
15 23 10
15 40 8
15 17 6
15 43 4
15 18 -5
15 44 10
15 41 -9
15 27 -10
15 45 -1
15 25 -2
15 30 6
15 37 2
15 22 2
15 35 10
15 42 3
15 34 1
15 24 9
16 48 -4
16 20 6
16 17 2
16 40 0
16 38 0
16 26 6
16 28 -5
16 19 5
16 30 -4
16 45 -4
16 25 -9
16 41 3
16 35 -2
16 33 -4
16 22 3
16 32 7
16 23 2
17 42 -1
17 46 7
17 48 -5
17 36 0
17 21 10
17 18 0
17 38 -3
17 50 8
17 32 4
17 31 1
17 49 2
17 39 2
17 25 -2
17 33 -10
17 35 0
17 22 6
17 44 2
17 30 -10
17 26 2
17 20 5
18 30 8
18 27 -8
18 26 -5
18 29 8
18 44 -2
18 31 2
18 32 -6
18 19 -3
18 48 -5
18 35 2
18 36 -9
18 47 -9
18 20 -4
18 39 -3
18 28 -5
18 22 3
18 21 2
18 40 3
19 42 0
19 29 9
19 30 9
19 34 6
19 21 0
19 23 9
19 32 5
19 40 8
19 26 5
19 39 9
19 43 -2
19 47 4
19 50 8
19 49 7
19 37 6
19 27 10
19 35 10
20 32 -3
20 33 -3
20 39 -4
20 50 -8
20 34 0
20 44 5
20 29 8
20 22 -7
20 21 -4
20 31 -1
20 48 7
20 43 7
21 43 -2
21 47 7
21 44 8
21 46 1
21 32 -6
21 26 7
21 41 4
21 49 -6
21 35 -7
21 30 5
21 22 -2
21 39 3
21 29 -8
22 27 2
22 50 -9
22 31 0
22 34 0
22 40 8
22 45 2
22 46 5
22 39 0
22 38 -8
22 33 6
22 43 6
22 44 -8
22 23 -4
23 42 5
23 30 -3
23 37 0
23 24 -6
23 39 -10
23 31 3
23 27 7
23 43 0
23 41 10
23 49 -3
23 25 -2
23 47 -8
23 46 -7
23 28 10
23 32 6
24 45 5
24 40 2
24 36 7
24 38 -2
24 43 -4
24 39 -1
24 49 -9
24 30 -6
24 25 -5
24 50 8
24 33 -5
24 46 1
24 35 -7
24 37 3
24 48 9
25 28 -2
25 37 -4
25 46 0
25 26 -7
25 35 -1
25 41 0
25 48 10
25 50 -5
25 38 -8
25 44 10
25 47 0
25 43 1
26 29 -9
26 38 -10
26 33 4
26 47 -1
26 31 1
26 34 3
26 30 -2
26 35 -7
26 43 9
26 46 6
26 41 -4
26 32 0
27 45 -1
27 48 2
27 29 -9
27 32 -9
27 49 0
27 37 -6
27 34 -3
27 31 -10
27 41 3
27 42 1
28 42 -5
28 46 2
28 40 1
28 34 -9
28 44 7
28 37 -7
28 48 -1
28 47 -6
28 50 -1
28 35 -2
28 29 0
28 43 -1
28 30 4
28 41 -5
29 42 -8
29 40 -2
29 30 0
29 46 9
29 36 7
29 34 -4
29 45 5
29 43 -6
29 41 4
29 44 4
29 35 1
29 37 -6
30 33 7
30 38 1
30 42 1
30 47 6
30 36 9
30 48 -2
30 46 0
30 50 -10
30 35 9
30 44 -8
30 39 0
30 31 -9
31 50 -7
31 47 2
31 46 6
31 37 5
31 39 -3
31 32 -3
31 38 -4
31 33 -6
32 35 5
32 39 9
32 49 3
32 48 -3
32 41 4
32 34 -1
32 33 5
32 36 -1
32 46 -9
33 41 -8
33 37 -7
33 50 -7
33 36 -6
33 39 4
33 35 -9
33 44 2
33 47 -2
33 48 -8
34 38 7
34 36 -3
34 46 2
34 35 0
34 43 8
34 40 -7
34 45 -5
34 42 -8
34 47 4
34 39 -10
34 37 3
35 40 4
35 47 -8
35 45 -5
35 36 -7
35 37 9
36 39 4
36 42 1
36 48 7
36 49 -8
36 40 -10
36 46 1
36 38 7
36 43 -1
37 38 4
37 49 -5
37 42 10
37 47 -6
37 43 -2
38 39 -9
38 43 -7
38 47 -2
38 45 -5
38 48 9
38 40 6
39 40 -7
39 42 -6
39 49 -1
40 44 1
40 45 5
40 48 1
40 42 -2
41 43 7
41 42 1
41 50 6
41 46 0
42 46 2
43 49 -9
43 48 -3
43 45 4
43 44 -7
43 46 -2
44 50 4
44 46 -3
44 47 -7
45 50 10
45 48 -9
45 46 6
46 47 4
46 49 5
47 48 2
49 50 -6
