50 613 
1 13 -6
1 34 9
1 41 10
1 29 2
1 42 -1
1 23 -2
1 49 -3
1 5 -2
1 16 8
1 30 -4
1 33 -10
1 19 2
1 31 -4
1 36 6
1 25 -7
1 8 5
1 18 -10
1 17 -3
1 3 5
1 39 -8
2 29 -3
2 36 -5
2 17 -7
2 34 -6
2 18 -5
2 49 8
2 31 7
2 35 2
2 10 4
2 22 7
2 15 1
2 3 -7
2 6 -8
2 9 -4
2 33 -1
2 47 -2
2 39 -1
2 21 -1
2 12 -2
2 48 2
2 19 0
2 41 -8
3 48 -7
3 11 -5
3 34 1
3 32 -6
3 29 6
3 37 6
3 43 -4
3 12 0
3 36 -8
3 49 -1
3 20 -8
3 14 8
3 50 10
3 30 9
3 18 9
3 47 -7
3 40 -6
3 19 5
3 46 -4
3 7 -8
3 27 -3
3 42 4
3 45 8
3 38 -9
4 27 3
4 14 -5
4 26 4
4 32 -7
4 34 -10
4 23 7
4 30 -5
4 25 -7
4 17 -7
4 37 2
4 13 -4
4 38 -8
4 31 -1
4 28 -4
4 50 -8
4 35 7
4 12 -2
4 36 7
4 43 -6
4 16 -3
4 44 -9
4 10 -6
4 42 -1
4 9 10
4 18 10
4 11 -9
4 39 -8
5 6 -8
5 23 5
5 35 -4
5 26 -6
5 20 2
5 39 10
5 10 6
5 30 -9
5 38 -7
5 48 8
5 50 10
5 25 8
5 46 -8
5 31 -6
5 11 8
5 9 5
5 29 4
5 32 -3
6 48 3
6 46 -4
6 18 -1
6 41 2
6 13 7
6 29 5
6 27 -6
6 38 -2
6 44 4
6 32 -4
6 50 -2
6 9 0
6 47 2
6 40 0
6 39 10
6 19 -2
7 46 -8
7 31 -6
7 37 -1
7 11 0
7 8 -2
7 38 10
7 21 -4
7 24 2
7 14 -2
7 44 10
7 18 6
7 20 -7
7 35 2
7 13 -2
7 28 -7
7 39 -2
7 34 -4
7 40 8
7 41 -3
7 32 6
7 45 -8
7 25 6
7 26 -7
8 11 -1
8 32 -5
8 43 -9
8 49 7
8 46 -6
8 40 9
8 48 -7
8 38 -7
8 44 7
8 31 5
8 17 10
8 35 3
8 37 4
8 23 3
8 12 -7
8 39 2
8 25 6
8 18 8
8 30 9
8 27 5
8 10 -10
9 48 -8
9 17 -2
9 34 3
9 27 2
9 28 8
9 37 3
9 36 1
9 38 -6
9 30 9
9 15 -6
9 26 3
9 24 -7
9 31 1
9 21 -6
9 29 10
9 46 10
9 45 6
9 43 3
10 36 8
10 26 8
10 48 1
10 28 3
10 31 10
10 42 9
10 22 5
10 15 9
10 45 8
10 24 -8
10 25 -1
10 47 8
10 27 -9
10 21 -2
10 20 2
10 43 6
10 39 8
10 18 10
10 19 4
10 38 -3
10 30 3
10 35 1
10 37 -4
10 23 6
11 31 7
11 46 1
11 48 1
11 21 -5
11 19 -4
11 35 6
11 14 4
11 50 -2
11 36 9
11 44 4
11 34 4
11 37 -6
11 30 -8
11 47 -1
11 26 -7
11 12 1
11 13 -3
11 23 -3
11 39 0
11 22 0
11 40 7
11 29 5
11 18 -9
11 38 -1
11 28 -9
11 27 -2
11 49 -2
12 14 1
12 50 -3
12 29 4
12 30 2
12 34 -6
12 21 8
12 48 -6
12 31 -3
12 19 3
12 39 9
12 40 4
12 35 -3
12 17 -6
12 23 -3
12 32 3
12 25 -7
12 18 -9
12 36 -2
12 44 -4
12 16 -5
12 37 -4
12 28 -6
13 35 -7
13 45 7
13 19 -1
13 40 5
13 15 -8
13 22 -7
13 50 4
13 34 -8
13 27 -1
13 48 -2
13 42 -1
13 17 -10
13 38 7
13 16 9
13 21 6
13 26 3
13 44 -6
13 47 6
13 36 3
13 18 -3
13 28 -8
14 29 -5
14 31 6
14 42 -2
14 22 -1
14 50 1
14 19 8
14 47 0
14 18 -3
14 46 2
14 25 -6
14 39 5
14 48 -7
14 45 9
14 38 -3
14 24 3
14 30 8
14 17 2
15 45 -5
15 35 -7
15 42 0
15 50 1
15 32 2
15 43 -8
15 28 -9
15 34 -4
15 36 4
15 23 -9
15 38 -9
15 16 -9
15 33 -9
15 41 -5
15 44 5
15 18 10
15 20 8
15 49 6
15 48 -3
15 29 3
15 19 -8
15 37 -9
15 40 5
16 36 5
16 32 5
16 33 -9
16 45 8
16 25 -8
16 34 -3
16 26 -4
16 20 10
16 24 3
16 30 -2
16 39 6
16 49 -8
16 28 8
16 44 -7
16 42 -9
16 23 5
17 25 5
17 31 3
17 20 -9
17 38 -6
17 35 -7
17 47 -1
17 41 8
17 48 -2
17 36 5
17 24 -2
17 19 -3
17 22 -7
17 33 5
17 18 9
17 34 3
17 43 10
18 33 -5
18 23 -5
18 27 1
18 28 4
18 25 8
18 47 -4
18 43 -7
18 21 1
18 24 -7
18 40 8
18 19 -2
18 36 -1
18 22 5
18 48 -7
18 50 2
18 42 -4
18 32 2
18 35 -1
18 49 7
19 39 8
19 27 3
19 34 7
19 43 -5
19 40 3
19 36 -8
19 29 -10
19 37 10
19 35 8
19 21 7
19 44 1
19 23 9
19 42 -8
19 32 9
19 28 -9
19 30 4
19 31 9
19 49 -9
19 20 8
19 22 7
20 43 10
20 42 -1
20 44 6
20 35 1
20 27 2
20 24 -3
20 26 -8
20 34 7
20 29 6
20 25 -10
20 46 3
20 31 -1
20 49 3
20 28 10
21 39 6
21 43 -7
21 33 1
21 41 2
21 44 5
21 31 1
21 25 10
21 47 -8
21 42 -4
21 40 -10
21 36 6
21 28 -6
21 37 -4
21 32 4
21 46 4
22 47 -8
22 24 8
22 48 2
22 25 -9
22 43 -2
22 46 5
22 39 5
22 29 -6
22 35 10
22 45 10
22 31 9
22 41 5
22 23 6
22 36 9
22 38 -7
23 42 9
23 44 -10
23 37 -10
23 35 -2
23 29 0
23 40 9
23 49 6
23 45 9
23 28 0
23 34 0
23 30 9
23 43 -8
23 25 -2
24 31 -7
24 48 6
24 27 10
24 41 -8
24 28 -9
24 26 -8
24 44 -7
24 30 0
24 32 -1
24 43 -4
24 38 6
24 36 -8
24 42 3
24 33 9
25 33 7
25 32 -1
25 38 -5
25 43 -10
25 45 -8
25 27 4
25 41 -2
25 30 9
26 44 10
26 41 -7
26 32 5
26 31 8
26 38 5
26 50 -3
26 40 -7
26 36 5
26 49 3
26 30 3
26 35 -4
26 45 -5
26 33 8
26 39 10
26 34 -5
26 28 -5
27 45 5
27 44 -7
27 30 0
27 33 3
27 47 10
27 34 1
27 37 -4
27 39 9
27 43 8
27 49 10
28 40 5
28 50 6
28 41 7
28 35 -8
28 37 -2
28 33 3
28 29 -7
28 30 -8
28 36 7
28 43 5
28 39 -7
28 46 7
28 48 0
29 30 9
29 47 9
29 38 9
29 41 -10
29 35 9
29 42 -8
30 40 2
30 45 7
30 35 0
30 44 3
30 39 10
30 34 -7
30 43 -7
30 50 4
30 48 -2
30 49 3
30 32 0
30 33 -5
30 46 -9
31 33 -9
31 39 -5
31 42 10
31 46 -5
31 38 3
31 47 -3
31 50 2
31 34 1
32 35 -4
32 44 8
32 47 -10
32 46 -7
32 49 -8
32 43 -3
32 48 7
33 39 -4
33 46 8
33 50 10
33 42 3
33 45 6
34 37 10
34 48 -7
34 43 -4
34 49 3
34 46 0
34 47 4
34 41 -10
35 46 6
35 49 -10
35 40 8
35 48 6
36 43 1
36 46 -4
36 38 -2
36 44 10
36 47 0
36 41 5
36 40 -1
37 48 -6
37 49 -1
37 39 -6
37 38 9
37 47 9
38 50 3
38 47 -9
38 42 5
39 44 6
39 41 -8
39 47 -4
39 49 -5
39 50 -6
39 45 5
39 40 3
39 46 -4
40 48 -1
40 49 -4
40 46 -1
40 50 8
40 44 10
41 42 -8
41 44 -6
41 45 0
41 49 7
42 47 2
42 46 5
42 45 -4
42 49 4
42 48 -4
43 48 -1
43 47 -10
43 44 -4
43 46 -9
44 47 8
44 46 9
45 48 5
45 50 9
45 49 -5
46 48 -2
46 50 -4
47 50 -5
47 49 -7
48 49 2
