50 613 
1 29 7
1 35 -8
1 16 2
1 15 3
1 19 8
1 5 -4
1 43 -5
1 47 0
1 42 6
1 32 -1
1 36 4
1 34 9
1 25 -4
1 4 9
1 46 -10
1 2 -4
1 7 -8
1 30 10
1 6 -7
1 44 -9
1 3 9
1 33 -9
1 12 5
1 17 -4
1 31 10
1 11 4
1 37 -4
1 18 10
2 35 -8
2 34 -6
2 12 -4
2 4 7
2 8 -3
2 24 -2
2 32 -7
2 31 4
2 43 -4
2 10 0
2 13 0
2 5 -2
2 38 -5
2 42 -10
2 7 6
2 45 0
2 26 2
2 14 6
2 47 1
2 17 2
2 18 3
2 40 1
2 21 -1
3 29 6
3 35 4
3 4 3
3 21 -7
3 34 3
3 38 9
3 15 6
3 5 3
3 13 -4
3 14 -8
3 31 9
3 44 0
3 16 1
3 49 3
3 41 -7
3 6 -10
3 18 -4
3 26 4
3 46 -10
3 23 4
4 38 -2
4 45 3
4 16 -4
4 49 8
4 23 -5
4 36 -2
4 34 0
4 41 7
4 35 -4
4 29 -6
4 24 9
4 20 -8
4 19 2
4 46 -6
4 25 -1
4 14 -10
4 13 -3
4 8 7
4 39 3
5 50 9
5 42 -10
5 20 -3
5 11 -8
5 21 5
5 37 7
5 18 -3
5 24 8
5 48 -4
5 35 6
5 22 6
5 7 -5
5 13 2
5 32 6
5 46 0
5 30 0
5 49 8
5 47 3
5 8 -10
5 23 3
5 33 0
5 10 9
5 19 0
5 39 -5
6 22 10
6 8 1
6 45 3
6 34 -8
6 44 -8
6 21 0
6 37 -7
6 24 -2
6 48 0
6 27 -5
6 49 -2
6 9 -2
6 35 -6
6 15 -1
6 23 -1
6 33 10
6 38 -5
6 39 1
7 22 7
7 10 3
7 35 -7
7 15 -10
7 28 -4
7 48 -2
7 34 -3
7 25 4
7 36 -4
7 13 0
7 42 -1
7 47 -7
7 45 -10
7 40 5
7 12 9
7 19 1
7 16 3
7 44 -4
7 8 -6
7 32 -4
7 21 10
8 39 -10
8 49 -8
8 45 8
8 10 4
8 14 -4
8 18 -7
8 37 -6
8 44 3
8 42 5
8 48 -5
8 47 3
8 30 -8
8 40 -9
8 50 6
8 35 10
8 27 -3
8 43 -1
8 33 6
8 12 10
9 28 -10
9 30 0
9 13 7
9 10 -4
9 26 3
9 35 -8
9 17 -3
9 43 8
9 21 -6
9 40 0
9 11 -4
9 29 8
9 16 -1
9 44 -4
9 27 -7
9 39 1
9 48 1
9 41 1
9 23 -5
9 45 3
9 42 9
10 25 3
10 42 8
10 28 6
10 29 -8
10 34 3
10 39 6
10 12 8
10 46 6
10 15 -2
10 18 9
10 33 3
10 41 -4
10 13 5
10 36 -5
10 27 2
10 45 1
10 49 10
10 44 0
10 48 -4
10 30 -8
11 32 5
11 35 8
11 15 6
11 23 2
11 29 7
11 19 7
11 37 -6
11 38 -9
11 13 3
11 42 6
11 46 5
11 36 0
11 27 -4
11 28 -4
11 50 10
11 47 5
11 40 -10
11 31 8
11 33 -4
11 30 0
11 24 -2
11 34 -5
12 34 0
12 15 2
12 18 -3
12 19 9
12 23 9
12 13 4
12 24 1
12 42 -1
12 26 9
12 37 -10
12 36 -5
12 48 -6
12 40 5
12 43 10
12 20 2
12 35 4
12 44 -7
12 41 8
12 21 9
13 22 1
13 30 -1
13 50 5
13 34 -9
13 14 3
13 18 7
13 23 -10
13 36 10
13 33 10
13 28 1
13 20 3
13 39 5
13 31 -6
13 43 5
13 37 1
13 35 -10
13 21 -1
13 16 -4
13 19 4
13 44 -4
13 40 -1
14 49 -3
14 23 0
14 46 -8
14 35 5
14 32 4
14 30 2
14 18 9
14 33 10
14 29 -2
14 24 8
14 41 -9
14 43 -3
14 45 10
14 16 5
14 26 4
14 39 -2
14 48 0
14 28 -5
14 25 -5
14 42 8
14 20 -1
15 34 -7
15 19 5
15 20 6
15 30 7
15 24 -7
15 23 6
15 22 -8
15 31 7
15 36 5
15 39 0
15 21 -8
15 17 -3
15 50 -7
15 42 7
15 16 -9
15 43 1
16 28 6
16 46 4
16 18 -6
16 47 -8
16 30 -6
16 37 6
16 41 -7
16 33 -3
16 25 0
16 50 7
16 42 -7
16 27 -6
16 32 -6
16 29 1
16 24 3
16 39 -5
16 20 10
16 35 -1
17 25 0
17 18 -2
17 19 -6
17 34 9
17 41 -7
17 32 -6
17 24 8
17 27 -6
17 44 1
17 26 7
17 31 8
17 20 -9
18 43 -8
18 32 6
18 24 10
18 41 2
18 27 -3
18 21 -8
18 30 5
18 48 4
18 20 7
18 33 -3
18 19 -4
18 35 -8
18 31 8
18 25 -6
18 34 -10
18 44 9
19 49 3
19 26 0
19 37 -9
19 33 8
19 20 8
19 47 -9
19 21 -6
19 23 -2
19 25 10
19 42 10
19 48 7
19 31 7
19 29 -5
19 39 -7
19 38 1
19 28 -6
20 39 5
20 35 7
20 46 -1
20 33 4
20 50 -9
20 43 10
20 32 6
20 28 -4
20 37 -6
20 36 -5
20 29 4
20 25 2
20 21 1
20 40 -4
20 24 2
21 39 -2
21 47 6
21 32 -7
21 50 7
21 36 -9
21 45 10
21 44 2
21 42 5
21 46 -3
21 31 4
21 49 -3
21 33 -4
22 48 9
22 29 9
22 31 -5
22 38 0
22 24 8
22 45 -2
22 42 -1
22 32 6
22 27 -10
22 43 10
22 37 9
22 23 -1
22 49 6
23 31 -1
23 34 5
23 44 -2
23 43 2
23 33 10
23 50 -2
23 30 -3
23 45 6
23 40 -6
23 48 5
23 37 -2
23 25 -1
23 26 -4
23 32 2
23 47 -6
23 39 10
23 42 10
24 28 10
24 41 -1
24 35 10
24 27 -3
24 26 -6
24 36 2
24 44 10
24 49 -9
24 31 1
24 38 5
24 39 4
24 48 -8
25 40 8
25 30 -4
25 35 -9
25 28 -10
25 41 9
25 37 -10
25 26 -4
25 38 6
25 29 8
25 39 -3
25 43 3
26 32 -1
26 44 10
26 40 -1
26 43 -6
26 34 0
26 41 3
26 30 4
26 42 4
26 38 4
26 28 -5
26 48 10
26 37 8
27 34 -4
27 31 7
27 45 -6
27 32 7
27 42 -7
27 40 9
27 44 -9
27 46 4
27 39 9
27 41 10
27 50 -8
27 36 -7
27 28 9
27 29 -3
27 49 2
28 40 7
28 46 8
28 32 8
28 41 -4
28 30 5
28 48 6
28 36 1
28 39 -7
29 40 -8
29 34 5
29 43 5
29 30 4
29 49 5
29 44 -2
29 38 5
29 36 -1
29 45 -10
29 42 -8
29 47 -6
30 33 -6
30 43 -2
30 46 5
30 38 5
30 49 5
30 50 5
30 48 -4
30 34 -4
30 31 2
30 36 -1
30 35 3
30 39 -7
30 32 -7
30 47 0
30 40 -8
31 32 -10
31 46 -4
31 41 8
31 47 -7
31 36 -10
31 34 -5
31 37 -6
31 39 6
31 42 -6
32 33 8
32 48 5
32 47 -4
32 34 -2
32 49 4
32 50 -7
32 44 4
32 42 -7
32 35 -7
32 37 -10
32 46 -1
33 37 -4
33 49 -9
33 36 -10
33 34 3
33 35 4
33 47 -2
33 45 9
33 46 -6
34 48 10
34 46 3
34 35 -8
34 40 -9
34 36 -10
34 39 -9
34 38 -2
35 40 3
35 43 -3
35 50 7
35 39 0
35 49 5
35 44 3
35 41 -9
35 45 -7
35 36 6
36 49 -9
36 48 4
36 50 5
36 44 -1
36 39 7
36 45 -9
36 41 9
37 41 0
37 48 7
37 45 6
37 47 6
37 46 7
37 42 -3
37 49 2
37 44 -8
37 40 -6
37 39 -8
38 39 -6
38 42 5
38 49 0
38 48 4
38 46 -3
39 48 2
39 42 10
39 43 6
39 45 -9
39 41 2
39 49 10
40 45 6
40 42 -2
40 48 5
40 46 4
41 50 -1
41 49 7
41 44 -3
41 43 -6
41 45 -9
42 49 -2
42 50 -9
42 48 9
42 45 -5
43 46 -10
43 47 -7
43 50 5
43 48 -4
43 49 8
43 44 1
44 50 5
44 46 10
44 48 -8
45 50 5
45 47 6
48 50 -8
48 49 -8
