50 613 
1 29 1
1 35 3
1 48 -7
1 28 -6
1 18 0
1 41 0
1 31 9
1 37 -4
1 5 2
1 22 -7
1 2 -6
1 26 -10
1 6 6
1 34 6
1 20 -3
1 39 -2
1 17 8
1 45 -10
1 21 -5
2 8 -10
2 37 3
2 24 -3
2 5 -1
2 28 3
2 27 -9
2 15 -3
2 30 -3
2 12 9
2 32 4
2 36 9
2 7 -9
2 43 -10
2 19 7
2 6 5
2 25 4
2 49 4
2 50 -5
2 16 1
2 3 -8
3 23 -6
3 28 -3
3 20 -2
3 27 4
3 40 -9
3 47 4
3 42 -2
3 25 -2
3 11 -2
3 7 -3
3 5 -1
3 30 -6
3 46 -2
3 41 4
3 38 7
3 4 3
3 31 9
3 26 2
3 34 -10
3 17 -7
3 33 -5
3 8 10
3 19 0
3 15 7
3 10 -2
4 40 2
4 27 5
4 35 5
4 48 -10
4 6 -7
4 22 1
4 17 4
4 50 4
4 37 7
4 23 0
4 25 5
4 8 5
4 45 -4
4 33 -1
4 39 -8
4 9 5
4 19 -7
4 21 -7
4 42 -9
4 31 -3
4 43 1
4 44 -1
4 12 2
4 36 -4
5 15 4
5 37 2
5 23 -4
5 14 8
5 6 5
5 17 7
5 39 5
5 40 -6
5 16 -6
5 25 6
5 29 -4
5 33 9
5 28 -7
5 10 -8
5 27 3
5 48 -1
5 41 -4
5 44 -6
5 11 8
5 18 -3
5 8 -2
6 25 0
6 21 9
6 45 -3
6 34 -3
6 32 -3
6 41 -9
6 27 2
6 17 4
6 28 -7
6 44 4
6 19 9
6 49 -4
6 26 4
6 22 -8
6 48 -10
6 12 1
6 15 -5
6 40 -9
6 43 -3
6 11 1
6 37 -1
6 23 10
7 11 4
7 17 -10
7 12 -7
7 27 -8
7 39 -3
7 47 6
7 46 9
7 35 -6
7 30 0
7 26 9
7 20 4
7 45 5
7 41 4
7 50 -1
7 40 -7
7 43 9
7 22 -5
7 42 -8
7 32 -1
8 45 3
8 50 2
8 14 -9
8 40 -2
8 41 8
8 22 5
8 42 -1
8 19 10
8 44 3
8 48 9
8 11 0
8 25 -5
8 29 -7
8 10 -9
8 9 -7
8 35 -6
8 27 0
8 47 5
8 17 7
8 38 -1
8 15 -7
8 49 -7
8 16 -2
9 35 -4
9 39 2
9 29 -6
9 48 2
9 33 6
9 34 -1
9 30 2
9 32 0
9 12 -3
9 42 -9
9 16 -9
9 25 -7
9 24 -8
9 14 0
9 31 7
9 15 -3
9 49 5
9 21 10
9 44 3
10 30 3
10 38 5
10 44 -1
10 46 1
10 26 8
10 24 -2
10 45 -1
10 50 -8
10 43 -6
10 36 -1
10 25 4
10 29 10
10 42 8
10 49 7
10 18 -4
10 11 0
10 35 -2
11 50 8
11 36 -4
11 32 -6
11 33 9
11 21 -2
11 22 -2
11 45 -7
11 34 -4
11 17 2
11 42 -7
11 20 0
11 29 9
11 18 8
11 30 -8
11 27 0
11 28 9
11 39 -7
11 41 8
11 35 3
11 43 -4
11 49 8
11 13 9
11 14 7
11 15 2
11 19 9
11 12 9
12 30 -10
12 22 -10
12 34 10
12 13 -7
12 46 1
12 47 2
12 39 6
12 43 -8
12 36 6
12 38 -2
12 37 3
12 48 3
12 15 -3
12 14 3
12 29 -8
12 44 -2
12 17 6
12 24 -10
12 21 5
13 36 -2
13 24 8
13 19 -4
13 45 1
13 28 4
13 44 2
13 48 -3
13 18 -8
13 23 -10
13 35 3
13 39 1
13 49 5
13 17 7
13 30 2
13 32 -1
13 16 -3
13 37 -8
14 46 -4
14 36 -6
14 26 -3
14 19 -4
14 18 -10
14 40 -1
14 32 -9
14 15 8
14 29 5
14 38 0
14 28 8
14 17 6
14 44 -7
14 41 -5
14 22 9
14 47 6
14 30 -1
15 46 -5
15 37 10
15 50 5
15 29 1
15 18 4
15 38 10
15 23 0
15 45 10
15 34 10
15 17 -6
15 26 -6
15 48 9
15 41 -1
15 47 -7
15 43 3
15 39 -6
15 27 6
15 30 -10
15 22 10
16 30 -5
16 17 3
16 18 -10
16 48 -9
16 46 -7
16 38 6
16 29 -9
16 36 -4
16 19 2
16 28 -4
16 43 -4
16 26 -7
16 22 5
16 34 7
16 23 9
16 40 4
16 33 0
17 43 -6
17 39 2
17 48 7
17 38 -1
17 40 -3
17 31 -5
17 20 9
17 34 -3
17 46 -6
17 49 -8
17 26 -8
17 25 8
17 21 -7
17 27 9
17 22 -3
18 20 4
18 23 8
18 46 1
18 50 6
18 43 -3
18 32 4
18 30 2
18 41 -6
18 27 -4
18 38 1
18 37 6
18 29 0
18 42 -8
18 28 -8
18 34 -9
18 44 -8
19 33 -6
19 22 10
19 44 6
19 34 5
19 43 3
19 40 5
19 26 10
19 50 9
19 46 2
19 48 -7
19 28 -3
19 32 6
19 36 9
19 29 -2
19 45 -5
19 31 -3
19 41 -2
20 30 1
20 21 5
20 37 0
20 24 10
20 49 -6
20 26 -7
20 32 9
20 33 -3
20 41 -6
20 28 8
20 25 0
20 40 -7
20 42 -5
20 39 -1
20 48 10
20 50 4
20 27 7
20 22 8
21 24 0
21 48 6
21 26 8
21 34 6
21 28 -4
21 33 7
21 35 -4
21 37 10
21 30 4
21 23 -6
21 49 4
21 38 1
22 27 6
22 28 1
22 46 9
22 39 -3
22 31 5
22 44 0
22 47 -8
22 36 2
22 32 -2
22 41 3
22 48 -2
22 49 -5
22 29 0
22 25 0
22 42 -9
22 38 2
23 47 0
23 46 -9
23 39 -3
23 49 9
23 38 6
23 35 0
23 37 9
23 26 6
23 34 3
23 27 -10
23 40 10
23 36 -5
23 31 -2
23 42 5
23 48 -9
24 25 3
24 44 9
24 47 -1
24 31 0
24 34 0
24 45 -7
24 40 4
24 49 9
24 29 10
24 41 4
24 26 4
24 37 -2
24 48 4
25 31 -1
25 37 -5
25 29 -7
25 27 -2
25 33 2
25 32 7
25 38 1
25 28 2
25 30 0
25 47 1
26 43 -9
26 34 8
26 29 7
26 36 9
26 40 4
26 46 1
26 30 -1
26 32 4
26 45 3
26 48 -10
26 47 -10
26 33 -7
27 30 0
27 35 7
27 38 -3
27 48 3
27 43 5
27 44 9
27 46 -3
27 40 0
28 39 1
28 36 -8
28 46 5
28 49 -5
28 33 0
28 41 9
28 34 7
28 48 -8
28 50 4
28 45 -4
28 40 -9
28 30 1
28 38 10
28 32 -2
28 35 3
29 48 -5
29 43 6
29 31 6
29 37 0
29 45 -4
29 44 3
29 47 0
29 34 -8
29 32 -7
29 50 -8
30 42 6
30 41 -1
30 47 -2
30 34 -5
30 43 -10
30 50 7
30 40 4
31 32 9
31 40 -10
31 35 -3
31 33 10
31 47 3
31 43 7
31 46 -3
31 34 4
31 36 7
31 44 9
31 38 -6
31 45 3
31 39 -1
32 50 -4
32 45 4
32 43 -5
32 35 2
32 33 6
32 48 7
32 40 6
32 46 -5
33 39 4
33 41 -8
33 48 8
33 35 6
33 45 0
33 36 -6
33 40 -6
33 46 -3
34 44 -10
34 42 2
34 49 -8
34 50 7
34 39 3
34 40 0
34 35 -8
34 36 4
34 38 7
35 42 2
35 43 -3
35 41 -3
35 38 9
35 50 -5
36 39 -9
36 50 4
36 43 -1
36 45 -1
36 42 10
36 44 0
36 49 9
37 42 -5
37 43 0
37 41 -1
37 50 6
37 49 9
37 45 9
37 47 -9
37 44 1
37 39 -10
38 43 -6
38 47 3
38 50 -1
38 40 -2
38 42 -10
38 48 3
39 50 4
39 41 -7
39 49 2
39 40 7
39 47 4
39 43 7
39 48 -7
40 42 -4
40 44 3
40 46 -7
40 43 8
40 47 2
40 50 -9
40 48 6
41 47 -8
41 49 -9
41 43 7
41 50 10
41 45 -1
42 47 -4
42 49 9
42 45 -4
42 43 7
42 44 -4
43 47 3
43 50 2
43 46 8
43 48 0
44 47 -10
44 45 1
45 48 -1
45 50 10
45 46 0
45 49 7
46 49 9
47 50 -2
47 49 -7
47 48 3
48 50 -6
49 50 1
