50 613 
1 44 -10
1 10 -2
1 36 10
1 29 -10
1 46 -5
1 41 10
1 34 1
1 6 8
1 40 8
1 3 0
1 31 -5
1 7 -10
1 42 6
1 48 -2
1 2 3
1 38 -1
1 39 8
1 21 6
1 20 -5
1 45 8
2 43 -5
2 39 -7
2 42 1
2 27 -6
2 34 9
2 35 -8
2 9 -4
2 45 -2
2 41 1
2 5 -4
2 16 -7
2 47 10
2 30 -2
2 22 -5
2 8 -2
2 10 0
2 4 -4
2 20 -9
2 18 1
2 28 10
2 37 -6
2 7 -7
2 33 -3
2 26 3
2 15 8
3 41 -3
3 28 1
3 45 1
3 13 0
3 36 4
3 44 5
3 5 5
3 43 8
3 24 8
3 42 7
3 49 7
3 22 7
3 16 1
3 19 -6
3 30 3
3 35 -8
3 8 3
3 50 9
3 12 8
3 32 -8
3 31 10
3 37 4
3 20 -3
3 9 8
3 23 10
3 6 -3
4 12 -7
4 46 10
4 34 7
4 42 -10
4 28 6
4 20 -3
4 27 -3
4 9 -1
4 35 -4
4 11 2
4 10 -1
4 5 9
4 24 5
4 32 8
4 39 -10
4 38 -9
4 19 -8
4 8 -2
4 16 -2
4 29 -3
4 18 -1
4 43 1
4 17 4
4 31 -6
5 13 5
5 12 9
5 14 -1
5 36 10
5 31 0
5 27 7
5 10 -6
5 43 6
5 21 5
5 37 1
5 34 8
5 39 0
5 40 7
5 45 -1
5 15 -8
5 42 -2
5 28 10
5 7 -7
5 6 -6
5 33 -2
5 20 -3
5 24 1
5 35 6
5 26 2
5 32 -5
5 47 8
5 11 10
6 34 9
6 12 10
6 45 -6
6 31 -10
6 27 -1
6 28 -10
6 47 -9
6 23 -2
6 50 -7
6 10 2
6 20 0
6 38 5
6 39 -1
6 33 10
6 15 0
6 8 -8
6 16 -5
6 19 6
7 47 -6
7 28 -5
7 46 -4
7 42 8
7 38 -6
7 50 7
7 11 -1
7 14 9
7 24 6
7 45 -3
7 41 5
7 29 10
7 16 8
7 40 5
7 9 5
7 31 8
7 26 10
7 19 5
7 32 8
7 36 5
7 25 10
8 31 7
8 25 0
8 47 -8
8 49 4
8 15 7
8 10 6
8 20 -3
8 36 6
8 37 -7
8 33 -6
8 23 -1
8 27 9
8 16 -5
8 45 -1
8 11 8
8 21 3
8 43 7
8 39 0
8 34 -6
8 32 -5
8 41 10
9 40 9
9 19 -5
9 46 2
9 17 -2
9 25 9
9 23 3
9 10 1
9 30 4
9 13 -6
9 12 7
9 24 -1
9 43 -5
9 49 -5
9 32 -8
9 22 8
9 50 -1
9 36 7
9 31 -8
9 11 -1
9 47 -6
10 36 0
10 48 -8
10 26 6
10 45 0
10 21 -6
10 20 9
10 30 7
10 43 6
10 39 4
10 23 10
10 15 -4
10 22 8
10 29 6
10 25 4
10 11 6
10 16 -10
10 24 3
10 18 2
10 41 -6
11 34 -8
11 35 5
11 41 5
11 31 -8
11 18 -9
11 38 -10
11 43 6
11 21 2
11 27 10
11 23 -1
11 33 -3
11 16 7
11 47 -1
11 15 9
11 39 5
11 13 9
11 45 2
11 17 8
11 28 2
11 37 -6
11 12 -3
11 20 9
11 26 -6
11 42 5
11 48 4
11 46 5
11 50 -7
11 30 -7
12 32 -7
12 19 1
12 39 -7
12 20 4
12 14 2
12 29 -1
12 33 -4
12 48 -10
12 24 -7
12 44 -4
12 26 3
12 17 -9
12 15 -1
12 16 -2
12 13 -10
12 25 -4
13 50 2
13 23 5
13 32 -3
13 26 -9
13 16 3
13 42 -6
13 47 -2
13 21 -6
13 33 -8
13 41 9
13 49 10
13 30 -6
13 40 1
13 45 6
13 34 9
13 18 -8
13 19 -9
13 25 7
14 17 -10
14 28 -8
14 45 5
14 27 -9
14 29 6
14 32 -4
14 48 0
14 18 4
14 36 7
14 22 4
14 39 7
14 31 -2
14 21 -3
14 38 4
14 34 7
14 41 6
14 37 -5
14 46 9
14 33 -6
14 49 10
14 40 -4
15 20 -9
15 43 10
15 17 -9
15 38 2
15 34 10
15 49 7
15 28 -4
15 22 -9
15 19 -5
15 39 1
15 45 -9
15 18 -6
15 41 -10
15 31 -7
15 36 -4
15 23 8
15 37 6
15 46 -8
15 40 -1
15 24 0
15 32 6
16 31 3
16 28 -4
16 49 10
16 43 -6
16 30 6
16 27 1
16 35 -3
16 22 2
16 46 8
16 25 9
16 29 1
16 33 -10
16 21 5
16 26 5
16 44 6
16 48 6
16 17 4
16 18 7
16 47 -6
16 32 6
16 41 5
17 50 7
17 37 0
17 31 5
17 18 10
17 28 4
17 46 -2
17 43 0
17 21 -7
17 42 1
17 45 10
17 34 -9
17 35 -10
17 48 -10
17 44 2
18 44 -7
18 48 -8
18 50 -2
18 49 -1
18 22 -9
18 41 0
18 43 -9
18 24 -6
18 36 5
18 32 -9
18 33 -8
18 34 -4
18 20 -8
18 26 1
18 45 4
19 31 -4
19 22 -1
19 50 5
19 44 7
19 26 -9
19 40 -5
19 37 -9
19 48 -2
19 41 0
19 45 3
19 33 -1
19 49 5
19 20 7
19 43 -5
19 21 -10
19 42 10
19 35 3
19 30 -7
20 31 2
20 45 9
20 39 4
20 47 -8
20 48 -6
20 21 9
20 46 6
20 34 -4
20 24 0
20 30 10
20 32 -6
20 38 -3
20 22 -6
20 41 6
20 33 4
20 28 -5
20 29 -8
20 50 3
21 42 6
21 24 3
21 38 -10
21 39 2
21 33 -2
21 32 4
21 22 -7
21 30 8
21 34 -6
21 48 2
21 40 3
21 45 -4
21 29 -10
21 49 -1
21 25 -3
21 26 1
21 46 1
21 35 5
22 50 2
22 49 3
22 33 7
22 40 9
22 34 -1
22 46 -3
22 48 -4
22 32 -2
22 23 -10
22 37 -8
22 47 9
22 36 7
23 33 -5
23 37 -8
23 27 7
23 47 -3
23 24 7
23 45 8
23 44 9
23 39 -7
23 50 8
23 30 5
24 29 1
24 44 1
24 49 -5
24 26 9
24 43 -1
24 31 10
24 30 -8
24 37 6
24 47 7
24 38 3
24 39 9
25 44 -7
25 36 7
25 50 5
25 42 0
25 39 7
25 29 1
25 48 4
25 49 -5
26 32 8
26 37 -5
26 40 1
26 49 -7
26 27 10
26 30 2
26 36 6
26 43 4
26 44 10
26 47 10
26 35 1
26 48 10
26 28 1
27 30 1
27 35 4
27 31 8
27 47 1
27 45 1
27 50 0
27 48 -5
27 32 -9
27 46 -6
28 37 -3
28 46 -1
28 39 4
28 47 2
28 42 -5
28 30 1
28 43 10
28 49 -8
28 45 8
28 41 9
28 32 2
28 48 8
28 44 5
29 43 2
29 48 -2
29 46 2
29 38 -1
29 31 8
29 32 3
29 30 -4
29 40 10
30 43 8
30 45 5
30 40 -4
30 44 10
30 36 -9
30 34 -3
30 33 -3
31 41 -8
31 35 2
31 38 10
31 49 -3
31 36 10
31 34 -9
32 37 -1
32 46 -4
32 48 -7
32 40 -7
32 34 -5
32 50 10
32 42 9
32 36 -9
32 47 9
33 44 6
33 36 -5
33 34 -10
33 35 -8
33 40 -1
33 38 -9
33 39 -6
33 43 2
34 45 -2
34 44 0
34 42 -3
34 35 4
34 38 -1
34 46 -4
34 37 3
34 50 4
34 49 8
35 48 4
35 37 -2
35 46 -1
35 38 -3
35 42 1
35 49 3
35 36 7
35 50 -6
36 48 -2
36 39 -5
36 43 2
36 50 -3
37 45 -2
37 44 2
37 46 -3
37 39 -2
37 40 -5
37 48 -4
37 49 -4
37 47 6
38 44 0
38 39 -9
38 45 9
38 48 -2
38 50 10
38 46 2
38 47 6
38 41 3
38 40 0
39 42 10
39 49 -9
39 46 3
39 48 -4
39 47 -7
39 41 -8
39 40 -8
39 44 2
39 43 -9
40 48 -9
40 47 4
40 42 5
41 49 1
41 42 -8
41 48 -4
41 47 2
42 50 -4
42 45 -1
42 49 5
42 46 3
43 47 -2
43 46 2
44 46 -3
44 48 3
44 47 7
45 49 10
46 49 -9
46 48 -8
46 47 2
47 48 2
47 49 4
48 50 -3
