50 613 
1 21 -4
1 13 -4
1 38 10
1 42 -1
1 30 7
1 45 -7
1 23 7
1 25 4
1 31 -6
1 5 -6
1 35 10
1 8 1
1 43 -1
1 6 -5
1 33 -2
1 49 9
1 37 0
1 40 6
1 24 -10
1 4 -3
1 15 9
1 41 1
1 22 6
1 9 8
1 44 -4
2 26 5
2 28 0
2 49 2
2 15 -2
2 47 0
2 16 3
2 21 8
2 34 -3
2 19 -4
2 50 3
2 38 1
2 6 8
2 42 -4
2 48 7
2 20 4
2 36 -3
2 12 -6
2 39 -8
2 37 0
2 35 -3
2 41 -4
2 40 -2
2 43 3
2 8 -4
2 4 -7
3 18 9
3 36 -1
3 10 0
3 12 -4
3 14 -10
3 50 3
3 13 7
3 44 -7
3 20 2
3 6 -2
3 34 -4
3 8 9
3 43 -10
3 33 -7
3 7 10
3 32 8
3 28 7
3 48 5
3 16 6
3 40 -7
3 42 -3
3 5 -3
3 30 1
3 17 -1
3 35 -4
4 36 7
4 44 1
4 42 -2
4 21 5
4 7 4
4 16 2
4 26 9
4 40 10
4 20 -1
4 46 10
4 50 -10
4 22 4
4 48 -9
4 30 -3
4 18 -6
4 9 7
4 17 5
4 25 0
4 34 -5
4 49 2
4 35 -5
4 28 -5
5 18 4
5 35 -9
5 17 -8
5 38 -10
5 45 0
5 19 -7
5 14 3
5 37 -5
5 7 2
5 25 3
5 24 10
5 20 3
5 13 -6
5 43 10
5 42 -7
5 26 3
5 47 -3
5 22 -2
5 15 2
5 39 9
5 48 10
6 32 7
6 22 6
6 34 -5
6 23 -2
6 17 -6
6 28 -6
6 33 -10
6 30 9
6 40 -9
6 11 -7
6 15 2
6 31 8
7 20 2
7 9 6
7 28 -5
7 11 9
7 30 4
7 10 6
7 46 1
7 38 -5
7 25 -10
7 14 5
7 45 -10
7 42 -7
7 15 -3
7 22 -6
7 21 5
7 19 -1
7 49 1
7 29 4
7 35 -5
7 47 1
7 12 -4
8 10 0
8 35 10
8 13 -1
8 26 -3
8 15 8
8 39 -7
8 42 7
8 12 -8
8 23 7
8 19 -2
8 36 7
8 18 1
8 31 -3
8 17 -7
8 38 -5
8 37 5
8 34 3
8 32 1
8 48 -5
8 41 10
8 40 -8
8 9 6
8 27 3
9 21 -6
9 41 10
9 26 -3
9 49 -5
9 28 1
9 33 5
9 14 -4
9 22 1
9 24 9
9 11 -10
9 34 3
9 15 -1
9 47 9
9 20 -10
9 17 -7
9 25 5
9 30 -1
9 45 -8
9 12 9
9 32 -5
9 43 5
9 35 9
9 16 -4
10 49 -4
10 16 2
10 14 -2
10 39 -9
10 50 -9
10 32 6
10 46 -2
10 26 5
10 38 3
10 37 -3
10 21 2
10 40 -5
10 30 -7
10 25 10
10 36 -5
10 13 8
10 45 10
10 33 -3
10 47 1
11 42 -3
11 24 6
11 26 -8
11 13 -3
11 31 4
11 34 3
11 33 1
11 32 3
11 19 10
11 22 -3
11 49 -3
11 29 5
11 28 -9
11 36 -5
11 35 -8
11 44 1
11 47 -5
11 48 8
11 50 -8
12 32 -6
12 20 -6
12 25 1
12 43 8
12 16 3
12 30 5
12 50 4
12 42 -9
12 21 7
12 47 4
12 23 -8
12 34 -6
12 29 -10
12 48 -2
12 40 3
12 17 8
12 18 -9
12 15 4
12 36 -9
12 44 8
12 14 9
12 31 -8
12 37 4
13 39 3
13 26 -8
13 44 -1
13 35 -2
13 21 -5
13 37 -8
13 42 5
13 32 -5
13 20 -9
13 19 -3
13 47 -7
13 33 -1
13 38 9
13 45 -10
13 34 10
13 48 -8
13 49 6
13 22 3
13 31 -6
13 23 5
13 43 9
13 41 10
13 30 8
13 28 9
13 36 -3
13 24 -8
13 50 7
14 43 6
14 19 2
14 17 0
14 33 1
14 22 -6
14 23 -7
14 27 -10
14 16 -5
14 29 -7
14 34 6
14 37 10
14 30 1
14 41 -6
14 46 2
14 45 -9
14 24 1
14 50 9
15 22 5
15 50 -10
15 48 2
15 46 1
15 49 0
15 24 -9
15 45 1
15 17 -3
15 19 -9
15 37 6
15 32 -3
15 41 9
15 27 -7
16 45 -6
16 29 -2
16 28 7
16 24 10
16 33 8
16 46 -5
16 20 8
16 17 -5
16 18 3
16 30 4
16 36 -4
16 22 -4
16 19 -2
16 34 -7
16 35 1
16 32 10
17 47 -6
17 19 -3
17 46 1
17 20 9
17 41 -5
17 36 -7
17 38 0
17 42 -5
17 24 9
17 35 -5
18 31 0
18 21 0
18 27 -8
18 40 3
18 46 -8
18 25 3
18 24 3
18 43 9
18 28 -4
18 26 3
18 19 0
18 38 0
18 44 -3
18 49 4
19 25 -10
19 46 -2
19 44 -2
19 24 -7
19 22 5
19 26 6
19 36 10
19 23 10
19 47 9
19 30 1
19 27 -8
19 38 -10
19 49 1
20 30 4
20 36 -7
20 41 0
20 38 3
20 34 -5
20 35 0
20 45 -3
20 39 -9
20 46 7
20 37 -3
20 21 0
20 44 1
20 27 3
21 31 -1
21 45 10
21 35 10
21 48 9
21 46 -5
21 47 9
21 42 -4
21 28 8
21 32 -5
21 30 -8
22 36 7
22 30 2
22 35 0
22 43 -1
22 40 -5
22 34 -4
22 26 5
22 41 3
22 37 -1
22 28 -8
22 31 -9
22 50 -7
22 38 -7
22 23 -4
22 44 -2
22 46 -9
22 27 6
22 48 3
22 32 5
22 39 -4
23 45 -7
23 40 4
23 46 4
23 49 -5
23 36 -3
23 39 -10
23 28 6
23 48 2
23 44 -8
23 42 -4
23 31 8
23 25 0
23 41 -6
23 43 -10
23 30 2
23 34 0
23 37 6
23 26 -10
23 50 -3
24 34 1
24 49 7
24 27 7
24 48 10
24 36 5
24 26 -3
24 33 7
24 37 0
24 32 0
24 50 -7
24 30 -3
25 45 -4
25 40 -4
25 41 5
25 42 -8
25 35 4
25 46 -2
25 31 7
25 49 5
25 33 -7
25 27 -10
25 29 -5
25 38 10
25 34 10
26 34 7
26 36 4
26 27 7
26 46 -10
26 28 4
26 42 -10
26 37 4
26 32 10
26 49 -9
26 38 8
26 39 -10
26 45 5
26 31 -8
26 35 -5
27 46 -5
27 34 -1
27 35 -1
27 49 6
27 37 8
27 32 -4
27 29 -5
27 38 -9
27 31 6
27 36 6
27 41 5
27 28 1
28 50 -5
28 29 -5
28 42 2
28 36 -2
28 37 7
28 31 -8
28 35 5
28 32 6
28 41 7
29 33 4
29 39 -9
29 44 1
29 30 1
29 32 7
29 43 -5
29 49 -7
29 35 2
29 40 -7
30 43 -3
30 37 1
30 34 -8
30 42 -8
30 49 -2
30 36 -9
30 39 -9
30 46 -2
30 41 -4
30 44 8
30 32 4
30 31 -10
30 38 8
31 48 7
31 35 4
31 36 -3
31 43 4
31 39 7
31 42 4
32 34 -10
32 40 9
32 44 -6
32 45 5
32 49 -7
32 46 -2
32 35 4
32 36 4
32 38 -2
32 47 1
32 43 4
33 35 -8
33 50 3
33 43 -9
33 48 -6
33 37 -2
33 45 9
33 36 9
33 49 -8
33 44 -3
33 34 -3
33 40 -1
33 46 8
34 42 -4
34 47 -7
34 38 10
34 46 9
34 48 -10
34 41 -9
34 36 10
34 49 2
34 35 8
35 44 2
35 39 -4
35 50 1
35 37 0
35 40 -6
35 47 8
35 46 -4
35 41 8
35 42 -8
35 48 10
35 36 -8
35 43 -8
36 40 6
36 46 6
36 44 -4
37 43 0
37 45 -10
37 47 6
37 49 7
37 40 -4
37 46 -8
37 42 1
38 45 -2
38 46 5
38 40 4
38 48 10
38 42 -9
38 44 6
38 47 -5
38 41 4
39 46 7
39 43 -5
39 49 -2
39 47 -6
39 42 -9
40 41 -2
40 49 1
40 44 -8
40 50 -2
40 42 1
41 42 8
41 44 -9
41 43 10
41 47 -7
41 45 2
42 45 -4
42 48 -2
42 43 -4
42 49 -5
42 46 -5
42 47 6
43 49 0
43 44 -7
44 46 -10
44 45 8
44 50 0
44 48 6
45 49 -9
45 50 -8
45 47 2
46 49 7
46 48 3
48 50 -4
48 49 9
