50 613 
1 46 0
1 30 2
1 32 -4
1 14 1
1 50 -7
1 6 -1
1 9 8
1 43 -3
1 48 -10
1 18 -8
1 21 -3
1 8 -7
1 10 -2
1 35 3
1 22 -2
1 41 -4
1 38 9
1 42 4
1 24 10
1 23 -2
1 3 -1
1 39 4
1 16 2
1 45 -7
1 40 5
1 17 7
1 13 3
1 25 10
1 34 2
2 30 10
2 26 -2
2 7 1
2 19 2
2 43 3
2 50 3
2 5 6
2 10 1
2 24 -6
2 38 -8
2 35 9
2 9 0
2 22 -8
2 32 -10
2 18 -7
2 45 8
2 37 9
2 31 -3
2 12 -4
2 3 -10
2 15 -1
2 41 -8
2 16 8
2 44 -5
2 49 6
2 13 8
2 39 -8
2 17 -3
3 37 -2
3 15 -8
3 40 -5
3 14 6
3 12 -10
3 26 -6
3 32 -10
3 21 6
3 22 -7
3 28 1
3 11 -6
3 33 -4
3 35 3
3 17 0
3 29 1
3 34 7
3 49 -8
3 20 3
3 9 -6
3 25 -7
3 16 1
3 46 6
3 18 -2
3 45 -3
4 8 -10
4 45 -1
4 16 9
4 12 6
4 23 10
4 43 -7
4 5 -10
4 32 -3
4 13 -6
4 14 5
4 27 -6
4 7 -1
4 21 8
4 30 9
4 20 0
4 17 8
4 33 8
4 36 8
4 38 -5
4 41 1
4 48 -9
4 26 0
4 34 -1
4 47 2
4 35 5
5 45 1
5 21 4
5 18 -4
5 25 -7
5 40 -3
5 13 0
5 31 0
5 17 -10
5 35 10
5 29 6
5 14 -10
5 36 -7
5 20 -3
5 23 7
5 15 -7
5 46 -7
5 50 6
5 27 8
5 30 10
5 39 2
5 10 7
5 33 -8
5 47 6
5 37 10
6 29 -7
6 21 -7
6 17 10
6 34 5
6 41 6
6 9 8
6 45 9
6 48 -8
6 23 -2
6 25 -10
6 27 -8
6 32 -9
6 35 6
6 30 -9
6 10 -8
6 22 0
6 33 1
6 39 -1
6 28 6
6 50 -10
7 39 5
7 45 5
7 46 -1
7 18 4
7 27 -9
7 40 -10
7 37 4
7 32 -9
7 8 3
7 31 0
7 19 -8
7 36 -3
7 24 3
7 25 6
7 34 4
8 33 -8
8 43 -3
8 13 5
8 20 -6
8 36 -9
8 26 2
8 14 -9
8 22 -1
8 39 10
8 12 -5
8 30 -9
8 18 3
8 45 -10
8 32 -1
8 40 -3
8 46 9
8 24 9
8 9 1
8 38 0
8 29 -9
8 37 -9
8 25 -8
8 35 8
8 27 2
9 38 -3
9 46 -7
9 24 6
9 31 9
9 14 -10
9 18 -6
9 49 10
9 20 7
9 15 -2
9 32 2
9 26 -8
9 21 1
9 25 6
9 39 1
10 14 3
10 23 4
10 37 -10
10 36 4
10 42 -4
10 19 -10
10 33 -6
10 27 -7
10 17 -6
10 40 -5
10 26 1
10 25 5
10 47 -7
10 49 -6
10 44 0
10 16 7
10 35 -1
10 32 8
10 43 1
10 48 -9
10 46 1
11 34 -1
11 19 -1
11 20 4
11 16 5
11 45 -10
11 14 -2
11 18 -9
11 50 -9
11 35 9
11 38 10
11 40 -7
11 30 -6
11 28 -7
11 37 9
11 39 7
11 36 -7
11 21 -6
11 31 -2
11 25 2
11 27 -5
11 15 -3
11 42 9
11 24 6
11 22 4
11 44 3
12 33 -5
12 30 -2
12 27 7
12 17 -9
12 49 8
12 22 -10
12 16 2
12 45 -6
12 29 2
12 15 -4
12 36 7
12 41 8
12 28 5
12 43 6
12 21 -10
12 13 8
12 47 7
12 14 -4
12 35 -3
12 38 -8
12 37 -3
12 20 -8
13 31 -5
13 43 -2
13 28 -9
13 18 0
13 32 7
13 34 -7
13 44 -1
13 36 -10
13 29 9
13 33 6
13 50 5
13 15 6
13 49 -2
13 46 2
13 17 2
13 23 9
13 16 -9
13 14 -9
13 24 4
13 48 -2
13 20 4
13 45 -5
14 37 -8
14 18 -9
14 44 -6
14 46 5
14 43 -2
14 30 -9
14 19 -9
14 29 -2
14 36 5
14 32 3
14 27 1
14 23 6
14 17 -9
14 33 10
14 47 3
14 35 7
14 39 2
14 25 -5
15 27 8
15 41 9
15 43 2
15 40 7
15 33 0
15 18 4
15 45 5
15 39 -6
15 31 -10
15 21 4
15 50 -6
15 19 -4
15 48 -4
15 26 1
15 46 -9
15 17 -7
15 22 -8
15 35 2
16 45 -7
16 23 7
16 41 -4
16 47 5
16 18 -3
16 17 8
16 48 -8
16 50 -7
16 28 3
16 24 9
16 29 -8
16 49 -10
16 32 4
16 26 10
16 22 10
16 27 6
16 31 8
16 20 4
16 36 -7
16 39 -6
16 38 9
16 40 -3
16 21 3
17 33 2
17 32 -3
17 47 -10
17 50 10
17 25 5
17 44 4
17 42 -7
17 24 4
17 19 4
17 31 -5
17 40 2
17 49 0
17 46 2
18 27 -3
18 19 -6
18 45 -6
18 49 9
18 31 1
18 47 -10
18 48 -6
18 50 9
18 39 -7
18 44 10
18 36 -8
18 42 9
18 25 5
18 46 -9
18 43 1
18 33 -8
18 40 10
18 21 0
19 39 -6
19 44 8
19 25 7
19 42 6
19 36 -4
19 29 -2
19 31 2
19 22 -9
19 37 3
19 45 -6
20 48 3
20 22 -1
20 32 6
20 27 -6
20 45 8
20 30 7
20 46 2
20 40 -3
20 41 6
20 43 10
20 24 10
20 25 3
20 35 -5
20 50 -4
21 34 3
21 24 -2
21 23 -8
21 48 3
21 28 1
21 43 -9
21 47 -2
21 31 -9
21 37 1
22 42 -1
22 23 -4
22 35 6
22 40 -3
22 49 0
22 30 -8
22 26 -7
22 24 -4
22 33 3
22 36 9
22 25 -6
22 50 -3
22 44 -4
23 49 -8
23 47 -3
23 38 -9
23 41 -9
23 34 -10
23 50 -3
23 29 -6
23 35 5
23 48 8
23 24 3
23 43 8
23 45 8
24 28 3
24 32 -3
24 38 7
24 46 6
24 39 -10
24 27 8
24 41 2
24 50 -8
24 30 8
24 26 5
24 48 -6
24 49 7
24 47 -4
25 39 -2
25 34 -5
25 42 -6
25 35 1
25 29 5
25 36 -6
25 47 10
25 41 1
25 32 9
25 31 -8
26 47 -9
26 43 -7
26 34 10
26 39 2
26 46 7
26 33 -7
26 42 6
26 49 5
27 36 3
27 34 2
27 39 -9
27 33 -10
27 31 -9
27 50 3
27 48 -6
27 37 -8
27 32 2
27 43 1
27 47 -5
27 46 1
27 35 -4
27 42 8
27 29 7
28 50 -2
28 33 -9
28 49 0
28 42 2
28 45 0
28 29 2
28 32 -10
28 44 10
28 43 -1
28 40 -5
28 39 8
28 35 6
28 34 -8
29 44 -7
29 45 10
29 39 7
29 37 -8
29 48 5
29 36 2
29 50 10
29 34 8
29 33 3
30 36 8
30 41 -3
30 50 0
30 31 7
30 46 4
30 39 2
30 32 10
30 35 -9
30 43 -3
31 49 9
31 37 -1
31 43 -2
31 40 2
31 46 -7
31 42 4
31 45 10
31 39 -10
31 50 8
31 33 -8
32 36 -5
32 38 -5
32 33 -3
32 48 -9
32 44 6
32 49 3
32 45 -10
32 47 7
33 46 7
33 40 -9
33 45 5
33 38 -8
33 35 0
33 50 2
33 41 -6
33 47 3
33 39 6
33 48 0
33 49 1
33 36 -7
34 42 -6
34 35 4
34 49 9
34 41 10
34 50 -4
34 46 -4
35 36 3
35 46 -7
35 41 7
35 45 -2
35 48 -5
36 47 -3
36 46 -10
36 43 7
36 41 10
36 49 5
36 39 -9
36 50 -3
36 44 -2
36 48 0
37 39 2
37 40 3
37 42 -2
37 45 -3
37 48 -8
37 46 -4
38 40 3
38 48 -4
38 45 2
38 42 0
38 44 2
38 46 -8
39 41 -7
39 46 -1
39 42 8
39 43 0
39 40 2
39 48 -5
39 47 -10
40 44 9
40 50 9
40 43 -10
41 49 -8
41 46 -3
41 43 -6
41 48 10
42 50 2
42 48 5
42 46 -3
43 44 5
43 46 9
43 49 -8
44 46 -10
44 49 4
44 45 -6
44 50 10
44 48 7
45 49 7
45 46 -4
45 50 -8
45 47 -6
46 50 9
46 49 9
48 50 -1
49 50 8
