50 613 
1 41 7
1 25 3
1 49 0
1 40 10
1 39 5
1 8 5
1 24 -5
1 14 10
1 34 -4
1 46 0
1 33 9
1 35 -4
1 27 -4
1 10 7
1 23 9
1 12 5
1 17 3
1 18 -8
1 48 4
1 7 -8
1 26 -4
1 15 -5
1 20 -2
1 36 4
2 31 -3
2 13 -10
2 48 5
2 43 4
2 25 0
2 30 5
2 42 1
2 9 -10
2 21 3
2 3 7
2 27 5
2 18 2
2 11 7
2 14 -6
2 40 10
2 8 -8
2 33 3
2 4 -5
2 20 -8
2 7 8
3 14 -10
3 43 4
3 44 -1
3 32 -9
3 20 3
3 40 6
3 19 9
3 10 6
3 50 3
3 47 -7
3 16 1
3 27 -10
3 33 7
3 49 4
3 24 6
3 9 3
3 41 8
3 46 0
3 13 6
3 45 -6
3 25 -7
3 29 -7
3 17 -1
4 30 -6
4 36 10
4 6 9
4 50 9
4 23 0
4 14 4
4 45 8
4 39 1
4 19 -6
4 7 2
4 12 4
4 38 -5
4 37 7
4 34 9
4 49 9
4 32 -6
4 24 -8
4 41 8
4 20 8
4 10 -4
4 48 -8
4 18 -3
4 35 6
5 32 10
5 6 -8
5 12 10
5 35 -10
5 37 9
5 13 -5
5 9 -1
5 27 7
5 30 4
5 38 -6
5 15 6
5 46 5
5 48 1
5 31 1
5 43 -6
5 22 7
5 49 0
5 28 -2
5 25 8
5 34 -3
5 8 -9
5 7 -3
6 42 -9
6 39 10
6 7 -3
6 49 -6
6 22 -7
6 27 0
6 48 -10
6 33 0
6 13 -7
6 21 -8
6 46 -9
6 43 -2
6 44 4
6 28 -6
6 17 0
6 9 0
6 32 0
6 31 -7
6 50 8
6 40 5
6 38 8
6 11 -6
7 21 10
7 8 2
7 13 3
7 43 9
7 20 -4
7 44 6
7 15 -3
7 23 -4
7 19 -4
7 48 6
7 40 -10
7 16 -3
7 14 -5
7 32 2
7 24 -3
7 30 5
7 42 -8
7 22 -4
7 39 0
7 50 0
7 11 -3
7 47 8
7 25 9
7 9 -9
7 28 8
7 37 -3
7 17 -4
8 35 -2
8 25 9
8 41 -6
8 15 7
8 32 4
8 31 3
8 42 6
8 44 4
8 26 -5
8 27 6
8 29 -5
8 50 -3
8 22 10
8 38 6
8 10 -8
8 34 -8
8 30 -10
8 48 -9
9 28 9
9 44 0
9 41 6
9 14 -5
9 47 -8
9 15 5
9 22 -10
9 36 1
9 33 -5
9 32 3
9 39 0
9 40 5
9 42 -2
9 12 -2
9 18 -6
9 37 -1
9 23 -10
9 30 -5
9 35 -9
10 39 5
10 23 -7
10 15 -8
10 28 -7
10 35 -1
10 30 8
10 12 7
10 20 5
10 42 -5
10 40 -2
10 45 1
10 43 10
10 38 -4
10 37 5
10 36 4
10 46 0
10 17 10
10 26 -5
10 33 1
10 14 -6
11 49 -3
11 17 -10
11 43 -1
11 30 8
11 31 9
11 36 9
11 15 7
11 14 1
11 38 10
11 22 4
11 41 3
11 24 7
11 16 3
12 22 -5
12 35 3
12 18 8
12 30 -4
12 46 3
12 44 9
12 29 -8
12 31 7
12 50 -6
12 14 -8
12 32 -7
12 45 -10
12 16 7
12 15 -5
12 38 8
12 48 8
12 42 6
12 43 1
12 17 -3
12 20 -4
12 25 4
13 18 -1
13 25 -9
13 20 0
13 30 8
13 14 -2
13 43 -4
13 15 3
13 44 8
13 49 10
13 24 -7
13 26 -2
13 19 1
13 23 -10
13 21 -2
13 41 -5
13 31 9
13 28 -3
13 22 8
13 46 3
13 33 3
13 16 6
14 22 -6
14 44 -4
14 46 -3
14 49 -9
14 19 4
14 47 4
14 32 9
14 27 -4
14 42 4
14 41 -1
14 17 10
14 45 4
14 18 -9
14 30 -6
14 15 6
14 23 1
14 48 -3
14 39 -2
14 20 6
15 24 2
15 49 6
15 43 -4
15 47 10
15 19 -9
15 16 -2
15 46 7
15 25 -8
15 44 7
15 35 -3
15 27 -5
15 33 9
15 34 -5
15 21 -4
15 36 -3
15 23 4
15 39 -7
15 32 4
16 34 -7
16 27 10
16 40 -3
16 43 10
16 19 -3
16 36 -5
16 31 3
16 35 -7
16 49 -10
16 45 -7
16 29 -6
16 24 3
16 44 -8
16 37 -5
16 18 -9
16 46 1
17 46 3
17 19 3
17 34 -6
17 45 9
17 47 9
17 42 1
17 40 2
17 36 -6
17 50 6
17 27 10
17 35 4
17 23 1
17 26 -5
17 49 -6
17 22 -9
18 30 10
18 26 -6
18 42 10
18 23 7
18 38 -10
18 33 -4
18 19 -10
18 28 5
18 44 -9
18 35 -3
18 31 -6
18 37 -7
18 24 0
18 20 -1
18 50 1
18 39 -8
18 43 2
18 45 -5
18 41 -1
18 34 -8
18 36 -10
18 22 5
19 44 2
19 41 -10
19 30 -5
19 43 4
19 20 4
19 33 3
19 35 0
19 26 2
19 40 4
19 28 -9
19 22 -5
19 29 3
19 32 8
19 25 -3
19 49 -3
20 31 4
20 28 -2
20 39 -3
20 40 6
20 43 4
20 41 7
20 42 4
20 29 -5
20 23 6
20 26 6
20 35 -9
20 49 9
20 24 -4
20 44 2
21 35 -1
21 27 -9
21 46 -4
21 29 -5
21 45 0
21 28 0
21 38 10
21 47 5
21 22 8
21 23 9
21 44 0
22 43 3
22 46 -10
22 23 2
22 29 -5
22 50 7
22 33 -3
22 41 6
22 26 6
22 48 7
22 30 -7
22 44 8
22 24 4
22 27 -6
23 34 -8
23 39 -6
23 36 -10
23 29 7
23 48 2
23 28 5
23 42 -8
23 46 -6
23 50 -5
23 26 -2
23 32 3
23 30 -8
23 38 -7
23 49 6
24 26 -9
24 45 -3
24 37 -7
24 48 6
24 41 6
24 47 -4
24 40 -1
24 35 0
24 28 6
24 50 2
24 30 8
24 32 -7
24 33 -3
24 25 6
25 50 -2
25 28 2
25 36 10
25 39 2
25 27 5
25 49 -9
25 41 0
25 30 7
25 31 -9
25 35 -1
25 48 -9
25 33 4
25 37 7
25 43 -8
25 29 -10
26 50 -3
26 35 6
26 48 9
26 49 -5
26 42 -8
26 31 0
26 28 5
26 36 1
26 38 -2
26 37 3
26 46 7
26 45 3
26 27 8
26 29 -1
27 50 -5
27 44 8
27 29 4
27 39 -1
27 30 1
27 41 6
27 49 -6
27 36 -6
27 33 -2
27 47 5
27 37 4
28 46 9
28 41 -1
28 32 2
28 30 -3
28 47 -2
28 40 -7
28 34 -2
28 35 8
28 38 -3
28 44 10
28 33 -8
29 45 4
29 43 2
29 32 8
29 49 2
29 30 -4
29 35 2
29 41 -10
29 44 0
29 42 -3
29 34 -9
29 46 -2
30 32 1
30 46 -6
30 35 8
30 37 8
30 40 -6
30 42 4
30 43 -6
30 34 -8
30 50 5
30 36 -6
30 49 1
31 39 -1
31 44 2
31 32 -6
31 50 2
31 49 0
31 33 -4
31 35 -6
31 40 -8
31 46 -9
32 38 -8
32 33 -2
32 43 -10
32 34 -8
32 37 -4
32 44 10
32 36 4
32 48 -6
32 42 2
32 41 -5
33 44 -10
33 50 9
33 39 3
33 42 2
33 36 0
33 43 9
33 49 3
33 37 -4
34 43 -5
34 35 -9
34 50 -6
34 47 1
34 38 5
34 48 2
34 49 4
34 45 -5
34 37 5
34 41 -4
35 36 -6
35 50 10
35 41 -9
35 43 -9
35 49 3
35 39 9
35 47 6
35 45 1
36 41 9
36 44 -6
36 40 -7
36 48 -9
36 38 2
36 46 2
36 45 5
36 42 -4
36 43 0
36 39 9
37 49 3
37 46 3
37 48 -10
37 43 -1
38 42 -5
38 46 -4
38 50 -6
38 47 5
38 41 10
38 40 1
38 49 7
38 39 -5
39 50 3
39 49 -8
39 41 -2
39 45 4
39 40 5
39 48 -5
40 47 -6
40 44 3
40 49 -2
40 43 1
41 44 7
41 42 3
41 45 7
41 47 10
42 47 -6
42 46 -7
42 48 -3
43 49 -10
43 47 -10
43 44 -2
43 45 1
44 50 -4
44 49 -3
44 45 1
45 49 1
45 46 -6
46 48 -8
46 49 4
48 49 -6
