50 613 
1 15 10
1 37 3
1 28 8
1 43 -4
1 48 -10
1 21 8
1 20 -3
1 30 9
1 10 -8
1 6 -9
1 34 -2
1 31 -9
1 7 3
1 17 -1
1 35 8
1 16 5
1 38 4
1 8 -3
1 33 2
1 29 -7
1 47 7
1 22 -7
1 23 1
2 9 8
2 17 7
2 46 7
2 41 8
2 10 4
2 22 8
2 19 -7
2 24 5
2 40 -8
2 48 -9
2 13 -6
2 45 -1
2 15 3
2 7 -2
2 37 3
2 4 2
2 42 -7
2 8 6
2 16 8
2 36 6
2 25 -9
2 39 9
2 28 4
2 11 8
2 44 8
2 35 -1
2 49 -5
2 30 4
2 33 8
3 11 0
3 13 -9
3 36 -5
3 8 -3
3 50 0
3 39 -1
3 38 6
3 46 0
3 42 -3
3 30 -1
3 33 4
3 43 4
3 41 5
3 18 -5
3 15 -1
3 45 -8
4 35 -7
4 18 -6
4 6 6
4 43 10
4 32 8
4 14 8
4 5 5
4 13 -5
4 24 -1
4 15 -2
4 39 4
4 19 3
4 25 -7
4 46 -1
4 7 1
4 21 1
4 17 1
4 33 9
4 44 -5
4 31 1
4 20 -1
5 40 -5
5 16 5
5 48 1
5 44 -4
5 24 6
5 11 -9
5 17 5
5 9 0
5 30 5
5 38 1
5 20 2
5 47 7
5 43 -7
5 50 -4
5 46 -6
5 35 4
5 28 1
5 36 -7
5 13 -3
5 41 3
5 15 -10
5 34 -9
5 10 -5
6 39 9
6 40 -5
6 21 10
6 18 -7
6 49 8
6 13 6
6 15 3
6 8 5
6 10 6
6 12 -6
6 38 7
6 27 -4
6 9 -8
6 35 -4
6 50 8
6 46 1
6 34 2
6 22 -4
6 32 7
6 30 5
6 11 -10
6 44 -3
6 47 -2
6 43 -3
6 42 3
7 11 3
7 46 1
7 14 -4
7 39 4
7 44 -10
7 43 -7
7 23 -10
7 26 0
7 49 -5
7 13 -4
7 32 8
7 45 -8
7 19 0
7 50 -8
7 17 -3
7 9 -2
7 18 1
7 12 1
7 30 5
7 25 0
8 36 -3
8 48 -3
8 27 9
8 9 7
8 41 -10
8 17 -10
8 21 -3
8 33 -7
8 19 0
8 40 -5
8 26 7
8 18 7
8 22 5
8 30 -6
8 10 -6
8 43 7
8 29 5
8 37 3
8 31 1
8 13 9
8 34 4
8 11 -4
9 18 6
9 32 -1
9 13 2
9 42 -9
9 45 -2
9 33 4
9 35 2
9 17 -6
9 41 7
9 26 8
9 21 2
9 49 -10
9 39 -8
9 48 -1
10 49 -3
10 43 10
10 47 6
10 50 -9
10 17 -10
10 46 -6
10 18 -3
10 14 -2
10 12 -5
10 37 -8
10 26 -1
10 25 10
10 38 -2
10 28 2
10 20 -6
10 32 5
10 19 -5
10 44 3
10 24 -6
11 13 0
11 35 7
11 28 -3
11 26 1
11 47 -6
11 27 -4
11 38 -3
11 33 -4
11 37 8
11 19 -6
11 25 4
11 22 -8
11 39 2
11 32 6
11 31 2
11 48 -3
11 12 10
11 50 -3
12 42 -10
12 39 -5
12 13 3
12 50 -2
12 33 -5
12 37 -4
12 16 7
12 24 9
12 18 -8
12 49 5
12 32 3
12 31 -3
12 17 -7
12 30 10
12 22 5
12 27 -7
12 14 -5
12 29 7
12 21 -7
12 15 1
12 41 3
12 34 2
12 38 6
12 43 -2
13 47 1
13 36 4
13 32 -7
13 41 9
13 35 3
13 18 -5
13 43 8
13 17 -7
13 50 -2
13 34 -9
13 39 -9
13 20 8
13 38 6
13 31 -10
13 42 8
13 22 10
14 50 10
14 47 5
14 17 -6
14 41 1
14 30 3
14 23 -8
14 36 -10
14 29 4
14 22 -2
14 45 -2
14 46 5
14 19 -5
14 26 3
14 21 -4
15 28 1
15 48 0
15 32 -5
15 39 -5
15 26 -9
15 34 10
15 30 9
15 37 -6
15 47 6
15 49 -9
15 19 -4
15 50 10
15 43 3
15 41 2
15 18 4
15 33 6
16 29 -4
16 43 -10
16 32 5
16 20 -4
16 44 -9
16 25 -1
16 17 7
16 26 4
16 24 7
16 34 1
16 31 -8
16 23 -2
16 19 -1
16 21 -2
16 50 -2
16 41 3
16 39 -5
16 49 -7
16 47 -1
17 18 4
17 30 5
17 25 2
17 29 -4
17 22 -9
17 45 8
17 23 -3
17 43 -8
17 48 10
17 19 0
17 34 10
17 31 5
17 50 3
17 36 5
17 38 7
17 20 -1
17 49 2
17 33 -3
18 33 -10
18 27 3
18 35 -2
18 20 -3
18 42 1
18 46 2
18 45 8
18 41 -6
18 22 9
18 32 -6
18 28 -10
18 50 -7
18 36 -8
18 47 -3
18 44 8
18 49 9
18 30 4
19 39 0
19 42 -2
19 30 10
19 28 2
19 34 10
19 20 -5
19 49 9
19 45 5
19 33 6
19 35 -7
19 22 -5
19 25 7
19 36 6
20 24 -4
20 28 6
20 50 -8
20 40 -8
20 39 6
20 33 -10
20 30 -4
20 21 5
20 38 8
20 43 4
20 49 -8
20 41 -4
20 34 9
20 47 -9
20 44 -7
20 45 -3
21 44 9
21 25 -6
21 50 1
21 27 -8
21 42 7
21 41 -7
21 39 -9
21 22 -3
21 38 -2
21 31 9
21 30 0
21 28 10
21 34 9
21 32 -7
21 48 -4
21 26 9
21 49 -3
21 33 -3
21 43 2
22 30 2
22 36 4
22 23 -4
22 42 -2
22 47 -8
22 29 -7
22 27 6
22 41 -4
22 45 3
22 33 9
22 48 6
22 43 0
23 45 -5
23 26 -9
23 28 -8
23 35 -7
23 25 1
23 42 -1
23 39 -2
23 43 -4
23 41 10
23 32 8
23 31 2
23 44 5
23 49 1
23 40 0
23 29 7
23 34 10
23 48 6
24 47 8
24 35 9
24 48 -4
24 43 8
24 41 -9
24 26 9
24 32 2
24 39 -10
24 36 8
24 27 -9
24 49 6
24 31 4
24 45 -10
24 34 -7
24 28 -9
25 27 3
25 50 -3
25 29 -1
25 28 -3
25 26 1
25 37 9
25 33 -1
25 30 -3
25 39 0
25 38 -3
26 43 7
26 47 10
26 37 -3
26 28 8
26 49 -3
26 27 6
26 44 3
26 36 -3
26 29 0
26 38 -3
26 39 -5
26 33 -5
26 40 -10
26 35 -2
27 45 8
27 38 4
27 28 -7
27 41 5
27 50 -2
27 32 -3
27 49 10
27 39 4
27 46 10
27 40 -8
27 36 6
27 42 5
27 47 -3
28 34 1
28 39 -7
28 43 -1
28 36 1
28 30 -1
28 50 7
28 38 -4
28 41 6
28 48 3
28 49 0
28 42 10
28 45 -5
29 42 -3
29 31 -2
29 44 1
29 47 -9
29 49 8
29 46 -8
29 50 3
29 34 5
29 39 -7
29 40 -2
29 41 -7
29 36 3
29 35 1
30 32 -4
30 45 8
30 41 4
30 50 -4
30 33 8
30 48 7
30 34 6
30 44 1
30 46 9
30 39 -3
31 33 5
31 34 5
31 46 0
31 50 -5
31 49 10
31 36 -4
31 35 -9
31 43 -10
31 39 5
31 45 -2
31 37 -9
32 38 0
32 39 -4
32 36 9
32 41 -7
32 37 3
32 44 6
32 45 1
32 35 -6
32 46 1
32 42 -6
33 44 7
33 34 10
33 38 -4
33 36 5
34 37 8
34 45 10
34 35 -10
34 36 -4
34 43 5
34 41 -1
35 36 -9
35 38 5
35 39 -7
35 50 1
35 49 8
35 43 0
35 46 -7
36 49 10
36 39 -1
36 45 -9
36 40 6
36 46 5
36 48 -8
36 47 3
36 44 8
37 45 10
37 41 -9
37 38 -7
37 49 5
38 41 9
38 48 -8
38 39 -10
38 44 5
38 46 5
38 43 -4
39 47 5
39 41 -3
39 49 -10
39 46 -6
39 48 -2
40 42 -9
40 48 6
40 47 -2
40 43 -8
40 45 3
40 50 1
40 46 1
41 49 9
41 48 1
41 45 9
41 44 3
41 42 -5
41 47 -7
42 48 -10
42 45 4
42 49 3
42 44 -6
42 43 3
42 46 -1
43 46 -8
43 50 -5
43 48 -3
44 47 6
44 49 9
44 45 -8
44 46 -9
44 50 -2
45 49 -7
45 48 6
45 50 3
46 48 -4
47 50 0
47 49 -7
49 50 6
