50 613 
1 40 1
1 35 -7
1 20 8
1 36 9
1 19 8
1 28 7
1 14 -3
1 12 1
1 15 10
1 6 1
1 48 -9
1 30 5
1 41 4
1 7 5
1 3 -5
1 5 -9
1 25 -1
1 32 9
1 45 -10
1 42 10
1 22 10
1 9 5
1 26 0
1 50 6
1 39 9
2 21 -7
2 31 -9
2 36 7
2 16 -10
2 18 -4
2 22 2
2 14 2
2 20 1
2 19 -10
2 17 1
2 26 -5
2 49 -2
2 44 7
2 37 -8
2 28 0
2 45 -2
2 25 -2
2 50 7
2 47 -8
2 23 -3
2 30 0
2 41 4
2 27 2
2 40 9
2 7 1
3 34 4
3 10 5
3 33 0
3 21 -8
3 35 6
3 25 3
3 9 3
3 40 1
3 46 8
3 20 5
3 37 -5
3 26 -9
3 23 0
3 8 4
3 4 -2
3 17 -3
3 48 -3
3 16 -6
3 44 -7
3 12 2
3 29 1
3 11 2
4 50 0
4 48 9
4 38 1
4 37 -5
4 39 0
4 33 8
4 43 3
4 21 9
4 32 3
4 35 -1
4 7 -9
4 9 -5
4 27 4
4 31 -4
4 5 -7
4 47 -2
4 15 -5
4 49 5
4 22 -2
4 24 2
4 8 2
4 26 4
4 18 3
4 28 10
4 13 -1
4 42 -6
4 36 1
5 12 5
5 23 -3
5 49 3
5 10 -7
5 44 -8
5 7 1
5 25 5
5 43 8
5 28 8
5 33 3
5 29 7
5 34 -1
5 38 5
5 18 0
5 31 1
5 40 10
5 27 -3
5 22 1
5 14 -9
5 42 9
5 8 4
5 32 2
5 48 2
6 28 8
6 35 5
6 7 -2
6 23 4
6 20 9
6 40 0
6 38 10
6 18 -6
6 12 4
6 11 5
6 49 6
6 17 -9
6 29 -4
6 36 9
6 39 -7
6 46 -1
6 25 6
6 10 9
6 41 3
6 50 1
6 47 6
6 27 5
7 22 8
7 25 6
7 15 -1
7 18 1
7 46 -4
7 36 10
7 11 4
7 17 -8
7 26 10
7 27 -1
7 47 2
7 24 6
7 44 -8
7 49 4
7 37 3
7 39 5
7 28 -4
8 10 5
8 15 0
8 27 8
8 19 1
8 14 -4
8 42 2
8 30 1
8 24 -5
8 21 8
8 40 3
8 16 5
8 44 10
8 46 6
8 25 -3
8 50 -5
8 28 4
8 26 6
8 48 5
8 20 -9
8 39 1
8 49 9
8 32 8
9 12 2
9 20 3
9 19 7
9 31 -3
9 43 -5
9 42 -4
9 21 -7
9 45 -5
9 44 10
9 27 -2
9 40 -8
9 11 7
9 49 9
9 13 -8
9 32 -7
9 48 -3
9 17 -3
9 50 9
9 39 -8
9 33 -10
9 22 -3
9 41 -7
10 40 -8
10 49 3
10 47 -2
10 16 2
10 15 10
10 36 0
10 22 1
10 35 6
10 41 -5
10 25 6
10 50 -6
10 19 -9
11 44 6
11 15 -8
11 20 -6
11 38 3
11 29 3
11 34 -5
11 50 -6
11 35 -4
11 28 4
11 43 -1
11 12 -7
11 40 -6
11 45 1
11 42 -9
11 26 5
11 30 -4
11 18 -1
11 49 4
12 45 -7
12 43 -7
12 48 0
12 27 8
12 20 7
12 44 2
12 30 9
12 29 -5
12 36 -1
12 14 6
12 34 10
12 33 -4
12 24 -9
12 37 2
12 40 10
12 26 -2
12 21 7
12 22 4
12 32 9
12 39 -6
13 33 -9
13 31 2
13 35 -2
13 50 0
13 42 -2
13 21 8
13 23 0
13 14 5
13 45 7
13 32 -5
13 44 -1
13 43 -8
13 25 8
13 28 -2
13 47 -4
13 17 4
14 33 -3
14 32 1
14 39 10
14 38 2
14 30 6
14 31 -10
14 25 9
14 17 9
14 27 -1
14 29 -1
14 40 -5
14 45 8
14 35 -7
14 15 8
14 36 -7
14 48 10
15 21 0
15 28 0
15 36 -3
15 44 10
15 19 7
15 23 -7
15 26 8
15 32 -6
15 25 6
15 22 -9
15 48 -4
15 27 5
15 24 8
15 43 3
15 39 -1
15 50 -2
15 16 10
15 49 -5
15 31 -4
15 45 -4
15 47 -9
15 30 4
15 42 -10
15 20 8
16 48 9
16 27 10
16 20 -3
16 36 -4
16 22 -1
16 30 -1
16 21 -8
16 46 3
16 37 9
16 40 8
16 47 10
17 50 7
17 31 -10
17 30 -1
17 19 10
17 43 6
17 18 5
17 34 5
17 32 8
17 20 6
17 26 -9
17 47 -3
17 25 5
17 40 -9
17 48 5
17 46 1
17 38 -3
17 23 -8
17 35 -6
17 42 10
17 33 1
17 41 -10
17 21 4
17 28 8
18 42 9
18 36 -3
18 47 6
18 49 3
18 31 -9
18 41 -3
18 29 1
18 44 -2
18 19 5
18 26 -10
18 43 -9
18 28 4
18 45 -4
18 37 -2
18 23 7
18 46 7
18 32 3
18 39 -7
18 40 6
18 27 -6
18 35 -1
18 38 0
18 25 7
19 25 2
19 29 -7
19 45 2
19 21 -2
19 20 -5
19 31 -5
19 49 -1
19 42 3
19 33 -10
19 26 -10
19 34 8
19 46 4
19 38 6
19 35 -8
19 22 4
19 48 1
19 24 -10
20 35 10
20 44 -7
20 41 -2
20 29 -4
20 25 9
20 50 -9
20 33 4
20 38 0
20 31 -8
20 28 6
20 46 2
20 23 -7
20 22 -7
21 42 -2
21 44 5
21 38 10
21 36 10
21 32 -1
21 35 7
21 47 7
21 29 2
21 28 8
21 24 -4
21 39 10
21 50 9
21 25 -10
21 30 10
21 33 -1
21 27 -5
21 41 4
22 44 10
22 29 8
22 48 -8
22 24 1
22 31 0
22 32 0
22 49 8
22 35 -2
22 33 -5
23 26 -9
23 31 -2
23 34 -1
23 25 7
23 42 -3
23 27 6
23 38 6
23 41 -8
23 36 6
23 43 -6
23 44 -9
24 25 5
24 31 8
24 30 -7
24 40 -7
24 26 8
24 42 7
24 27 -2
24 41 -3
24 46 -7
25 46 -7
25 34 -3
25 31 5
25 41 2
25 28 -9
25 30 3
25 43 -4
25 39 2
25 26 -3
25 49 4
25 32 10
25 47 -10
25 44 -3
25 33 2
25 45 -7
25 35 5
26 27 -6
26 37 5
26 34 -9
26 43 -7
26 48 -5
26 45 6
26 39 -9
26 29 -5
26 31 8
26 41 5
26 46 10
26 35 -10
26 33 -9
26 28 -5
26 49 -4
26 32 2
27 35 7
27 44 7
27 49 6
27 39 -9
27 29 5
27 33 10
27 41 6
27 48 -6
27 38 0
27 40 -7
27 42 -5
27 28 7
27 30 6
27 32 -5
27 47 -10
28 30 -4
28 36 -2
28 31 10
28 45 -4
28 46 8
28 50 7
28 49 2
28 33 -10
28 44 10
29 37 1
29 33 1
29 45 -4
29 32 0
29 48 3
29 30 -7
29 46 -7
29 41 8
29 36 2
30 44 6
30 40 -8
30 48 -7
30 49 9
30 42 10
30 43 6
30 45 -2
31 33 1
31 48 7
31 35 2
31 47 10
31 38 2
31 32 6
31 41 -7
31 36 -6
31 37 7
31 45 -6
32 48 -4
32 36 4
32 40 -10
32 38 -5
32 42 1
32 43 2
32 37 -6
32 39 -4
32 50 -10
33 42 -6
33 49 4
33 46 -6
33 50 10
33 43 7
34 39 -6
34 50 -3
34 35 2
34 38 -4
34 36 -6
34 48 -4
34 45 -6
34 44 6
34 37 -10
34 42 -7
35 46 -6
35 42 0
35 41 -3
35 39 4
35 43 -10
35 38 -10
35 36 3
36 48 8
36 41 3
36 39 -4
36 49 9
36 40 2
36 50 9
36 46 9
37 44 8
37 43 2
37 45 4
37 50 -2
37 39 7
38 50 4
38 49 -7
38 39 -8
38 43 0
38 48 -7
39 40 4
39 41 -3
39 44 -5
39 42 -1
39 47 -9
39 48 3
39 49 9
40 49 1
40 45 8
40 48 -1
40 43 -5
41 48 2
41 45 -9
41 43 4
41 44 -10
41 46 1
41 42 2
41 47 3
41 50 -7
42 47 -8
42 46 -3
42 48 1
42 45 -3
42 43 1
43 46 -2
43 49 -5
43 44 3
43 47 7
43 50 -5
44 48 -4
44 45 8
44 50 3
45 50 4
45 46 10
45 48 -10
46 48 -8
46 50 -8
47 48 8
49 50 3
