75 1388 
1 10 -10
1 8 9
1 11 1
1 53 -10
1 46 -1
1 6 -3
1 54 0
1 33 0
1 12 -10
1 17 9
1 68 0
1 71 3
1 4 9
1 74 -8
1 44 3
1 23 -10
1 20 -5
1 30 7
1 63 -8
1 56 -4
1 39 1
1 27 7
1 69 2
1 26 -8
1 18 -2
1 29 0
1 62 -1
1 58 1
1 5 8
1 2 -6
2 16 -2
2 63 -7
2 22 9
2 39 3
2 30 -7
2 65 1
2 18 9
2 70 -3
2 58 -1
2 56 2
2 28 -1
2 14 0
2 60 -8
2 36 10
2 3 -3
2 62 9
2 54 -5
2 73 -3
2 31 -10
2 5 -9
2 25 2
2 32 -9
2 34 0
2 74 0
2 46 0
2 44 9
2 69 0
3 18 0
3 11 -8
3 13 -3
3 19 -7
3 17 2
3 8 -3
3 23 -10
3 43 7
3 38 -1
3 31 1
3 44 -3
3 48 -5
3 64 4
3 72 -1
3 42 5
3 39 5
3 34 3
3 37 -7
3 55 -4
3 62 1
3 68 -5
3 14 -10
3 6 -8
3 73 -1
3 65 -7
3 66 -10
3 25 -6
3 41 -4
3 24 -10
3 56 -5
3 4 -10
3 7 -8
3 71 -7
3 60 -6
3 67 2
3 22 8
3 47 10
3 46 4
3 15 1
4 32 -8
4 44 0
4 71 -7
4 16 -3
4 51 -2
4 53 -3
4 21 -6
4 72 -4
4 41 -9
4 70 -2
4 67 3
4 25 6
4 69 -10
4 6 -9
4 30 -2
4 65 0
4 60 0
4 64 -1
4 50 0
4 48 1
4 28 10
4 43 -10
4 26 0
4 24 -6
4 15 -2
4 66 4
4 75 9
4 27 10
4 46 -9
4 63 6
4 7 -10
4 11 -9
4 34 4
4 45 -3
5 64 -4
5 75 7
5 51 -1
5 36 -1
5 37 3
5 41 -10
5 16 -10
5 63 4
5 44 8
5 65 3
5 38 3
5 12 -3
5 27 1
5 54 5
5 26 -9
5 30 8
5 69 1
5 9 -2
5 42 5
5 25 4
5 73 7
5 15 6
5 67 -9
5 29 9
5 11 -8
5 33 5
5 46 9
5 23 2
5 18 2
5 59 -1
5 21 -5
5 74 -3
5 43 -3
5 19 6
5 6 -6
5 24 0
5 50 -3
5 58 0
5 40 9
5 34 -5
5 31 -3
5 52 -4
6 20 -9
6 73 -1
6 65 10
6 21 8
6 51 -4
6 25 9
6 28 1
6 10 -1
6 33 2
6 72 -2
6 40 4
6 17 -6
6 63 -3
6 48 -5
6 14 -7
6 52 -4
6 36 10
6 67 -10
6 11 -7
6 34 -8
6 43 3
6 75 -3
6 12 -4
6 49 4
6 24 -9
6 18 -7
6 35 -5
6 16 3
6 59 0
6 56 -10
6 32 -1
6 7 5
6 47 -4
6 64 5
6 27 -2
6 22 0
6 58 -10
6 15 -7
6 57 4
7 14 -7
7 65 2
7 71 3
7 58 8
7 45 9
7 70 -7
7 24 3
7 67 -1
7 55 1
7 62 -1
7 22 8
7 41 8
7 19 -4
7 23 -4
7 53 -4
7 64 7
7 25 -2
7 40 5
7 38 -8
7 50 -7
7 18 -9
7 17 -3
7 47 0
7 49 6
7 31 5
7 11 3
7 44 -7
7 12 -8
7 8 -5
7 59 3
7 37 9
7 68 5
7 63 4
7 57 -9
7 29 0
7 61 3
8 32 5
8 45 10
8 17 -7
8 16 2
8 60 4
8 74 7
8 41 8
8 68 5
8 48 -3
8 56 4
8 58 -7
8 39 4
8 42 8
8 63 6
8 27 3
8 33 -6
8 30 -6
8 75 3
8 21 -3
8 34 4
8 40 -4
8 9 10
8 61 4
8 23 2
8 13 -10
8 69 0
8 71 -7
8 19 3
8 24 -4
9 62 -9
9 74 4
9 10 -9
9 58 -10
9 22 4
9 23 8
9 57 -7
9 11 8
9 17 -6
9 48 3
9 30 -8
9 34 10
9 53 -7
9 39 0
9 64 0
9 72 10
9 36 4
9 24 8
9 56 -2
9 38 0
9 19 -3
9 73 6
9 14 -10
9 15 -7
9 65 9
9 61 -4
9 20 -3
9 69 -2
9 70 3
9 26 -9
9 71 -5
10 69 10
10 22 -10
10 59 1
10 63 -9
10 72 -2
10 47 -3
10 50 -2
10 33 -5
10 13 4
10 65 2
10 54 -5
10 68 8
10 27 -5
10 11 2
10 12 10
10 19 4
10 35 9
10 36 4
10 74 -3
10 40 -2
10 21 2
10 51 1
10 58 -1
10 14 0
10 28 -7
10 71 -1
10 18 5
10 48 8
11 39 9
11 75 1
11 48 -6
11 22 10
11 24 6
11 74 -5
11 34 -9
11 51 -5
11 60 2
11 20 -3
11 15 -8
11 46 0
11 50 5
11 40 3
11 17 0
11 68 -4
11 44 -5
11 19 -4
11 37 -4
11 59 9
11 25 -10
11 53 -3
11 42 -3
11 28 -7
11 49 8
11 26 -1
11 14 -9
11 21 9
11 57 -1
11 41 0
11 38 -9
11 35 7
11 66 2
11 33 -5
12 33 0
12 17 2
12 62 10
12 63 -5
12 67 -10
12 34 -6
12 16 -6
12 73 2
12 66 5
12 51 -3
12 27 9
12 52 -9
12 24 -10
12 37 -5
12 23 8
12 57 0
12 58 -6
12 48 -1
12 21 4
12 50 -6
12 74 5
12 53 5
12 38 -1
12 46 3
12 26 -6
12 56 6
12 40 0
12 47 6
12 55 -3
12 42 1
12 64 -4
12 15 2
12 36 4
13 18 -10
13 47 -1
13 54 5
13 46 6
13 48 -2
13 63 7
13 32 10
13 15 -4
13 61 7
13 49 6
13 74 3
13 75 -7
13 30 -4
13 17 -8
13 56 4
13 59 8
13 19 -8
13 38 8
13 71 -4
13 58 9
13 39 -7
13 40 -9
13 42 1
13 50 9
13 33 7
13 29 -4
13 14 8
13 36 3
13 43 8
13 27 0
14 21 -3
14 17 3
14 55 -4
14 25 2
14 71 5
14 57 -8
14 67 4
14 16 -4
14 69 1
14 74 2
14 22 6
14 58 1
14 18 -6
14 62 -2
14 45 7
14 36 -7
14 23 6
14 32 -3
14 40 7
14 46 -6
14 37 -7
14 48 9
14 15 10
14 28 -5
14 65 1
14 30 6
14 53 9
15 23 -4
15 43 4
15 67 7
15 21 7
15 17 -4
15 39 6
15 16 8
15 37 9
15 53 4
15 49 1
15 50 -1
15 25 5
15 62 0
15 68 1
15 59 1
15 46 4
15 34 4
15 52 -6
15 22 5
15 20 -1
15 42 -1
15 44 -5
15 61 -3
15 36 1
15 54 1
15 48 -8
15 75 2
15 47 -10
15 30 6
15 32 3
15 26 10
15 38 10
15 19 -9
15 69 5
15 58 8
15 33 -3
15 60 5
16 42 4
16 63 3
16 39 -3
16 75 0
16 17 -10
16 70 -2
16 49 -6
16 21 7
16 37 2
16 66 4
16 29 7
16 56 -5
16 47 -10
16 25 2
16 31 2
16 65 3
16 64 -7
16 34 4
16 20 9
16 36 -2
16 72 -6
16 23 -9
16 24 10
16 69 7
16 43 9
16 74 -5
16 59 -4
17 43 5
17 31 -2
17 36 -1
17 47 -9
17 73 10
17 50 6
17 45 -5
17 69 0
17 75 9
17 60 -10
17 38 -2
17 71 4
17 59 9
17 62 3
17 74 -3
17 63 -2
17 18 -4
17 53 5
17 40 8
17 68 -3
17 23 10
17 26 -9
18 56 6
18 34 -2
18 53 9
18 54 -9
18 51 -6
18 24 7
18 73 -5
18 61 -3
18 71 -7
18 27 2
18 39 3
18 45 -4
18 69 8
18 35 1
18 25 1
18 58 6
18 75 7
18 19 -3
18 46 -2
18 68 0
18 26 5
18 31 -4
18 64 -6
18 52 -7
18 44 8
18 21 -8
18 67 -9
18 41 8
19 70 -5
19 21 -10
19 33 1
19 31 -2
19 28 -4
19 42 -10
19 43 -2
19 39 -6
19 40 -3
19 49 -2
19 64 -7
19 34 9
19 41 -10
19 60 -10
19 74 3
19 63 -6
19 72 10
19 69 -3
19 75 -9
19 65 3
19 24 -7
19 44 -2
19 58 -7
19 71 -4
19 51 7
19 45 9
20 39 -2
20 62 8
20 59 -8
20 65 5
20 75 -8
20 54 2
20 21 3
20 45 -9
20 47 -9
20 25 8
20 66 -3
20 51 2
20 49 -4
20 27 -3
20 28 -2
20 41 7
20 43 -10
20 70 -2
20 61 10
20 36 -7
20 48 -9
20 58 -4
20 22 -2
20 57 9
20 30 -3
20 26 10
20 31 -8
20 44 -4
21 25 -4
21 64 5
21 32 -6
21 47 -6
21 69 -4
21 38 -4
21 46 -3
21 57 -7
21 40 -10
21 26 1
21 53 -7
21 41 7
21 27 8
21 24 1
21 66 -2
21 54 -3
21 61 -1
21 62 -1
21 58 9
22 31 -4
22 63 7
22 61 9
22 28 -10
22 29 6
22 56 4
22 73 3
22 36 7
22 30 -3
22 24 -8
22 59 -10
22 74 6
22 75 -5
22 72 -8
22 60 -3
22 58 10
22 62 9
22 43 2
22 38 0
22 65 0
22 42 8
22 26 -1
22 25 -4
22 49 -9
22 47 -8
22 32 -8
22 52 -7
22 45 -8
22 39 -9
23 42 -5
23 54 -4
23 34 3
23 68 9
23 25 -8
23 38 -7
23 49 2
23 67 9
23 60 0
23 65 -2
23 24 -6
23 45 -7
23 73 -2
23 27 8
23 26 -8
23 47 1
23 59 -10
23 33 -6
23 51 6
23 40 -10
23 74 -4
23 72 9
23 37 -9
23 29 -8
23 63 -7
23 62 -6
23 39 -4
23 44 1
23 41 10
23 52 10
23 32 5
24 49 -2
24 45 -5
24 47 9
24 40 -8
24 25 -7
24 51 9
24 27 0
24 75 -9
24 56 0
24 34 -3
24 62 8
24 70 9
24 46 10
24 73 3
24 30 1
24 44 -3
24 55 8
24 35 -9
24 42 -6
24 67 4
24 69 -2
24 26 3
24 71 7
24 58 0
24 28 0
25 62 -7
25 51 -3
25 39 2
25 66 -4
25 32 -4
25 40 9
25 36 8
25 67 3
25 52 -10
25 71 -8
25 49 -8
25 29 3
25 45 10
25 28 10
25 47 1
25 68 4
25 57 -5
25 58 8
25 56 1
25 26 7
25 63 1
25 48 -4
25 54 4
25 33 8
25 65 -7
25 46 -4
25 61 -1
25 41 9
25 75 10
25 34 6
25 35 -7
25 73 10
25 38 -2
26 57 -6
26 58 -7
26 42 6
26 72 -10
26 60 -5
26 28 4
26 29 -2
26 38 0
26 49 2
26 48 9
26 35 6
26 63 10
26 67 -2
26 39 1
26 32 4
26 66 -7
26 75 -8
26 30 -6
26 61 3
26 34 10
26 44 2
26 55 4
26 64 -6
26 62 5
26 70 1
26 68 -8
26 45 -5
26 74 3
26 50 -6
26 43 9
27 62 -9
27 46 0
27 32 -3
27 31 -7
27 52 8
27 66 4
27 60 -9
27 41 -3
27 63 0
27 35 -9
27 51 2
27 37 -6
27 50 -8
27 64 10
27 65 9
27 33 7
27 42 -9
27 43 5
27 45 -9
27 28 -4
27 73 -7
27 58 -2
27 38 6
27 30 7
27 56 -9
27 53 3
28 54 8
28 34 2
28 46 -8
28 72 -2
28 29 0
28 69 4
28 39 -6
28 63 -8
28 36 -8
28 64 -2
28 52 2
28 68 9
28 71 0
28 40 6
28 37 4
28 65 -3
28 50 6
28 74 0
28 73 -4
28 30 -6
28 53 1
28 56 -4
29 64 -8
29 48 4
29 62 -1
29 34 -9
29 68 9
29 58 -8
29 32 -6
29 74 5
29 59 -2
29 57 2
29 39 7
29 73 0
29 71 -2
29 61 0
29 65 -9
29 52 -10
29 37 2
29 70 6
29 56 -1
29 69 -5
29 53 4
29 38 0
29 35 -7
29 50 -10
29 67 3
30 43 8
30 59 4
30 34 -6
30 41 7
30 57 -8
30 60 5
30 42 -3
30 35 -8
30 55 8
30 49 -3
30 61 0
30 54 -4
30 44 5
30 32 -4
30 33 -5
30 67 10
30 63 4
30 64 0
30 51 0
30 40 9
30 65 -6
30 36 8
30 73 -6
30 68 6
31 47 5
31 72 9
31 43 3
31 52 -6
31 48 -7
31 39 10
31 59 7
31 36 2
31 55 -5
31 71 -7
31 38 -4
31 44 1
31 53 6
31 68 0
31 58 10
31 69 -5
31 51 -1
31 60 9
31 45 -6
31 70 -10
31 74 -2
31 42 9
32 36 0
32 50 4
32 66 -7
32 56 4
32 63 6
32 42 -10
32 53 0
32 61 -3
32 71 -4
32 39 -6
32 48 -4
32 67 -10
32 65 5
32 54 2
32 74 -1
32 46 -3
32 52 -1
32 55 -1
32 58 -2
32 34 4
32 43 -4
32 72 -1
32 45 -1
32 51 -5
32 68 -10
33 51 0
33 66 -9
33 63 -9
33 60 3
33 36 -8
33 44 -4
33 54 4
33 58 4
33 46 -9
33 37 5
33 74 4
33 75 -2
33 55 1
33 61 9
33 48 -6
33 47 -8
33 59 8
33 41 6
33 57 6
33 65 -8
33 72 -4
33 49 10
33 56 -8
33 71 -9
34 52 -6
34 71 1
34 72 1
34 73 -2
34 47 -8
34 43 4
34 42 3
34 62 -8
34 38 4
34 70 -6
34 64 10
34 40 9
34 67 3
34 35 -7
34 37 3
34 74 2
34 58 0
34 53 0
34 51 1
34 36 1
34 63 2
35 41 1
35 36 10
35 57 -6
35 66 -3
35 64 -2
35 53 6
35 68 7
35 49 7
35 60 -10
35 75 -2
35 74 8
35 46 -7
35 71 -4
35 50 6
35 38 -3
35 40 8
35 47 -9
35 69 -7
35 62 -3
36 58 0
36 44 -1
36 70 2
36 48 -8
36 41 -1
36 56 -5
36 39 2
36 62 -8
36 61 -9
36 38 3
36 49 -10
36 37 3
36 40 5
36 73 -5
36 51 3
36 46 5
37 66 9
37 61 8
37 71 10
37 46 6
37 45 1
37 53 3
37 44 3
37 48 5
37 57 -5
37 70 -3
37 74 9
37 42 -1
37 64 0
37 51 -9
37 62 1
37 40 6
37 56 7
37 49 -7
37 58 -8
37 43 4
37 55 -3
37 54 8
37 67 -1
38 41 2
38 75 5
38 48 4
38 39 1
38 64 -6
38 62 -7
38 59 -8
38 71 8
38 55 -3
38 42 -8
38 63 3
38 45 -4
38 58 -3
38 61 7
39 67 -2
39 62 6
39 72 1
39 50 8
39 69 -10
39 44 -1
39 75 -10
39 55 -1
39 73 -2
39 59 7
39 71 4
39 61 10
39 65 -8
39 40 -2
39 70 3
39 60 10
39 54 -4
40 60 -8
40 69 9
40 47 -6
40 62 -7
40 68 -9
40 63 1
40 42 -3
40 64 6
40 56 2
40 53 10
40 54 4
40 73 2
40 44 4
41 65 1
41 53 9
41 60 -4
41 43 -4
41 47 -2
41 66 4
41 50 -10
41 49 -3
41 70 -8
41 44 -2
41 64 -1
41 46 3
41 58 -8
41 69 4
41 71 0
41 67 -3
41 45 -6
42 54 -1
42 49 7
42 53 2
42 63 4
42 74 -10
42 51 1
42 59 -9
42 69 2
42 72 0
42 50 1
42 45 4
42 55 7
42 58 5
42 47 -6
42 66 -4
42 48 9
42 60 10
42 70 -9
42 46 -7
42 43 -4
43 44 1
43 52 -9
43 66 10
43 71 10
43 65 6
43 55 -7
43 49 8
43 69 1
43 74 5
43 61 8
43 60 -2
43 45 -5
43 72 -10
43 67 -3
43 68 10
43 53 -9
43 59 -4
44 57 -3
44 66 5
44 46 1
44 58 1
44 75 8
44 65 3
44 71 6
44 61 2
44 56 -3
44 54 6
44 55 -10
44 59 3
44 50 -9
44 70 -7
44 68 4
45 64 2
45 51 -3
45 75 -4
45 69 -1
45 63 2
45 66 4
45 71 -2
45 55 8
45 70 -10
45 58 6
45 67 8
46 59 -4
46 53 6
46 67 0
46 63 6
46 51 8
46 64 7
46 70 -7
46 74 6
46 60 10
46 52 10
46 49 -5
46 55 -7
46 75 -9
46 58 -10
46 73 -8
47 73 9
47 74 -8
47 71 -5
47 52 -10
47 51 -4
47 54 -5
47 60 3
47 64 -4
47 55 7
48 69 -4
48 67 8
48 54 -4
48 68 -7
48 58 8
48 60 -2
48 59 -7
48 50 -7
48 72 -10
48 73 -6
48 75 9
48 51 -7
48 66 0
48 63 -7
49 59 8
49 50 -7
49 56 4
49 64 9
49 58 10
49 75 -5
49 65 2
49 66 -3
49 71 2
49 72 -9
49 69 -8
49 63 0
49 54 -2
49 57 -6
49 68 5
50 74 8
50 54 -2
50 65 2
50 69 0
50 51 2
50 64 0
50 66 -10
50 71 -6
50 57 8
50 58 9
50 67 3
50 73 -5
50 75 -6
50 72 8
50 59 -4
51 54 -8
51 72 -10
51 58 7
51 53 -2
51 52 2
51 67 -6
51 63 -8
51 64 4
51 61 -4
51 75 -10
51 55 0
51 71 5
51 68 -4
52 70 9
52 72 -4
52 53 10
52 68 5
52 69 -2
52 57 10
52 75 -3
52 56 5
52 63 -7
52 64 -4
52 74 6
53 69 -10
53 56 -8
53 70 -6
53 75 7
53 74 4
53 62 7
53 67 -4
53 57 5
53 59 3
53 60 -1
54 75 -5
54 67 -8
54 70 -3
54 71 -2
54 65 -10
54 63 6
54 56 -1
54 59 10
54 62 10
54 68 6
54 66 -9
54 57 -2
55 62 6
55 64 -3
55 58 8
55 70 3
55 69 6
55 72 -8
55 74 -1
56 64 0
56 68 5
56 59 10
56 69 7
56 72 -5
56 61 9
56 67 -10
57 64 -5
57 75 -8
57 60 -6
57 59 -9
57 66 1
57 63 1
57 74 5
57 67 7
57 71 3
58 60 -6
58 73 -5
58 75 8
58 72 -8
58 74 -2
58 67 8
58 70 -5
59 61 6
59 60 -2
59 71 4
59 69 -5
59 66 -4
59 65 2
59 67 2
59 75 2
59 73 -9
59 70 -8
59 72 -5
60 69 2
60 70 -8
60 61 9
60 74 -3
60 64 4
60 67 6
61 67 1
61 69 -3
61 68 -3
61 75 6
61 70 -3
61 66 -4
61 71 7
61 64 -6
62 75 -4
62 71 7
62 67 5
62 72 -6
62 63 4
62 65 7
62 69 -9
62 66 8
62 70 -2
62 64 2
62 68 -7
63 64 -1
63 74 -3
63 72 8
63 70 4
64 66 5
64 70 2
64 72 -1
64 75 -8
64 67 -4
64 69 3
65 74 0
65 66 -5
65 73 -6
65 72 2
65 70 1
65 68 -7
65 75 1
66 69 -6
66 73 -4
66 68 0
66 70 5
67 75 -1
67 71 0
67 68 4
67 72 9
67 70 2
67 69 -5
68 69 2
68 74 -2
68 70 -1
68 71 -8
69 72 9
69 73 -1
69 71 6
69 70 5
70 74 -7
70 71 -8
71 75 0
71 73 -5
72 75 -2
72 73 -9
73 74 2
74 75 -3
