75 1388 
1 32 10
1 58 3
1 10 8
1 6 -4
1 46 -10
1 26 8
1 71 -3
1 23 9
1 40 -8
1 8 -9
1 55 -2
1 74 -9
1 5 3
1 45 -1
1 68 8
1 19 5
1 37 4
1 36 -3
1 47 2
1 15 -7
1 2 7
1 49 -7
1 67 1
1 34 8
1 31 7
1 17 7
1 38 8
1 9 4
1 65 8
1 33 -7
1 54 5
1 73 -8
2 69 -9
2 68 -6
2 48 -1
2 30 3
2 6 -2
2 10 3
2 35 2
2 75 -7
2 27 6
2 45 8
2 5 6
2 28 -9
2 11 9
2 61 4
2 9 8
2 52 8
2 71 -1
2 63 -5
2 24 4
2 59 8
2 42 0
2 46 -9
2 66 -5
2 73 -3
2 49 0
2 40 -1
2 14 6
2 70 0
2 15 -3
2 53 -1
2 57 4
2 62 4
2 60 5
2 21 -5
2 29 -1
2 3 -8
2 41 -7
2 64 -6
2 44 6
2 74 10
2 22 8
3 32 8
3 48 5
3 55 -5
3 23 -1
3 46 -2
3 35 4
3 28 3
3 56 -7
3 17 -1
3 44 1
3 19 1
3 69 1
3 39 9
3 60 -5
3 59 1
3 15 -1
3 51 -5
3 6 5
3 12 1
3 45 -4
3 11 6
3 26 -9
3 20 5
3 73 0
3 9 5
3 61 1
3 30 2
3 75 7
3 71 -7
3 67 -4
3 13 -6
3 53 4
3 66 1
3 58 -7
3 74 -3
3 27 3
3 68 -10
3 18 -9
4 45 -5
4 44 9
4 40 -5
4 29 10
4 59 -7
4 73 8
4 7 6
4 11 3
4 75 5
4 68 6
4 55 -6
4 52 7
4 30 -4
4 65 -8
4 35 -4
4 61 8
4 10 1
4 39 2
4 17 -4
4 43 7
4 49 5
4 18 -10
4 69 -3
4 32 -2
4 67 -3
4 22 3
4 25 3
4 5 1
4 21 -4
4 50 4
4 13 -10
4 34 -7
4 51 -10
4 47 0
4 14 -5
4 46 -4
4 16 8
4 36 -8
4 56 0
4 12 -8
4 19 -3
5 23 -2
5 27 1
5 40 1
5 65 5
5 18 0
5 17 -3
5 60 -3
5 37 9
5 19 7
5 48 -10
5 29 -10
5 10 -3
5 8 -7
5 62 0
5 24 -5
5 72 7
5 46 7
5 11 5
5 55 -6
5 7 -6
5 51 7
5 9 5
5 22 3
5 66 1
5 75 9
5 53 4
5 57 -4
5 56 6
5 50 -1
5 71 2
5 16 -9
5 34 -2
5 52 4
5 39 2
6 41 -6
6 63 7
6 54 8
6 71 2
6 14 -10
6 18 -8
6 52 -1
6 72 -3
6 49 10
6 60 6
6 15 -9
6 29 -10
6 44 -6
6 68 -3
6 40 -2
6 38 -5
6 59 -8
6 11 -1
6 66 10
6 36 -2
6 21 2
6 51 -6
6 74 5
6 13 -5
6 61 3
6 58 -6
6 69 0
6 31 7
6 64 -3
6 47 1
6 45 -6
6 43 -4
7 47 -3
7 28 -4
7 36 8
7 68 -6
7 15 4
7 34 -8
7 17 2
7 11 6
7 53 2
7 63 -3
7 59 10
7 35 -3
7 21 -10
7 25 -5
7 38 3
7 52 -2
7 64 -5
7 57 -4
7 40 7
7 14 9
7 43 -8
7 41 5
7 37 3
7 48 -3
7 51 -7
7 19 10
7 20 5
7 70 -7
7 29 -5
7 69 7
7 50 -7
7 67 1
7 12 3
8 43 2
8 34 6
8 57 -2
8 52 1
8 29 4
8 18 -7
8 14 9
8 65 3
8 15 -5
8 75 8
8 50 -7
8 12 -2
8 48 -9
8 31 -9
8 26 8
8 41 6
8 62 -10
8 56 8
8 53 10
8 36 10
8 46 5
8 61 -6
8 59 1
8 47 3
8 37 -8
8 38 -10
8 54 4
8 11 -2
8 27 -2
9 70 5
9 64 -5
9 27 3
9 16 -4
9 26 1
9 54 0
9 47 -5
9 63 -5
9 68 -9
9 74 10
9 66 9
9 40 -6
9 18 6
9 57 -9
9 12 -4
9 56 10
9 24 3
9 58 2
9 34 4
9 13 6
9 71 -4
9 37 -10
9 42 5
9 73 -4
9 14 -9
9 23 -1
10 57 7
10 60 4
10 72 7
10 28 1
10 64 -8
10 40 -2
10 27 -1
10 66 -2
10 30 -2
10 54 3
10 70 -5
10 13 -7
10 73 -1
10 48 4
10 29 5
10 42 2
10 11 -4
10 56 -9
10 46 8
10 18 -3
10 25 -8
10 23 10
10 39 0
10 62 10
10 37 5
10 31 3
10 51 5
10 50 7
10 74 -1
10 38 2
10 58 -3
10 53 -10
10 19 3
10 59 -2
10 52 -3
10 26 1
10 69 2
10 55 8
11 24 -6
11 33 9
11 36 -6
11 17 -10
11 25 -7
11 18 -8
11 51 -3
11 40 8
11 74 9
11 73 4
11 67 0
11 26 -2
11 61 10
11 13 2
11 22 10
11 68 -5
11 52 9
11 45 5
11 35 6
11 38 -7
11 43 -5
11 20 7
11 34 6
11 56 -4
11 44 6
11 62 -8
11 30 -8
11 48 6
11 50 -10
11 14 -4
11 64 5
11 59 8
11 58 4
11 27 -8
11 47 -4
11 19 9
12 30 -9
12 70 -7
12 64 -3
12 60 9
12 46 -6
12 71 1
12 44 -8
12 72 7
12 56 -7
12 51 -9
12 20 -3
12 16 -2
12 37 9
12 24 0
12 18 10
12 36 9
12 31 -7
12 74 -4
12 39 9
12 65 -3
12 21 -3
12 41 2
12 63 2
12 61 4
13 56 -4
13 14 -2
13 31 -8
13 30 -7
13 49 6
13 74 -4
13 34 3
13 42 9
13 19 6
13 51 0
13 73 -5
13 59 -9
13 27 -8
13 66 -7
13 57 1
13 28 -1
13 71 -2
13 75 -4
13 22 10
13 52 8
13 43 2
13 16 5
13 46 1
13 35 0
13 36 7
13 53 10
13 64 6
13 26 8
13 32 9
13 20 -4
13 55 8
13 18 -9
13 38 9
13 67 2
13 25 -10
14 53 8
14 69 -9
14 58 6
14 39 4
14 66 -10
14 49 -7
14 59 -9
14 61 3
14 36 -3
14 56 -1
14 35 -3
14 75 1
14 17 9
14 45 -1
14 41 -3
14 23 0
14 62 -3
14 20 7
14 28 10
14 29 -3
14 25 8
14 73 -3
14 74 6
14 54 3
14 47 -3
14 70 0
14 21 -3
14 16 -5
15 36 -5
15 42 -10
15 32 -2
15 71 8
15 73 4
15 58 -7
15 47 5
15 55 -2
15 60 -3
15 27 10
15 56 4
15 75 10
15 37 -8
15 22 6
15 61 5
15 46 -3
15 40 1
15 49 -7
15 26 -1
15 48 1
15 33 -1
15 30 7
15 62 -4
15 54 6
15 23 3
15 25 0
15 68 10
15 53 -5
15 28 -3
16 58 -2
16 33 1
16 23 -9
16 36 8
16 24 -8
16 37 3
16 50 5
16 29 -7
16 57 -2
16 62 -7
16 18 3
16 51 1
16 35 -4
16 66 8
16 59 4
16 65 -4
16 49 8
16 55 7
16 68 6
16 31 1
16 52 9
16 46 -3
16 34 5
16 70 5
16 43 0
16 69 -5
16 73 10
16 28 -4
16 19 -9
16 21 -10
16 26 5
16 20 -2
16 53 -9
17 71 0
17 32 -4
17 50 9
17 28 -7
17 52 3
17 42 6
17 38 1
17 34 -6
17 67 1
17 43 -6
17 37 7
17 65 10
17 49 -4
17 70 5
17 48 8
17 53 10
17 72 -10
17 73 -4
17 69 5
17 59 -1
17 66 -9
17 75 5
17 61 -7
17 27 1
17 68 8
17 20 0
17 33 -7
17 56 10
18 22 -1
18 42 -9
18 32 6
18 65 5
18 74 -8
18 51 3
18 69 8
18 41 10
18 62 -9
18 47 -7
18 35 5
18 43 9
18 19 -8
18 26 -10
18 33 5
18 58 5
18 72 -4
18 68 5
18 20 -3
18 73 -10
18 75 -6
18 40 -2
18 60 -9
18 70 6
18 53 -2
18 31 -8
18 34 3
18 30 1
19 49 1
19 50 9
19 63 1
19 74 9
19 73 3
19 27 -5
19 37 -7
19 22 -10
19 32 4
19 47 3
19 28 -6
19 75 3
19 64 -1
19 35 -8
19 21 -5
19 72 -3
19 46 6
19 42 9
19 55 -8
19 45 -9
19 52 -2
19 57 -7
19 34 6
19 51 3
19 70 -4
19 68 0
19 30 -7
19 39 6
19 60 -8
20 26 4
20 71 -9
20 27 -9
20 57 8
20 31 -4
20 61 -2
20 50 0
20 51 6
20 47 -4
20 30 -10
20 62 -9
20 73 -7
20 42 0
20 68 -7
20 55 -10
20 64 -3
20 21 -10
20 44 8
20 59 -3
20 34 -6
20 45 4
20 69 7
20 24 6
20 75 -9
20 29 -8
20 53 4
21 31 -9
21 35 8
21 70 2
21 67 2
21 54 4
21 38 0
21 22 1
21 29 9
21 37 -7
21 75 8
21 55 -5
21 50 4
21 25 -4
21 26 -2
21 32 -3
21 53 -5
21 27 8
21 43 -4
21 41 -2
21 51 4
21 71 -7
21 69 2
21 57 -6
21 39 -10
21 64 9
21 34 -9
21 60 0
21 58 -2
21 73 -4
22 56 -3
22 30 -10
22 42 -4
22 54 0
22 44 8
22 34 2
22 75 -10
22 49 -9
22 45 7
22 73 -5
22 31 6
22 46 2
22 35 3
22 38 10
22 67 0
22 72 -5
22 39 4
22 27 2
22 33 3
22 50 0
22 37 1
22 52 6
22 41 -2
22 68 9
22 65 -1
22 70 -7
22 62 8
22 36 -2
22 63 1
22 23 9
22 74 2
22 26 7
22 51 0
22 43 8
23 61 -4
23 68 4
23 65 8
23 62 -4
23 69 3
23 49 -8
23 72 -1
23 25 -4
23 34 7
23 24 7
23 40 -5
23 41 8
23 56 -6
23 26 -6
23 51 -7
23 63 3
23 45 1
23 27 9
23 42 -4
23 39 -5
23 31 10
23 46 -10
23 55 8
23 73 -3
24 58 -9
24 69 7
24 65 -7
24 28 5
24 44 2
24 46 -3
24 36 4
24 57 10
24 41 6
24 32 -3
24 64 2
24 52 9
24 60 10
24 72 0
24 73 -9
24 30 -2
24 37 -2
24 51 -7
24 54 -6
24 61 -5
24 48 -1
24 40 -3
24 39 -7
24 56 -9
24 43 -1
24 53 -7
24 59 1
25 33 -4
25 51 2
25 62 2
25 41 2
25 47 9
25 31 7
25 35 -2
25 58 -2
25 30 4
25 72 -2
25 67 -6
25 34 1
25 39 -5
25 69 -6
25 66 -2
25 50 -7
25 37 -4
25 68 -3
25 54 4
25 52 7
25 55 -8
25 40 2
25 57 10
25 61 -6
26 38 5
26 52 7
26 69 -3
26 61 7
26 36 1
26 34 10
26 67 8
26 45 -4
26 28 -10
26 62 5
26 43 -3
26 72 -6
26 71 4
26 44 -8
26 29 9
26 74 7
26 41 -10
26 70 8
26 64 0
26 50 9
26 57 1
26 35 -1
26 60 -3
26 46 -9
26 73 -3
26 58 -4
26 33 1
26 39 1
27 66 3
27 73 8
27 47 -2
27 42 -1
27 28 2
27 51 5
27 30 -3
27 70 8
27 49 -8
27 56 -5
27 65 6
27 52 -8
27 57 -9
27 54 3
27 48 4
27 61 2
27 50 8
27 45 7
27 46 1
27 41 5
27 32 6
27 31 6
27 74 9
27 72 -1
27 40 -7
27 63 6
27 71 -1
27 36 5
27 37 -6
28 38 3
28 35 -2
28 40 0
28 49 -7
28 63 4
28 75 0
28 30 -5
28 34 -3
28 56 7
28 37 8
28 71 1
28 42 3
28 48 1
28 57 3
28 32 4
28 60 2
28 36 -10
28 39 -10
28 68 4
28 69 1
28 53 -4
28 70 8
29 66 -10
29 53 3
29 32 7
29 67 -1
29 72 -9
29 60 9
29 38 -6
29 35 7
29 43 8
29 59 -2
29 47 1
29 70 -3
29 51 -7
29 36 0
29 69 0
29 62 -6
29 39 -1
29 65 -4
29 48 2
29 73 9
30 74 8
30 66 9
30 72 8
30 69 -5
30 47 6
30 43 0
30 60 -2
30 36 -10
30 75 -8
30 54 9
30 71 -4
30 42 0
30 55 -3
30 44 5
30 67 -2
30 39 0
30 52 9
30 34 9
30 63 -2
30 70 4
30 41 0
30 62 4
30 33 -10
30 40 1
30 46 9
31 47 1
31 53 4
31 58 0
31 69 -8
31 51 -2
31 45 3
31 38 1
31 37 -9
31 39 8
31 74 -7
31 65 -5
31 71 10
31 49 9
31 54 -8
31 75 -10
31 46 -5
31 34 8
31 42 -6
31 32 4
31 50 8
31 61 -7
31 35 10
31 62 -8
32 53 7
32 52 -10
32 71 -9
32 58 -6
32 40 2
32 39 5
32 62 0
32 74 -5
32 54 0
32 51 4
32 66 -2
32 59 0
32 44 9
32 50 5
32 42 7
32 57 -10
32 45 -10
32 55 -2
32 60 9
33 41 8
33 74 -8
33 42 -2
33 50 2
33 70 4
33 48 -3
33 69 6
33 39 -3
33 35 -1
33 62 9
33 59 1
33 72 -3
33 54 9
33 58 9
33 44 -4
33 40 8
33 68 -4
33 43 2
33 52 4
34 65 -6
34 71 -6
34 42 -10
34 55 -10
34 41 2
34 39 2
34 37 3
34 74 -8
34 50 -10
34 43 -3
34 47 2
34 75 5
34 73 -3
34 63 -7
34 56 6
34 69 0
34 68 -6
34 58 -10
34 35 5
34 46 0
34 45 5
34 66 9
35 73 7
35 49 10
35 37 -1
35 62 10
35 67 1
35 74 9
35 44 -6
35 66 1
35 51 6
35 40 -7
35 63 10
35 71 2
35 68 6
35 39 9
35 48 -6
35 42 -6
35 36 -8
35 38 0
35 64 -5
35 57 -7
35 45 10
35 52 8
35 54 -2
36 70 1
36 55 3
36 46 5
36 37 -3
36 44 10
36 56 -5
36 42 2
36 38 -2
36 61 -2
36 53 10
36 39 6
36 72 -9
36 47 -1
36 74 3
36 43 -8
36 59 4
36 57 -10
36 52 -4
37 71 -8
37 60 -1
37 74 -4
37 53 7
37 63 2
37 73 -9
37 43 0
37 70 -10
37 58 3
37 62 4
37 75 10
37 49 -7
37 57 -2
37 50 -10
37 67 -4
37 40 5
37 68 1
38 67 -7
38 65 4
38 53 -1
38 64 -2
38 74 7
38 66 9
38 42 4
38 55 -6
38 45 4
38 56 -7
38 60 9
38 57 -9
38 71 -9
38 73 8
38 39 -1
38 58 0
38 44 3
38 59 -9
38 51 0
39 58 1
39 48 -9
39 47 -6
39 65 -3
39 43 7
39 68 10
39 67 8
39 57 2
39 40 9
39 56 7
39 61 10
39 72 2
39 70 8
39 71 -10
39 64 5
39 66 -10
39 74 -5
39 51 -5
39 46 -5
40 57 -7
40 74 8
40 49 1
40 54 -10
40 67 -2
40 56 8
40 60 0
40 55 1
40 48 -2
40 64 3
40 61 -10
40 47 -2
40 70 -10
40 68 2
40 52 4
40 66 -10
40 58 -6
40 46 -4
41 42 5
41 60 -3
41 69 -10
41 45 2
41 51 3
41 67 2
41 58 4
41 47 -3
41 65 6
41 59 -4
41 73 5
41 52 5
41 50 -4
41 74 -2
41 64 -4
41 48 -7
42 48 10
42 58 -7
42 47 5
42 65 -1
42 68 -8
42 66 -1
42 70 5
42 63 -10
42 50 10
42 46 -8
42 59 -2
42 64 -3
42 62 -4
42 54 -6
42 57 3
42 53 -1
43 75 -2
43 60 3
43 73 -1
43 48 -1
43 52 4
43 66 -9
43 50 -4
43 65 0
43 46 -8
43 51 -1
43 67 9
43 63 3
43 72 -6
43 55 -10
43 49 -8
43 57 -9
44 51 9
44 70 2
44 59 1
44 53 0
44 56 6
44 58 0
44 75 -3
44 47 3
44 52 -8
44 66 7
44 74 5
44 57 4
44 67 -7
44 49 0
44 54 5
44 45 5
44 61 4
44 50 8
44 64 9
45 62 -6
45 75 -10
45 53 -3
45 60 -3
45 70 -7
45 47 -1
45 54 1
45 50 -8
45 74 -2
45 66 3
45 49 6
45 55 9
45 63 -6
46 48 -5
46 66 -4
46 65 10
46 64 10
46 72 -1
46 73 -6
46 68 5
46 57 -7
46 74 3
46 59 8
46 63 7
46 55 -6
46 60 0
46 53 10
46 54 7
46 67 7
47 74 5
47 57 -6
47 52 -1
47 49 7
47 71 7
47 58 -9
47 72 -8
47 69 8
47 51 8
47 66 -8
48 52 0
48 54 -1
48 71 6
48 70 -1
48 55 8
48 50 -4
48 65 1
48 66 10
48 57 1
48 69 5
48 61 5
48 64 3
49 60 6
49 53 8
49 63 5
49 55 6
49 73 -5
49 66 -10
49 50 -10
49 74 -7
49 64 -10
49 56 2
49 67 -5
50 72 10
50 65 2
50 54 -7
50 52 -9
50 60 10
50 55 6
50 66 9
50 61 -4
50 70 8
51 60 -5
51 52 -1
51 63 6
51 72 -6
51 58 -9
51 53 9
51 61 -5
52 57 -5
52 55 -9
52 72 -10
52 73 -3
52 75 -6
52 65 -5
52 59 10
52 70 -4
52 68 -5
52 74 7
52 61 2
52 69 5
52 67 10
53 74 -1
53 62 -1
53 59 -8
53 67 -8
53 69 7
53 60 -10
53 64 1
53 75 -9
53 71 2
53 55 0
53 73 3
54 60 -9
54 72 -5
54 66 1
54 57 -4
54 64 -10
54 71 0
54 74 -1
54 67 -9
54 70 7
54 58 5
54 56 -4
55 72 5
55 66 3
55 58 -3
55 71 5
55 75 8
55 65 8
55 61 2
55 62 2
55 70 -10
55 59 9
55 60 5
55 64 -7
56 65 -3
56 63 0
56 57 2
56 67 -6
56 68 -3
56 74 6
56 60 -2
56 59 -2
56 71 5
56 62 -1
56 61 -4
57 58 7
57 63 1
57 69 0
57 61 -5
57 73 3
57 74 -8
57 71 7
57 59 2
58 74 2
58 73 -9
58 68 10
58 67 -6
58 62 -5
58 70 1
58 72 6
58 75 10
58 69 2
58 59 6
59 72 -1
59 71 3
59 73 -9
59 69 6
59 65 -7
59 63 -10
59 66 -10
59 62 7
60 71 0
60 66 4
60 67 -2
60 73 5
60 61 10
60 72 6
60 70 -6
60 68 3
60 62 -1
60 74 -7
61 75 4
61 72 6
61 65 -4
61 74 3
61 66 2
61 68 -4
61 63 -5
61 71 8
62 75 4
62 73 -2
62 64 -8
62 74 3
62 63 -2
63 65 -6
63 69 -10
63 75 6
63 71 6
63 66 -6
63 64 8
63 67 1
64 72 1
64 68 -10
64 67 9
64 71 2
64 74 -4
64 73 -8
64 75 -2
65 70 10
65 69 -1
66 69 3
66 71 2
66 67 -2
66 72 6
66 74 -6
67 71 0
67 73 4
67 68 6
68 70 3
68 73 2
68 71 -2
69 73 -4
69 71 -10
69 75 -2
70 71 0
70 73 10
70 74 -8
70 72 -9
71 75 -4
71 74 4
73 75 -8
