75 1388 
1 34 2
1 24 -6
1 17 -8
1 73 -9
1 10 5
1 27 -4
1 60 8
1 69 5
1 64 9
1 3 -1
1 57 -6
1 5 -1
1 30 2
1 51 7
1 46 3
1 23 0
1 63 -5
1 9 -7
1 42 9
1 39 6
1 53 -7
1 67 -6
1 52 2
1 38 -4
1 16 2
1 61 8
1 49 7
1 50 3
1 25 9
1 56 4
1 70 10
1 65 -4
2 26 -1
2 18 -9
2 73 -8
2 29 -4
2 70 -8
2 50 7
2 47 -5
2 28 6
2 53 -1
2 33 0
2 25 9
2 52 -6
2 7 -5
2 65 -2
2 60 -1
2 36 -7
2 55 2
2 14 -7
2 67 -9
2 54 1
2 13 2
2 4 1
2 58 -8
2 75 3
2 17 4
2 41 2
2 31 7
2 46 -6
2 69 4
2 15 -2
2 63 -8
2 37 6
2 64 -2
2 23 -7
2 20 8
2 71 6
2 32 10
2 49 -8
2 44 3
3 9 -5
3 10 8
3 41 -1
3 11 -7
3 58 7
3 30 -1
3 62 3
3 49 -2
3 40 -9
3 67 3
3 53 1
3 64 -3
3 12 1
3 14 5
3 16 2
3 61 5
3 54 -5
3 34 -9
3 46 -9
3 32 4
3 27 7
3 70 10
3 29 1
3 45 10
3 69 -8
3 19 -4
3 7 0
3 38 5
3 75 -1
3 6 8
3 65 -9
3 63 9
3 71 1
3 18 -3
3 24 -4
3 48 -2
3 55 0
3 20 -9
3 33 -2
3 72 -5
4 48 10
4 56 -6
4 51 -7
4 63 5
4 58 0
4 62 9
4 17 9
4 41 -8
4 36 9
4 18 9
4 57 -4
4 29 5
4 38 -2
4 66 4
4 72 -1
4 5 1
4 32 7
4 9 7
4 16 -6
4 8 -3
4 10 4
4 69 -6
4 23 5
4 42 -2
4 73 5
4 75 -2
4 46 4
4 7 0
4 45 -4
4 70 0
4 24 -6
4 35 4
4 55 2
4 47 -3
5 6 2
5 47 -7
5 24 2
5 11 1
5 61 -6
5 74 5
5 19 -7
5 29 5
5 7 10
5 52 2
5 42 6
5 23 -1
5 39 6
5 53 6
5 35 9
5 63 -7
5 71 4
5 55 -7
5 66 -1
5 60 9
5 68 7
5 13 -1
5 30 8
5 26 9
5 27 5
5 51 -3
5 22 9
5 49 10
5 44 -2
5 36 1
5 17 5
5 57 1
5 67 10
5 37 5
6 47 10
6 18 -3
6 62 5
6 38 2
6 75 0
6 70 10
6 45 -7
6 66 2
6 67 -6
6 71 2
6 59 -1
6 74 3
6 41 -1
6 8 -3
6 48 -8
6 64 -7
6 51 -8
6 27 10
6 11 5
6 10 -2
6 31 -6
6 52 8
6 19 6
6 15 4
6 63 5
6 22 -6
6 30 9
6 56 -3
6 55 -1
6 24 -3
7 19 -6
7 65 -6
7 60 -8
7 12 -5
7 58 10
7 69 -6
7 67 -9
7 62 -1
7 41 0
7 42 -5
7 73 10
7 23 8
7 66 1
7 50 1
7 55 10
7 16 1
7 17 -3
7 36 5
7 63 7
7 54 -8
7 48 -10
7 71 -1
7 46 0
7 14 1
7 72 8
7 9 -4
7 59 3
7 70 -1
7 43 10
7 37 2
7 27 2
7 31 4
7 52 -1
7 49 1
7 56 -9
8 58 10
8 14 9
8 61 -3
8 48 -9
8 49 -6
8 23 -8
8 74 -4
8 52 -5
8 35 -2
8 17 3
8 18 -2
8 42 -7
8 53 -1
8 71 8
8 12 6
8 30 7
8 41 -2
8 62 3
8 39 9
8 25 0
8 43 0
8 40 -5
8 60 6
8 32 1
8 28 0
8 75 5
8 50 -8
8 15 -4
8 37 9
8 26 -9
8 73 -8
8 24 1
8 65 6
8 63 5
9 57 3
9 16 7
9 49 6
9 19 -2
9 33 -1
9 65 -7
9 51 7
9 42 -10
9 22 8
9 52 -3
9 13 3
9 63 -3
9 29 9
9 28 10
9 11 6
9 68 -7
9 47 3
9 72 -9
9 26 0
9 41 -2
9 60 10
9 56 -1
9 44 6
9 10 7
9 37 -1
9 75 5
9 71 2
9 67 -3
9 64 -2
9 15 10
9 35 -6
9 43 -1
9 69 3
10 11 -6
10 60 -5
10 47 10
10 37 7
10 18 0
10 55 -4
10 43 1
10 31 10
10 27 5
10 12 10
10 20 -7
10 34 -6
10 19 3
10 44 -7
10 35 3
10 24 5
10 63 2
10 48 3
10 33 -2
10 61 10
10 29 -8
10 57 -10
10 41 8
10 46 -6
10 64 1
10 28 -9
10 32 0
10 30 10
10 67 -1
10 69 -6
10 15 -9
10 25 9
11 20 6
11 40 7
11 35 -5
11 26 -4
11 12 2
11 34 0
11 17 -8
11 25 -9
11 27 10
11 75 -9
11 70 5
11 22 2
11 42 6
11 71 7
11 63 6
11 46 5
11 29 -3
11 69 -3
11 65 10
11 62 -6
11 13 0
11 31 9
11 58 9
11 32 1
11 19 10
11 48 3
11 50 4
11 51 4
11 36 -4
11 57 6
11 66 3
11 47 -8
12 44 3
12 13 -3
12 22 -5
12 41 8
12 23 -8
12 28 -10
12 27 4
12 47 -8
12 36 -5
12 62 5
12 55 4
12 38 10
12 64 -6
12 57 7
12 39 3
12 59 -2
12 60 -8
12 26 -2
12 51 8
12 29 10
12 48 -5
12 40 -3
12 72 9
12 70 8
12 66 4
12 15 3
12 65 -9
12 25 2
12 18 6
12 42 -2
12 19 5
12 46 -9
12 53 -9
13 67 6
13 55 -4
13 31 -7
13 46 7
13 75 -7
13 17 2
13 71 -7
13 26 10
13 57 -8
13 18 -6
13 70 0
13 52 -9
13 54 5
13 27 -10
13 35 9
13 51 -7
13 30 5
13 25 -3
13 43 -8
13 22 7
13 72 5
13 32 -3
13 66 9
13 40 -8
13 47 10
13 16 -2
13 45 5
13 49 -10
13 24 5
13 14 -5
13 42 -4
13 62 8
14 43 -6
14 30 6
14 44 -6
14 46 2
14 36 -5
14 35 0
14 47 8
14 48 10
14 61 1
14 28 4
14 64 9
14 26 -5
14 42 -4
14 71 -9
14 49 9
14 50 6
14 38 4
14 63 3
14 67 -4
14 53 2
14 20 -5
14 18 7
14 73 2
14 56 8
14 70 0
14 59 -6
14 37 -8
14 52 -5
14 29 -2
14 55 9
14 60 -3
14 40 1
14 24 -3
14 51 -4
14 41 -3
14 69 -6
15 16 5
15 58 7
15 23 6
15 72 10
15 51 -2
15 61 10
15 32 0
15 44 7
15 33 2
15 52 -3
15 20 2
15 31 -10
15 70 9
15 74 10
15 67 5
15 57 -10
15 18 -6
15 53 -5
15 19 -3
15 34 -10
15 30 -3
15 42 -5
15 64 -6
15 29 -5
15 48 -3
15 63 0
15 21 3
15 73 -9
15 66 0
15 38 -7
15 71 -4
15 49 -7
15 43 -8
16 24 -8
16 36 -1
16 20 10
16 70 2
16 27 -9
16 48 10
16 38 7
16 57 -2
16 63 6
16 37 3
16 54 -4
16 30 1
16 50 10
16 64 0
16 56 -10
16 35 -5
16 39 0
16 29 -3
16 26 2
16 65 -6
16 69 6
16 19 10
16 75 -5
16 71 -9
16 41 9
16 33 -1
16 32 7
16 17 -9
16 62 -3
16 43 3
16 53 1
16 61 -1
16 34 7
17 51 -3
17 68 -4
17 66 6
17 31 -5
17 72 8
17 45 0
17 34 6
17 26 -6
17 30 -1
17 49 3
17 69 4
17 42 8
17 23 -1
17 50 -6
17 67 -3
17 37 -4
17 73 7
17 47 1
17 33 2
17 71 2
17 43 -5
17 65 1
17 64 7
17 39 -9
17 60 3
17 40 4
17 41 9
17 44 0
17 27 -2
17 74 -9
17 28 -4
17 63 -5
18 39 2
18 42 7
18 43 4
18 45 -1
18 53 9
18 66 -5
18 32 -7
18 23 -1
18 56 -5
18 47 10
18 75 2
18 33 5
18 61 9
18 54 2
18 35 -4
18 48 -2
18 41 -3
18 27 -10
18 49 -7
18 62 2
18 37 -1
18 58 -1
18 63 0
18 34 -2
19 72 5
19 29 7
19 65 -4
19 49 -9
19 39 -8
19 55 -8
19 51 7
19 53 -10
19 36 3
19 41 9
19 70 -4
19 44 2
19 23 6
19 59 -2
19 37 -4
19 25 -6
19 57 -5
19 47 8
19 30 -6
19 35 1
19 64 -4
20 32 5
20 55 0
20 35 9
20 74 -3
20 46 -1
20 29 -7
20 72 0
20 73 -3
20 36 8
20 25 0
20 31 1
20 52 -10
20 26 8
20 22 4
20 58 8
20 57 -1
20 60 -9
20 45 -10
20 27 5
20 68 -2
20 47 7
20 48 -2
20 23 5
20 62 -3
20 38 -8
20 67 2
20 56 7
20 50 -1
20 40 2
20 41 -3
21 28 9
21 58 5
21 37 1
21 60 6
21 53 -9
21 66 9
21 70 9
21 38 6
21 61 -7
21 65 7
21 59 -4
21 47 -6
21 69 -6
21 62 7
21 42 9
21 75 3
21 39 -4
21 68 -7
22 75 -4
22 27 -8
22 59 6
22 37 -1
22 71 0
22 48 4
22 60 -3
22 38 -10
22 63 -8
22 55 -5
22 24 8
22 67 -9
22 34 -1
22 40 8
22 54 -1
22 62 9
22 58 1
22 46 7
22 50 1
22 74 -8
22 56 -2
22 23 -9
22 42 2
22 43 -3
22 64 -8
22 30 -8
22 32 2
23 44 1
23 74 7
23 25 10
23 27 10
23 42 7
23 64 0
23 48 4
23 24 2
23 60 -2
23 33 7
23 31 5
23 70 -10
23 58 -9
23 43 10
23 45 7
23 34 0
23 65 6
23 46 -4
23 67 7
23 56 10
23 61 0
23 73 1
23 50 -8
23 36 -9
23 57 -9
23 26 10
23 62 8
23 59 -8
23 53 0
23 66 -8
23 54 -10
23 35 5
23 28 -6
24 34 9
24 26 -1
24 25 0
24 70 5
24 67 -3
24 44 5
24 73 -7
24 75 -6
24 53 0
24 28 -1
24 55 8
24 48 7
24 59 6
24 49 -6
24 71 6
24 46 10
24 50 4
24 63 1
24 65 -9
24 64 9
24 36 -10
24 45 6
24 60 5
24 41 -4
24 38 6
25 51 9
25 26 3
25 48 0
25 46 9
25 65 -5
25 55 -10
25 68 -5
25 47 -2
25 31 -10
25 54 -9
25 75 7
25 29 -9
25 56 -1
25 59 -1
25 35 1
25 38 -2
25 71 -7
25 44 -7
25 62 -8
25 33 -4
25 30 1
25 60 -7
25 43 -5
25 39 3
25 28 1
25 40 -10
25 42 -6
25 67 -4
25 66 -9
26 56 6
26 29 -10
26 46 3
26 44 -3
26 66 -1
26 62 -1
26 37 -6
26 51 -3
26 30 10
26 69 1
26 64 7
26 61 1
26 45 -1
26 65 -1
26 73 7
26 67 3
26 41 9
26 75 5
26 32 -5
26 28 2
26 38 0
26 68 -10
26 33 5
26 70 6
27 33 -1
27 30 -10
27 53 9
27 44 -7
27 60 -2
27 51 -10
27 52 1
27 36 9
27 65 -3
27 55 -9
27 67 3
27 58 -1
27 57 0
27 32 -1
27 34 -2
27 49 -5
27 59 -9
27 73 -9
27 41 -4
27 66 6
27 68 9
27 50 1
27 62 -6
27 71 8
27 43 6
27 75 -7
27 42 -8
28 66 5
28 74 0
28 70 -8
28 46 1
28 49 4
28 73 3
28 69 -5
28 37 -6
28 60 -5
28 31 7
28 42 7
28 62 -6
28 61 3
28 39 -8
28 65 1
28 58 1
28 38 0
28 67 -4
28 75 6
28 56 -3
28 55 -2
28 36 0
28 35 2
29 41 1
29 43 -2
29 65 7
29 53 -4
29 64 3
29 73 -6
29 63 -2
29 40 0
29 47 -5
29 34 -6
29 51 5
29 32 0
29 38 -7
29 50 -3
29 35 1
29 49 -2
29 52 -8
29 59 -9
29 54 -5
29 67 -7
29 37 -4
29 57 3
29 42 -5
29 62 6
29 44 1
29 72 -7
29 36 3
29 75 3
30 44 -8
30 53 -8
30 61 9
30 35 -3
30 65 -7
30 38 -6
30 48 -10
30 58 6
30 69 -5
30 54 -2
30 47 8
30 75 4
30 71 1
30 45 -6
30 57 6
30 74 5
30 51 9
30 37 7
30 68 -5
30 56 4
30 50 -5
31 59 8
31 72 9
31 45 2
31 35 8
31 36 6
31 60 -5
31 71 8
31 38 2
31 68 -4
31 56 -8
31 70 6
31 74 -1
31 33 -3
31 48 -2
32 45 1
32 69 7
32 51 5
32 57 -9
32 64 2
32 35 7
32 48 -2
32 37 -4
32 71 8
32 66 -5
32 41 1
32 54 10
32 49 6
32 44 1
32 67 7
32 42 -3
33 75 -1
33 43 -9
33 74 -9
33 57 -10
33 35 10
33 68 7
33 61 -3
33 34 -10
33 46 5
33 64 1
33 66 1
33 58 -10
33 65 9
33 51 8
33 50 5
33 37 -4
33 72 9
33 36 -2
33 55 0
33 62 -2
33 48 0
34 72 -4
34 60 3
34 47 -3
34 44 -6
34 64 -8
34 55 4
34 73 5
34 65 -7
34 66 -4
34 57 2
34 61 -3
34 43 1
34 59 4
34 63 0
34 71 6
34 75 -1
34 45 1
34 39 -7
34 74 0
34 37 3
34 41 7
34 51 -4
34 58 -3
34 49 1
34 48 1
34 69 5
35 43 -1
35 58 -7
35 37 6
35 67 -3
35 54 10
35 48 7
35 61 2
35 52 4
35 63 -8
35 55 -5
35 70 -1
35 64 8
35 38 -1
35 57 0
35 50 -6
35 72 -8
35 41 -5
35 73 9
35 47 10
36 46 -6
36 73 -4
36 61 6
36 44 0
36 72 1
36 69 7
36 38 -8
36 74 -6
36 75 10
36 45 7
36 53 0
36 41 -6
36 60 5
36 42 -1
36 48 9
36 43 5
36 47 -5
36 66 3
36 63 -1
36 62 -5
36 68 -10
36 65 0
36 57 5
36 58 2
37 75 7
37 60 3
37 56 -6
37 44 -5
37 50 6
37 64 -6
37 49 -2
37 57 -2
37 47 1
37 74 4
37 53 9
37 52 -1
37 70 3
37 43 6
38 75 -4
38 51 10
38 58 2
38 57 1
38 39 10
38 69 -1
38 74 -3
38 53 -1
38 46 7
38 61 0
38 50 10
38 63 7
38 41 6
38 67 -8
38 65 9
38 68 3
38 52 -5
38 56 7
39 40 -9
39 48 6
39 50 -3
39 61 9
39 45 1
39 47 6
39 43 -8
39 54 5
39 41 9
39 58 -9
39 66 -4
39 51 9
39 62 6
39 42 7
39 64 3
39 73 0
39 74 2
39 56 4
39 71 1
40 66 -10
40 52 -3
40 73 -4
40 48 5
40 43 0
40 47 -5
40 50 -8
40 70 -5
40 54 3
40 58 -4
40 56 -1
40 62 -6
40 69 -5
40 74 -10
40 53 -1
40 71 -10
40 59 9
40 60 4
41 46 -8
41 72 -8
41 68 6
41 65 -7
41 64 6
41 69 5
41 59 0
41 45 5
41 55 4
41 43 8
41 73 0
41 71 3
41 70 -9
41 66 -1
41 47 -10
41 60 -7
41 42 9
41 51 -4
41 75 3
41 49 -1
41 57 -4
41 63 -6
41 58 6
42 67 4
42 73 5
42 58 1
42 45 4
42 54 10
42 70 -6
42 60 3
42 44 8
42 53 7
42 68 -5
42 66 3
42 71 0
42 65 -6
42 69 5
42 62 4
42 50 -10
42 59 2
43 68 -3
43 55 3
43 63 1
43 62 -1
43 46 -7
43 71 5
43 56 6
43 45 -6
43 58 -2
43 65 -4
43 67 -5
43 51 -8
43 48 -6
43 49 -2
43 66 9
43 57 -8
43 75 0
43 53 8
43 60 -8
44 52 2
44 64 7
44 61 10
44 68 -4
44 45 -2
44 71 1
44 50 -7
44 65 7
44 58 3
44 66 -5
44 57 5
44 55 -5
44 47 -1
44 70 -7
44 46 3
44 75 -9
44 49 2
45 54 0
45 71 -7
45 73 -2
45 53 1
45 62 8
45 46 6
45 61 -7
45 63 -6
45 70 9
45 58 1
45 65 -1
45 59 -4
45 64 -1
45 52 -1
45 74 7
45 60 1
45 47 -4
46 54 -4
46 74 9
46 64 2
46 73 -7
46 71 -10
46 57 -2
46 59 5
46 61 7
46 52 5
46 53 -4
46 55 -6
46 67 6
46 68 9
46 48 9
46 62 -10
46 66 5
46 50 -3
47 55 -2
47 54 -9
47 59 -4
47 75 -7
47 51 0
47 62 -4
47 67 -2
47 50 7
47 65 -2
47 49 3
47 52 5
47 64 -6
47 53 2
47 48 9
48 73 5
48 69 5
48 61 0
48 65 -9
48 56 1
48 70 -6
48 54 -8
48 68 0
48 74 4
48 60 3
48 51 0
48 72 5
48 55 9
49 53 7
49 60 6
49 67 -1
49 62 2
49 73 2
49 71 -8
49 72 9
49 63 -1
49 52 3
49 64 -7
49 59 -3
50 55 -8
50 68 3
50 53 -9
50 74 -8
50 70 -6
50 72 8
50 56 2
50 66 -8
50 73 0
50 64 8
50 51 -7
50 58 -7
50 52 10
51 54 -1
51 70 1
51 55 2
51 63 -9
51 60 10
51 59 -4
51 64 1
51 57 -8
51 56 -4
51 52 -2
51 66 -5
51 58 5
51 75 8
52 61 -1
52 55 6
52 71 -6
52 69 0
52 67 10
52 56 -1
52 62 0
52 60 -9
52 70 4
53 74 1
53 65 9
53 59 -1
53 69 -8
53 66 9
53 61 -7
53 71 -2
53 63 -8
53 64 -7
53 75 0
53 70 5
53 54 1
54 68 -7
54 56 -8
54 61 1
54 73 -4
54 71 -9
54 74 -8
54 70 -8
54 75 -9
55 60 -2
55 63 -5
55 74 -1
55 59 -2
55 57 -10
55 67 -2
55 64 4
55 61 0
55 73 8
55 72 0
56 74 -6
56 59 5
56 63 6
56 70 -1
56 57 -9
56 62 9
57 59 1
57 68 0
57 75 2
57 74 5
57 69 -2
57 70 1
58 65 -9
58 68 0
58 64 7
58 62 7
58 73 7
58 66 3
58 60 9
59 63 -10
59 62 -7
59 66 8
59 70 -6
59 61 10
59 71 10
59 60 3
59 65 -10
59 64 3
59 67 -9
59 75 3
60 72 3
60 64 8
60 65 9
60 66 -6
60 75 0
60 71 4
60 61 1
60 70 8
61 71 -10
61 65 -7
61 67 3
61 66 -7
61 75 -4
61 74 2
61 63 7
61 68 4
62 64 -2
62 70 -8
62 72 5
62 74 9
63 64 9
63 69 7
63 73 -9
63 70 -2
63 74 1
63 75 1
63 71 -6
64 67 10
64 72 -10
64 66 -9
64 75 -8
64 68 -2
64 65 -6
64 74 0
65 67 4
65 70 -10
65 72 9
66 68 3
66 71 0
66 69 -5
66 70 -5
66 72 4
66 75 -10
67 70 8
67 74 1
68 73 7
69 72 -10
70 71 1
70 73 6
70 75 8
71 75 3
72 73 -10
