75 1388 
1 16 1
1 62 -1
1 52 -5
1 3 4
1 71 -7
1 19 -5
1 40 5
1 45 1
1 20 3
1 6 3
1 74 -3
1 57 -3
1 21 -6
1 15 -7
1 68 6
1 53 5
1 14 -6
1 56 5
1 31 9
1 43 6
1 38 7
1 63 5
1 65 -4
1 51 -3
1 37 -2
1 34 3
1 18 2
1 4 0
1 60 -6
1 36 -9
1 10 -1
1 39 -1
1 46 8
1 54 -9
1 30 10
1 26 -4
1 73 -8
1 48 5
1 5 6
2 65 -7
2 75 -7
2 58 -10
2 34 9
2 39 2
2 30 -5
2 48 -9
2 64 10
2 53 -9
2 38 -10
2 56 2
2 54 1
2 7 -3
2 74 -1
2 9 5
2 55 -5
2 31 -1
2 29 0
2 19 1
2 32 5
2 42 4
2 36 5
2 11 9
2 49 3
2 10 -6
2 66 7
2 27 10
2 26 -8
2 18 -1
2 23 -9
2 25 1
2 47 -6
2 14 4
3 10 -9
3 74 -3
3 51 -2
3 47 3
3 12 1
3 75 -9
3 56 0
3 20 -6
3 66 10
3 60 7
3 5 -9
3 16 0
3 32 3
3 53 7
3 71 9
3 73 1
3 38 9
3 27 -2
3 39 -5
3 7 8
3 4 -8
3 19 -5
3 44 1
3 42 3
3 54 6
3 14 2
3 63 -2
3 34 -6
3 52 -4
3 11 -3
3 30 10
3 21 -4
3 67 6
3 59 8
3 15 1
3 22 7
4 56 -1
4 13 -7
4 7 0
4 36 -9
4 37 -6
4 30 4
4 51 2
4 31 2
4 10 -1
4 22 -7
4 59 -7
4 18 -1
4 50 -4
4 74 3
4 53 -6
4 55 10
4 38 9
4 32 6
4 16 6
4 47 -3
4 9 8
4 61 -3
4 46 0
4 35 6
4 29 9
4 62 -6
4 72 10
4 17 1
4 57 -3
4 49 -9
4 66 -6
4 8 -7
4 63 2
4 21 2
5 40 -9
5 73 -2
5 74 6
5 53 2
5 32 -5
5 16 -6
5 8 5
5 45 -1
5 44 9
5 58 7
5 36 2
5 61 -9
5 15 -5
5 21 6
5 51 -7
5 29 -2
5 55 -5
5 25 -1
5 56 0
5 49 -10
5 30 -2
5 52 0
5 54 2
5 71 1
5 69 -8
5 28 -10
5 20 -9
5 64 -8
5 17 -6
5 10 -10
5 22 -9
6 29 -7
6 24 -5
6 7 -6
6 61 3
6 22 3
6 56 -6
6 71 -3
6 51 2
6 10 -6
6 47 9
6 26 9
6 25 0
6 68 -6
6 59 -10
6 64 -1
6 49 2
6 43 -9
6 32 10
6 33 -4
6 12 3
6 27 2
6 37 0
6 14 1
6 11 -8
6 70 -8
6 38 -4
6 8 -6
6 75 -10
6 52 4
6 60 8
7 57 2
7 54 -4
7 8 2
7 43 1
7 12 10
7 17 10
7 33 -4
7 16 8
7 34 0
7 15 3
7 29 -10
7 69 4
7 21 -7
7 62 1
7 61 3
7 45 4
7 60 -1
7 67 2
7 65 -10
7 42 -2
7 30 8
7 63 -7
7 32 10
7 71 -9
7 73 -2
7 11 -5
7 10 10
7 44 -7
8 69 5
8 49 -9
8 20 -3
8 21 7
8 30 -3
8 39 8
8 19 0
8 37 2
8 52 -5
8 64 -8
8 16 0
8 32 1
8 22 -5
8 28 10
8 29 -6
8 36 3
8 54 -4
8 57 10
8 25 -5
8 15 10
8 26 4
8 74 -10
8 38 -4
8 60 -7
8 33 -10
8 44 2
8 68 8
8 40 3
8 71 -5
8 14 -1
8 17 -1
8 9 -1
9 39 -3
9 31 -6
9 32 1
9 65 -10
9 51 -1
9 71 -6
9 38 6
9 53 4
9 66 -3
9 43 5
9 25 -3
9 46 8
9 27 -3
9 63 -8
9 15 -4
9 52 9
9 36 1
9 74 1
9 12 1
9 45 -4
9 54 -5
9 58 -9
9 34 8
9 68 8
9 29 1
9 64 -1
9 57 2
9 24 -3
9 42 -2
9 60 -6
9 50 8
9 55 8
9 16 -7
9 18 4
9 69 10
9 67 2
9 28 -3
9 61 9
10 45 -6
10 62 10
10 24 5
10 12 1
10 27 3
10 43 -8
10 53 -10
10 59 9
10 25 -4
10 34 8
10 29 3
10 38 9
10 32 -3
10 36 -8
10 58 0
10 47 -2
10 63 7
10 61 -2
10 75 10
10 22 7
10 67 4
10 13 4
10 55 5
10 26 -4
10 60 1
10 54 -3
10 64 -5
10 70 7
10 35 0
10 44 3
10 50 5
10 23 6
10 72 -5
10 57 -2
10 46 8
11 38 6
11 66 3
11 71 -3
11 53 -1
11 31 0
11 13 -1
11 25 -3
11 54 -9
11 18 1
11 14 0
11 30 10
11 40 6
11 72 9
11 55 -10
11 48 3
11 69 -1
11 44 3
11 45 -2
11 57 7
11 32 0
11 12 1
11 37 6
11 75 -7
11 39 4
11 24 6
11 43 6
11 56 9
11 47 5
11 63 -2
11 16 -1
11 70 -6
11 34 -2
11 50 -9
11 49 8
12 37 1
12 69 1
12 13 10
12 35 10
12 70 3
12 14 -3
12 54 -3
12 66 -4
12 75 1
12 65 1
12 36 4
12 55 -4
12 15 4
12 41 8
12 40 -1
12 32 4
12 30 10
12 49 9
12 22 -5
12 38 0
12 53 3
12 46 2
12 28 -2
12 47 -7
12 64 0
12 23 -3
12 71 -2
12 29 -10
12 26 -1
12 63 -8
12 20 -9
12 68 10
12 31 3
13 31 -2
13 19 0
13 42 -9
13 16 3
13 30 6
13 73 -7
13 41 -9
13 21 8
13 34 10
13 38 -10
13 65 9
13 46 -3
13 15 -4
13 47 -5
13 71 -4
13 45 10
13 18 -5
13 48 -7
13 67 -3
13 26 5
13 62 1
13 68 1
13 72 -8
13 27 -7
13 74 3
13 40 3
13 29 2
13 53 7
13 51 8
13 43 -3
13 52 8
14 70 5
14 44 4
14 21 6
14 25 -5
14 30 -3
14 28 4
14 48 8
14 75 -1
14 23 -5
14 35 10
14 18 -4
14 72 8
14 22 3
14 39 7
14 50 9
14 32 -1
14 71 -3
14 58 7
14 38 -4
14 53 -4
14 43 -9
14 52 4
14 67 -3
14 17 7
14 68 -7
14 36 8
14 45 -10
14 49 9
14 29 8
14 16 6
14 73 7
14 41 1
14 56 4
15 16 -2
15 74 -4
15 28 6
15 55 10
15 54 4
15 33 -3
15 43 -9
15 48 -10
15 21 4
15 41 7
15 57 -5
15 53 -7
15 18 0
15 61 3
15 37 9
15 34 -5
15 26 3
15 58 -7
15 23 5
15 39 9
15 59 -2
15 66 -5
15 32 -3
15 52 -4
15 72 5
15 38 5
15 30 4
15 51 10
15 69 2
15 17 -6
15 49 -10
15 35 -2
15 29 5
15 44 7
16 36 -3
16 61 -10
16 22 -10
16 66 3
16 68 -4
16 48 -1
16 60 -5
16 53 4
16 74 5
16 73 -8
16 18 -7
16 27 -3
16 58 5
16 42 -1
16 72 -7
16 35 -5
16 64 3
16 67 5
16 44 -2
16 62 -3
16 34 -3
16 65 4
16 28 2
16 70 -9
16 20 -2
16 29 7
16 55 9
17 73 9
17 67 -9
17 39 0
17 30 -9
17 20 3
17 54 -3
17 22 2
17 70 -6
17 55 2
17 26 1
17 32 -1
17 49 10
17 75 6
17 48 -3
17 47 -7
17 38 1
17 43 -6
17 53 -1
17 65 7
17 42 7
17 63 7
17 31 -5
17 51 -2
17 40 -3
17 52 4
17 24 0
17 27 5
18 20 -9
18 35 9
18 71 6
18 47 -4
18 44 5
18 61 3
18 43 4
18 40 -8
18 60 -2
18 53 -2
18 59 1
18 48 2
18 23 -9
18 19 3
18 26 -3
18 65 8
18 66 -6
18 63 -2
18 56 7
18 72 -6
18 39 8
18 75 -3
18 27 -10
18 51 -10
18 22 8
18 70 -1
18 41 -3
18 38 7
18 50 9
19 65 6
19 73 6
19 25 -5
19 61 -2
19 44 -3
19 27 4
19 68 4
19 49 -4
19 24 -8
19 74 -6
19 21 -4
19 46 -9
19 40 -3
19 75 -10
19 62 -4
19 32 0
19 59 -10
19 29 6
19 42 2
19 33 -6
19 35 10
19 45 -1
19 48 -3
19 53 -8
19 70 -2
19 34 -8
19 50 -8
19 66 7
19 43 7
19 57 5
19 64 0
19 47 -5
20 29 5
20 21 7
20 27 9
20 23 7
20 35 -9
20 64 5
20 39 -2
20 48 -6
20 22 -7
20 60 -9
20 72 3
20 57 0
20 59 -2
20 24 -9
20 41 -10
20 31 2
20 67 -8
20 62 5
20 52 10
20 63 -6
20 37 10
20 69 2
20 44 -5
20 32 -2
20 26 -9
21 25 -4
21 28 0
21 50 4
21 57 0
21 46 10
21 48 6
21 52 1
21 34 -6
21 62 9
21 64 4
21 69 9
21 26 -1
21 51 -5
21 43 8
21 29 6
21 38 9
21 73 -2
21 45 9
21 24 -2
21 72 -3
21 47 -10
21 27 -5
21 31 -7
21 63 -3
21 66 2
21 53 2
21 41 -4
21 65 0
22 44 -3
22 74 -5
22 69 6
22 58 3
22 28 -7
22 54 10
22 26 -2
22 33 -5
22 43 10
22 53 0
22 55 6
22 48 10
22 56 4
22 64 5
22 65 2
22 45 -6
22 73 -3
22 63 10
22 42 -5
22 72 8
22 29 1
22 62 -3
22 59 1
22 70 -5
22 36 -7
22 39 -8
22 47 10
22 30 -4
23 39 6
23 65 8
23 27 6
23 45 0
23 73 1
23 57 7
23 69 0
23 40 -8
23 62 10
23 44 8
23 68 7
23 42 8
23 48 6
23 49 5
23 51 10
23 55 8
23 63 -1
23 61 -2
23 29 -9
23 41 10
23 43 -5
23 54 7
23 47 4
23 28 8
24 70 3
24 54 -10
24 47 -5
24 38 -3
24 64 -6
24 75 -7
24 60 9
24 45 10
24 27 -4
24 26 -6
24 73 -6
24 49 4
24 33 -3
24 52 7
24 28 -8
24 59 4
24 42 -3
24 68 -8
24 58 -4
24 34 -9
24 51 -10
24 50 -3
25 74 4
25 65 7
25 52 10
25 29 -4
25 72 -3
25 51 -10
25 39 -9
25 68 5
25 43 5
25 44 -4
25 75 4
25 36 -4
25 38 -7
25 67 -2
25 32 -7
25 26 10
25 63 10
25 37 -8
25 66 0
25 64 2
25 45 -10
25 58 -2
25 62 -9
25 73 -10
25 49 -6
25 61 7
25 27 4
26 49 -6
26 35 8
26 44 -2
26 66 2
26 61 1
26 70 1
26 33 -9
26 54 6
26 30 8
26 55 2
26 67 -9
26 48 -8
26 64 -9
26 32 -2
26 29 5
26 51 -7
26 31 -2
26 74 0
26 45 -1
26 46 8
26 62 -8
26 28 10
26 69 -9
26 40 5
26 43 10
26 60 -8
26 72 8
26 73 -3
26 75 -7
26 63 -3
26 56 4
27 28 -3
27 42 -2
27 38 8
27 67 -5
27 63 -7
27 40 10
27 35 4
27 52 4
27 59 -9
27 73 7
27 62 -6
27 53 -10
27 57 -9
27 75 -10
27 32 7
27 50 -4
27 66 -2
27 47 -3
27 31 -9
27 55 -5
27 65 -10
27 30 3
27 48 0
27 41 -9
27 70 -8
28 50 0
28 58 9
28 63 -7
28 62 -9
28 45 3
28 40 -9
28 41 3
28 30 -3
28 42 -8
28 29 -2
28 70 0
28 69 1
28 39 4
28 33 7
28 60 10
28 64 -7
28 53 -1
28 59 -1
28 34 6
28 52 -2
29 68 6
29 55 9
29 46 5
29 73 -8
29 30 0
29 40 0
29 43 -1
29 42 0
29 67 -10
29 65 -10
29 70 -7
29 66 1
29 60 2
29 32 6
29 36 3
29 56 1
29 63 5
29 31 9
29 59 -4
29 45 -3
29 49 -7
29 37 -10
30 57 -8
30 60 5
30 72 -6
30 40 -5
30 38 -8
30 53 10
30 65 3
30 61 -2
30 59 -10
30 68 6
30 45 -1
30 39 -4
30 69 3
30 37 -6
30 46 -9
30 49 -3
30 31 2
30 70 -5
30 44 -8
30 56 2
30 36 -6
30 62 -1
31 74 6
31 67 9
31 37 3
31 63 -8
31 72 1
31 42 -10
31 57 9
31 62 2
31 51 9
31 48 -4
31 53 -3
31 75 0
31 47 3
31 46 8
31 66 2
31 56 -4
31 44 10
31 55 9
31 38 2
32 60 -2
32 46 -9
32 65 -9
32 40 -7
32 44 4
32 66 3
32 61 2
32 42 -10
32 53 4
32 71 -2
32 48 10
32 74 -3
32 54 8
32 62 1
32 56 2
32 50 -9
32 52 -2
32 36 -4
32 70 10
32 69 3
32 73 -4
32 64 3
32 37 3
32 51 -10
32 43 3
32 41 2
32 35 -8
32 67 -4
33 73 1
33 75 7
33 40 1
33 50 8
33 71 -3
33 43 -7
33 41 -5
33 35 7
33 62 0
33 60 9
33 51 8
33 37 1
33 55 5
33 64 -5
33 63 -10
33 54 2
33 57 -4
33 72 -3
33 53 -2
33 65 1
33 49 -3
33 42 7
33 61 1
33 67 -10
34 54 1
34 62 3
34 59 -9
34 39 -2
34 55 6
34 45 1
34 50 -9
34 35 5
34 52 -2
34 65 -8
34 47 6
34 61 2
34 69 7
34 48 6
34 37 9
34 36 -8
34 41 5
34 74 10
34 38 -9
34 67 10
34 72 -2
34 60 -9
34 56 -9
35 56 -2
35 61 -1
35 66 -4
35 59 1
35 43 -10
35 70 9
35 73 -7
35 48 -2
35 65 -8
35 46 -6
35 67 2
35 63 -5
35 58 -9
35 60 5
35 54 0
35 75 3
35 50 9
35 62 -3
35 45 -9
35 64 -4
35 52 -9
35 49 5
35 38 7
35 53 8
35 39 0
35 40 -3
35 68 8
36 50 -4
36 40 -6
36 37 4
36 39 -9
36 49 9
36 72 1
36 42 3
36 55 -9
36 46 5
36 59 -4
36 63 -1
36 61 6
36 51 -6
36 64 4
36 73 4
36 71 9
36 62 -3
36 65 6
36 53 3
36 47 -6
36 60 5
37 65 9
37 71 -8
37 69 1
37 55 -5
37 75 -7
37 63 -7
37 43 2
37 56 -8
37 51 -8
37 47 -10
37 74 -8
37 46 6
37 45 0
37 64 5
37 40 -6
37 41 -1
37 38 5
37 48 -3
37 61 -10
37 66 4
37 58 -1
38 41 -8
38 69 1
38 60 -3
38 49 -5
38 55 -4
38 51 -8
38 56 -8
38 67 2
38 71 -5
38 63 -9
38 59 9
38 72 -6
38 75 3
38 48 -8
38 65 6
38 64 -1
38 58 -1
38 47 -4
38 61 4
38 46 2
38 66 -3
39 75 -5
39 58 0
39 66 -2
39 70 0
39 52 -6
39 71 2
39 63 -8
39 42 6
39 69 -4
39 65 -9
39 46 -7
39 73 4
40 55 9
40 75 4
40 44 -7
40 53 -3
40 67 -4
40 63 1
40 59 -3
40 48 5
40 73 5
40 71 8
40 56 -7
40 74 7
40 72 2
40 61 -5
40 62 10
40 68 7
40 51 -1
40 57 4
41 60 5
41 55 4
41 69 4
41 74 6
41 64 7
41 58 6
41 54 0
41 66 -2
41 43 1
41 51 -2
41 45 2
41 47 1
41 56 -8
41 42 2
42 49 0
42 73 -5
42 53 -2
42 55 -10
42 72 7
42 50 -3
42 58 6
42 64 -2
42 63 -10
42 74 -9
42 75 3
42 65 -1
42 61 -10
42 47 4
42 48 -4
42 67 6
42 62 10
43 65 8
43 54 6
43 57 5
43 63 3
43 71 -7
43 67 -7
43 48 2
43 70 1
43 60 10
43 55 -3
43 64 -6
43 62 10
43 73 -6
43 74 4
43 46 9
44 70 6
44 54 3
44 64 5
44 72 7
44 53 -8
44 69 -2
44 48 10
44 60 10
44 65 10
44 66 7
44 51 -5
45 48 9
45 51 -9
45 68 -3
45 64 -1
45 58 -4
45 65 -7
45 73 -1
45 56 -3
45 71 5
45 49 -6
45 72 3
45 67 2
45 59 -3
45 46 7
45 75 1
45 57 -2
45 61 -2
45 50 -5
45 63 4
46 62 10
46 69 2
46 63 7
46 58 9
46 71 -1
46 66 6
46 68 5
46 67 2
46 61 -1
46 72 -4
46 57 -5
46 56 -6
46 70 -7
46 75 8
47 59 -1
47 74 0
47 51 -8
47 67 -7
47 58 1
47 50 10
47 66 5
47 55 1
47 49 -8
47 61 -6
47 71 1
47 53 1
47 64 -5
47 69 5
47 73 -10
48 55 -1
48 53 -3
48 59 -6
48 62 -8
48 74 10
48 52 -5
48 54 -1
48 63 -5
48 51 5
48 69 5
48 56 10
49 70 -9
49 69 5
49 59 0
49 68 -6
49 57 9
49 64 -8
49 50 4
49 75 6
49 55 -1
49 73 5
49 63 9
49 51 -2
49 67 -9
49 53 6
49 58 -9
49 66 6
49 72 8
50 62 -10
50 74 2
50 64 7
50 71 4
50 60 -1
50 51 5
50 56 0
50 73 -3
50 66 1
50 55 10
50 70 -5
51 70 7
51 69 -8
51 53 -9
51 60 7
51 63 -10
51 65 -6
51 74 3
52 55 -10
52 69 -1
52 54 0
52 62 3
52 65 -6
52 60 5
52 74 7
52 66 -1
52 61 5
53 57 2
53 66 -7
53 62 -6
53 60 -5
53 58 10
53 63 7
53 64 -2
54 55 -10
54 64 1
54 74 -8
54 59 2
54 63 4
54 69 1
54 57 10
54 68 -6
54 65 7
54 67 3
54 61 0
54 72 -10
54 58 -7
54 66 -10
55 72 -2
55 68 -6
55 65 5
55 70 8
55 59 -6
55 58 -10
55 73 8
55 71 -8
55 63 1
55 69 -7
56 73 -3
56 67 -6
56 63 3
56 59 0
56 57 -2
56 60 -4
56 62 1
56 72 -10
57 67 -6
57 69 0
57 64 -6
57 63 8
57 73 -4
57 61 5
57 75 1
57 65 -6
58 74 -3
58 69 9
58 60 10
58 72 8
58 59 -10
59 70 -10
59 64 -7
59 61 4
59 66 -5
59 68 9
59 62 -10
59 75 -2
59 71 2
59 74 -5
59 73 -4
60 64 -5
60 74 0
60 67 6
60 61 -3
60 72 -5
60 68 -9
61 71 5
61 72 -6
61 62 -7
61 64 -5
61 68 8
61 67 7
62 73 -4
62 66 -5
62 67 -9
62 65 7
62 63 -10
62 68 -1
62 72 -5
62 75 -6
62 74 10
63 64 0
63 70 2
63 71 -8
63 75 6
64 75 -7
64 65 -1
64 73 -5
64 71 1
64 67 0
65 75 -5
65 74 -8
65 66 4
65 73 -2
65 72 5
65 67 -6
65 71 8
66 68 8
66 74 -3
66 73 0
66 69 7
66 67 1
67 73 10
67 75 7
67 69 -10
67 74 3
68 72 10
68 73 -9
68 69 0
69 75 9
69 70 -3
70 73 -2
70 72 4
70 75 7
70 74 -3
71 73 5
72 75 -3
72 73 -3
72 74 -2
73 75 -4
73 74 7
74 75 6
