75 1388 
1 53 4
1 42 -5
1 32 7
1 34 -5
1 35 -4
1 44 -5
1 41 -8
1 4 -2
1 50 -2
1 54 3
1 68 7
1 38 5
1 31 -10
1 7 -5
1 75 -7
1 23 1
1 27 -9
1 63 3
1 6 -7
1 8 10
1 56 2
1 36 4
1 5 -3
1 51 -1
1 45 6
1 17 -3
1 48 -7
1 37 7
1 69 -2
1 55 2
1 71 8
1 70 10
1 67 6
1 40 -2
1 52 -8
1 21 4
1 33 -4
2 66 0
2 21 -8
2 62 4
2 68 8
2 7 1
2 6 6
2 44 8
2 34 4
2 73 -1
2 61 10
2 36 2
2 18 -9
2 25 10
2 67 9
2 26 2
2 42 1
2 40 7
2 15 -2
2 63 -1
2 19 7
2 70 3
2 12 1
2 24 6
2 30 -7
2 49 -1
2 41 -8
2 5 8
2 31 -9
2 46 10
2 16 -3
2 32 10
2 23 6
2 39 -1
2 9 -5
2 33 5
3 21 7
3 44 -6
3 52 -8
3 48 -7
3 9 0
3 50 7
3 51 9
3 30 -3
3 37 1
3 56 -6
3 36 7
3 14 1
3 64 -8
3 29 4
3 12 -4
3 32 1
3 34 4
3 18 8
3 62 0
3 49 -9
3 20 0
3 17 7
3 41 -2
3 46 -3
3 63 7
3 5 -9
3 69 10
3 11 1
3 73 -4
3 31 1
3 58 1
3 54 -1
3 28 7
3 4 10
3 55 -8
3 35 10
3 61 0
3 70 -4
3 24 5
3 27 -10
4 66 0
4 16 4
4 54 7
4 37 5
4 62 -7
4 73 -5
4 22 -7
4 58 -10
4 36 1
4 23 3
4 12 10
4 67 5
4 60 5
4 75 5
4 20 -3
4 51 10
4 64 0
4 24 -8
4 42 -2
4 65 3
4 63 -1
4 29 -8
4 10 5
4 41 7
4 17 -5
4 53 8
4 13 -9
4 33 -1
4 18 -2
5 69 8
5 14 7
5 8 -9
5 18 -1
5 22 5
5 54 -10
5 58 -9
5 66 5
5 57 1
5 48 -2
5 38 10
5 67 7
5 52 -8
5 16 6
5 12 8
5 33 -2
5 75 7
5 24 3
5 36 5
5 43 10
5 10 10
5 59 2
5 71 6
5 7 6
5 29 4
5 62 1
5 74 -8
5 30 2
5 19 5
5 40 1
6 37 -9
6 56 -8
6 12 -5
6 16 -1
6 57 6
6 23 5
6 32 6
6 38 5
6 22 -5
6 14 -3
6 72 10
6 9 3
6 46 -4
6 48 10
6 74 -3
6 13 0
6 50 6
6 65 3
6 68 -9
6 42 2
6 17 -2
6 27 -6
6 39 -8
6 11 -6
6 20 -8
6 60 -5
6 31 9
6 63 2
6 64 6
6 53 -10
6 28 -4
6 55 -10
6 61 2
6 52 -2
6 26 0
6 40 -1
6 36 -6
7 64 -7
7 67 -9
7 51 -7
7 16 4
7 45 2
7 57 4
7 38 -3
7 62 10
7 68 4
7 61 10
7 10 -3
7 39 4
7 48 8
7 20 -8
7 13 5
7 56 3
7 34 -8
7 27 9
7 22 5
7 44 3
7 66 8
7 12 10
7 31 0
7 17 1
7 50 -10
7 28 6
7 59 6
7 73 -6
7 14 -10
7 43 10
7 40 9
7 75 2
7 53 -8
7 41 2
7 42 -1
8 51 -8
8 21 9
8 38 -1
8 74 0
8 33 10
8 75 5
8 35 5
8 68 -1
8 72 2
8 65 0
8 50 2
8 27 -4
8 20 -4
8 34 6
8 36 -9
8 22 0
8 55 -5
8 15 -9
8 11 6
8 28 0
8 9 0
8 54 -3
8 17 -10
8 43 -1
8 49 3
8 59 -7
8 63 -7
8 16 -10
8 44 -3
8 40 0
8 12 2
8 67 -4
8 45 -7
8 13 9
8 70 4
8 14 -10
8 57 -2
8 25 -3
8 39 -9
8 47 7
9 13 0
9 43 -8
9 15 7
9 21 -3
9 36 -9
9 20 -1
9 46 7
9 24 7
9 42 -10
9 28 4
9 67 8
9 58 -8
9 56 1
9 54 -5
9 38 -4
9 23 0
9 63 5
9 51 -6
9 19 -9
9 60 3
9 10 7
9 70 4
9 45 6
9 59 7
9 72 0
9 22 10
9 48 6
9 61 -4
9 47 10
9 57 -3
9 16 10
9 30 0
9 18 -8
9 26 -4
9 50 -9
9 11 2
10 46 4
10 64 -3
10 63 -5
10 38 3
10 65 -4
10 12 -5
10 21 -1
10 39 -3
10 17 -10
10 51 -7
10 36 -1
10 11 -7
10 16 -8
10 14 10
10 41 -4
10 43 -3
10 26 3
10 75 2
10 25 -5
10 31 9
10 49 7
10 23 -7
10 61 -1
10 24 1
10 69 -7
10 67 4
10 33 7
10 57 -10
10 20 -4
10 15 -5
10 37 4
10 62 -2
10 40 7
10 27 8
10 60 8
10 73 -8
10 66 7
10 52 5
10 59 7
10 53 -9
10 42 7
11 55 2
11 75 4
11 26 2
11 66 -4
11 23 6
11 43 9
11 63 3
11 70 -2
11 42 -7
11 56 -10
11 36 -10
11 20 0
11 22 5
11 29 1
11 32 -5
11 46 1
11 17 1
11 25 5
11 14 3
11 37 0
11 41 -1
11 38 9
11 19 6
11 54 8
11 57 -2
11 27 2
11 60 1
11 69 -10
11 33 -10
11 24 -3
11 68 -10
12 28 1
12 70 7
12 64 -3
12 60 0
12 68 4
12 34 8
12 15 -1
12 36 -5
12 22 6
12 46 3
12 47 7
12 74 10
12 57 8
12 63 2
12 54 -4
12 59 10
12 56 -7
12 30 -7
12 24 4
12 48 2
12 45 -9
12 49 -4
12 73 -8
12 21 5
12 23 -7
12 35 1
12 52 2
12 61 -1
12 26 0
12 14 4
12 19 -8
12 18 9
13 39 -10
13 24 -6
13 41 -6
13 54 -3
13 61 -2
13 57 -8
13 33 -8
13 35 8
13 51 5
13 73 5
13 29 -1
13 23 -5
13 72 6
13 27 3
13 38 -9
13 37 -8
13 60 -5
13 64 -4
13 20 -3
13 31 -5
13 65 -7
13 43 -3
13 32 -3
13 50 6
13 62 6
14 70 -2
14 46 -9
14 21 -6
14 17 -1
14 18 -3
14 19 8
14 32 2
14 52 6
14 31 -8
14 63 -4
14 30 -3
14 57 -10
14 27 -1
14 65 8
14 29 -9
14 44 -7
14 15 -4
14 28 -6
14 62 8
14 59 10
14 38 -10
14 68 4
14 34 6
14 26 -9
14 43 -9
14 56 -1
14 73 0
14 35 -1
14 33 -6
14 54 0
14 64 -4
14 47 8
14 37 7
14 39 4
14 20 3
14 49 4
15 63 10
15 62 -6
15 60 -6
15 46 -10
15 40 0
15 18 0
15 29 -6
15 36 -1
15 20 -8
15 37 -9
15 58 -10
15 41 -4
15 21 -4
15 56 4
15 19 -6
15 68 4
15 70 4
15 33 -5
15 57 -8
15 23 4
15 48 8
15 45 8
15 50 -3
15 34 0
15 61 -7
15 66 -9
15 31 -4
15 69 -3
16 23 9
16 52 -5
16 17 2
16 75 -3
16 21 -7
16 44 5
16 63 -5
16 55 -8
16 33 -7
16 43 2
16 59 10
16 74 6
16 67 4
16 31 3
16 24 6
16 42 7
16 27 -4
16 62 -1
16 28 -6
16 38 10
16 48 7
16 46 1
16 50 2
16 49 6
16 70 0
16 64 -6
17 71 -1
17 64 -8
17 18 5
17 29 -1
17 57 -10
17 32 -6
17 21 -7
17 34 -4
17 67 -10
17 54 -3
17 62 -8
17 74 -1
17 47 2
17 52 -9
17 73 7
17 40 -10
17 35 -8
17 49 -2
17 53 5
17 66 3
17 75 -7
17 72 -5
17 24 5
17 60 7
17 65 -6
17 46 2
17 69 5
17 25 -4
18 42 -1
18 55 -6
18 21 0
18 37 3
18 22 -2
18 61 2
18 28 2
18 38 4
18 53 5
18 70 -5
18 46 8
18 66 -4
18 29 2
18 25 -4
18 47 3
18 67 2
18 27 1
18 23 5
18 40 -5
18 72 1
18 31 -4
18 49 2
18 65 -1
18 20 -10
18 71 -10
18 74 5
18 62 8
18 54 -9
18 39 -9
19 54 4
19 69 -7
19 53 4
19 20 -2
19 46 9
19 35 5
19 38 6
19 40 -6
19 39 -2
19 22 -10
19 58 -9
19 51 -3
19 25 -7
19 42 -6
19 72 -5
19 30 -10
19 41 1
19 74 3
19 49 6
19 65 -3
19 71 0
19 61 -2
19 68 -2
19 37 5
19 27 7
20 50 1
20 56 4
20 32 -6
20 39 1
20 66 6
20 21 9
20 74 3
20 42 5
20 30 -1
20 67 3
20 68 7
20 62 4
20 70 9
20 35 10
20 22 0
20 29 -6
20 41 -10
20 71 0
20 55 9
20 64 -5
20 24 1
20 69 9
20 63 10
20 33 9
20 38 8
20 58 8
20 40 -8
20 43 -9
20 57 8
20 75 0
21 69 -9
21 64 8
21 48 -5
21 60 -6
21 43 1
21 29 -6
21 34 0
21 35 5
21 58 9
21 40 -7
21 50 1
21 75 5
21 24 -10
21 53 8
21 66 -2
21 32 7
21 41 -3
21 39 4
21 44 3
21 65 4
21 28 -1
21 73 -8
21 63 0
21 22 -6
21 49 1
21 55 -3
22 46 -5
22 25 4
22 65 8
22 73 -6
22 62 -9
22 54 -2
22 44 -2
22 31 8
22 68 1
22 75 5
22 48 -5
22 63 -3
22 59 8
22 45 -4
22 51 -4
22 29 -9
22 35 -7
22 32 6
22 52 -7
22 40 -4
22 43 9
22 37 1
22 34 -2
22 39 -6
22 69 1
22 28 3
22 55 4
22 61 2
22 30 8
22 38 -5
22 74 -1
22 60 4
22 72 -8
23 71 -8
23 65 1
23 41 2
23 58 -8
23 72 -6
23 25 5
23 75 1
23 24 -5
23 63 -10
23 34 -9
23 45 -5
23 62 -1
23 55 -4
23 30 -7
23 33 -8
23 73 9
23 54 -7
23 32 -6
23 37 -4
23 66 -8
23 49 7
23 35 4
23 47 -2
23 67 -2
24 26 -4
24 45 -8
24 33 0
24 51 4
24 50 -6
24 25 1
24 28 -8
24 40 2
24 65 -10
24 66 7
24 30 -5
24 72 -2
24 44 -7
24 38 1
24 41 1
24 47 8
24 32 -4
24 67 -10
24 63 -6
24 56 -6
24 71 7
24 60 4
24 70 8
24 75 -4
24 61 2
24 59 -6
24 48 4
24 29 7
25 36 -6
25 50 -1
25 28 1
25 32 -5
25 53 -3
25 41 1
25 74 5
25 65 9
25 49 -3
25 58 2
25 39 3
25 48 -3
25 38 -2
25 43 -7
25 27 6
25 71 8
25 62 -7
25 56 7
25 64 -7
25 55 -10
25 75 -1
25 52 1
25 59 -8
25 33 -7
25 69 -6
25 72 -1
25 66 -3
25 45 9
26 71 -4
26 69 7
26 75 4
26 66 6
26 31 0
26 51 10
26 39 3
26 67 6
26 29 6
26 68 -8
26 70 6
26 41 -1
26 35 -8
26 34 -2
26 63 8
26 54 -5
26 72 8
26 58 8
26 64 -10
27 42 4
27 58 2
27 59 -9
27 44 -7
27 45 0
27 52 9
27 62 4
27 50 -8
27 36 1
27 31 -9
27 43 -7
27 63 10
27 49 -5
27 73 -7
27 47 -7
27 30 5
27 37 2
27 67 1
27 66 -5
27 57 1
27 28 10
28 45 1
28 46 -7
28 37 8
28 33 3
28 67 -9
28 51 3
28 50 -9
28 42 5
28 36 -1
28 38 10
28 43 3
28 69 -3
28 40 3
28 31 -8
28 65 6
28 47 9
28 70 -5
28 62 5
28 59 -3
28 75 8
28 29 -7
28 72 0
28 71 7
28 66 1
28 49 3
28 39 5
29 36 -8
29 73 1
29 53 6
29 65 1
29 37 10
29 60 5
29 46 -6
29 71 -7
29 44 3
29 55 8
29 68 9
29 45 -5
29 34 -7
29 43 -2
29 67 4
29 39 10
29 30 -1
29 32 5
29 52 9
29 47 -7
29 35 -9
30 58 -3
30 67 2
30 39 -9
30 46 9
30 68 -6
30 40 -5
30 32 8
30 72 3
30 70 6
30 55 -5
30 47 -3
30 38 1
30 45 3
30 53 5
30 75 -7
30 33 -1
30 64 -2
30 74 4
30 35 3
30 51 3
30 56 -3
30 52 -10
31 48 -3
31 74 10
31 32 3
31 59 -2
31 63 -3
31 69 6
31 51 -3
31 54 -8
31 55 6
31 46 -1
31 57 6
31 44 9
31 58 1
31 72 -8
31 47 1
31 66 -10
31 70 -10
31 73 -4
31 68 -7
31 39 -2
32 34 -10
32 47 7
32 69 -4
32 43 -6
32 42 1
32 50 -9
32 49 5
32 74 -1
32 45 -8
32 35 -8
32 67 7
32 61 0
32 71 -7
32 33 -8
32 39 8
32 53 7
32 63 -10
32 58 4
32 68 -2
32 70 -4
32 64 6
33 38 2
33 63 7
33 34 5
33 70 3
33 47 -5
33 35 0
33 52 4
33 71 9
33 51 0
33 75 3
33 40 -7
33 58 -1
33 42 4
33 74 10
33 44 -5
33 41 -4
33 65 0
33 48 2
33 61 8
34 41 9
34 75 1
34 72 10
34 59 2
34 49 8
34 65 -4
34 55 -1
34 46 5
34 67 -10
34 69 -2
34 56 -5
34 45 0
34 61 1
34 47 -10
34 37 -9
34 44 2
34 35 -4
34 51 4
34 62 -7
34 71 -8
34 38 6
34 48 -7
34 66 7
34 42 0
35 71 8
35 59 9
35 56 -7
35 69 -6
35 53 2
35 48 2
35 68 2
35 65 -4
35 74 -6
35 61 -3
35 63 3
35 39 -10
35 38 -2
35 58 -10
35 36 -10
35 37 -2
35 43 -5
35 55 3
35 60 10
35 44 8
35 52 -4
35 45 -6
35 40 -6
35 66 0
35 57 2
36 48 0
36 56 -9
36 55 -10
36 68 10
36 62 7
36 45 7
36 39 7
36 59 2
36 41 -9
36 46 6
36 71 6
36 37 -6
36 38 7
36 66 5
36 74 -3
36 63 -8
37 51 10
37 71 7
37 44 -9
37 52 -4
37 69 -1
37 47 10
37 39 -9
37 60 -6
37 50 0
37 62 -4
37 70 -4
37 45 3
37 55 6
37 72 -9
37 57 -6
37 64 -9
37 73 -10
37 38 9
37 48 -8
38 57 -8
38 71 5
38 46 -6
38 39 -6
38 42 -3
38 74 8
38 58 0
38 45 -2
38 53 -6
38 47 4
38 62 -5
38 52 2
38 72 -6
38 70 -7
38 61 -6
38 69 -10
38 65 8
38 54 5
39 55 4
39 46 9
39 45 8
39 52 5
39 54 -10
39 69 1
39 49 -5
39 60 -5
39 73 -8
39 47 -10
39 75 -8
40 66 8
40 44 3
40 54 -10
40 68 9
40 48 -1
40 43 -7
40 71 6
40 64 -1
40 45 7
40 57 6
40 58 -4
40 62 -1
40 72 2
40 67 7
40 42 4
40 73 3
40 50 -1
40 41 -8
41 63 -1
41 49 2
41 74 4
41 69 5
41 53 2
41 64 10
41 48 -10
41 73 -5
41 66 -4
41 72 9
41 75 -10
41 61 -10
41 62 2
41 57 -8
41 47 4
41 42 1
41 70 -9
41 59 -1
42 73 -4
42 62 -7
42 56 5
42 69 5
42 45 7
42 74 9
42 70 -10
42 55 -2
42 60 -3
42 52 -1
42 72 -4
42 63 0
42 68 9
42 64 8
42 58 -2
42 65 -5
43 44 -4
43 67 -4
43 56 8
43 54 8
43 45 9
43 65 10
43 68 -7
43 57 -5
43 49 10
43 60 -1
43 71 2
43 46 -1
43 66 -2
43 51 -6
43 73 8
43 50 -3
43 61 -3
43 52 2
43 63 2
44 69 -5
44 71 -8
44 52 4
44 53 10
44 55 -10
44 49 9
44 50 7
44 51 -3
44 66 -10
44 46 7
44 68 -9
44 64 6
44 45 -6
44 56 -7
44 70 0
44 60 1
44 54 5
44 74 -5
45 49 -1
45 73 -8
45 60 -3
45 69 -6
45 53 -5
45 66 8
45 52 10
45 64 6
45 50 2
45 47 -3
45 65 -7
45 72 2
46 49 -1
46 59 -7
46 64 3
46 62 -6
46 70 5
46 72 2
46 73 7
46 61 8
46 56 -8
46 75 4
46 67 10
46 69 -4
46 53 3
46 58 -3
46 47 -9
46 52 10
46 50 2
46 55 8
47 68 10
47 48 -7
47 63 1
47 61 -7
47 51 -4
47 57 8
47 50 10
47 49 -1
47 70 -4
47 64 6
47 65 4
47 72 6
47 60 2
47 62 1
47 56 8
48 71 -6
48 74 10
48 51 6
48 75 3
48 73 0
48 70 0
48 59 -6
48 61 1
48 72 1
48 69 -8
48 57 8
48 67 10
48 62 -1
48 52 5
48 60 -6
48 54 5
49 59 -5
49 60 -9
49 68 -7
49 63 1
49 67 10
49 53 8
49 54 -1
49 57 2
49 55 -6
49 69 -8
49 61 -2
49 71 10
49 58 7
50 66 6
50 71 -2
50 63 -8
50 57 -6
50 65 -5
50 74 2
50 75 -5
50 55 -10
50 54 0
50 59 -9
50 58 -5
50 68 5
50 52 7
50 72 -1
51 67 7
51 74 -6
51 66 5
51 71 -8
51 70 2
51 54 1
51 57 -6
51 56 -1
51 59 3
51 64 -10
52 62 -8
52 70 7
52 55 4
52 54 6
52 68 -9
52 61 -9
52 58 7
52 72 0
52 69 -7
52 67 9
52 64 -8
52 59 3
53 72 -2
53 56 -6
53 75 9
53 62 -1
53 66 2
53 57 -8
53 73 3
53 63 -8
53 58 4
53 60 -9
53 59 0
53 70 -3
53 74 -9
53 65 -3
53 61 5
54 72 -9
54 62 0
54 73 -4
54 66 4
54 59 -10
54 65 -7
54 74 3
54 58 -1
54 60 2
54 57 0
54 67 6
55 71 1
55 60 -4
55 69 3
55 66 5
55 56 5
55 74 10
55 59 2
55 57 0
56 62 0
56 58 3
56 70 -2
56 75 -3
56 72 0
56 61 -9
56 65 -10
56 69 6
56 73 -5
56 60 6
57 63 -5
57 61 0
57 74 6
57 72 6
57 65 -6
57 64 -9
58 72 -6
58 70 9
58 74 -7
59 74 0
59 75 -1
59 71 9
59 61 -5
59 70 8
59 64 -6
59 68 10
59 67 0
59 69 1
60 61 3
60 73 -2
60 69 -2
60 64 -1
60 70 -2
60 74 6
61 67 3
61 66 -3
61 71 4
61 63 1
62 67 -8
62 63 6
62 75 -4
62 68 -5
62 65 8
63 75 5
63 65 -4
63 71 2
63 67 -9
64 69 -7
64 74 -5
64 66 5
64 70 3
64 65 -8
64 67 2
64 72 -2
65 73 4
65 71 -7
65 70 -9
65 72 -2
65 67 5
66 69 0
66 74 -2
66 70 10
66 67 -4
67 71 9
67 69 7
67 72 -10
67 73 8
67 74 7
67 68 -2
68 71 9
68 73 7
68 74 -9
68 69 -9
69 72 -10
69 74 -10
69 70 -10
70 73 -7
70 71 -5
70 75 9
71 72 10
71 73 -2
72 73 -3
72 75 8
73 74 8
