75 1388 
1 65 -5
1 73 4
1 74 5
1 60 10
1 49 -10
1 40 1
1 17 0
1 70 0
1 26 -5
1 7 -8
1 68 8
1 34 6
1 14 2
1 3 1
1 32 -10
1 5 0
1 8 -9
1 11 6
1 9 5
1 6 -6
1 39 4
1 19 5
1 22 1
1 28 -9
1 45 -1
1 71 -8
1 20 -9
1 53 3
1 23 -2
1 41 -1
1 43 10
1 36 -10
1 29 4
1 57 -4
2 20 2
2 34 -2
2 42 -1
2 14 -1
2 29 6
2 73 -4
2 8 6
2 63 2
2 56 -7
2 71 8
2 18 -1
2 26 1
2 35 -3
2 75 8
2 6 10
2 13 -9
2 4 3
2 32 3
2 7 -7
2 16 4
2 17 7
2 27 -8
2 22 -10
2 57 -6
2 66 -4
2 38 -7
2 37 -3
2 12 0
2 68 5
2 62 -5
2 72 1
2 53 -5
3 4 -2
3 63 4
3 57 2
3 39 5
3 19 -1
3 64 -2
3 33 -9
3 55 -3
3 60 9
3 36 6
3 75 -6
3 21 6
3 44 -3
3 59 -5
3 56 4
3 69 1
3 51 4
3 49 8
3 71 -6
3 28 -10
3 42 6
3 61 -10
3 13 4
3 53 5
3 58 0
3 66 -10
3 41 -9
3 25 -2
3 11 -7
3 38 4
3 40 7
3 48 0
3 12 -4
3 26 -10
3 16 3
3 52 8
3 9 7
3 29 -6
3 5 -1
4 33 1
4 47 -9
4 24 1
4 56 -5
4 45 -10
4 31 -8
4 43 1
4 72 -4
4 41 -10
4 50 5
4 63 3
4 54 -4
4 22 -9
4 28 -3
4 58 -7
4 52 9
4 32 -9
4 7 -10
4 39 -8
4 66 -7
4 15 3
4 40 -5
4 34 0
4 42 -7
4 53 -4
4 71 -3
4 46 -4
5 29 -3
5 32 7
5 16 -10
5 46 2
5 34 -10
5 64 -2
5 61 1
5 54 5
5 63 -4
5 35 6
5 41 -10
5 12 0
5 33 -1
5 69 -3
5 42 6
5 25 2
5 18 4
5 24 9
5 56 -5
5 38 2
5 52 -6
5 30 5
5 21 1
5 22 9
5 51 -1
5 72 1
5 31 -5
5 28 -6
5 44 3
5 74 -2
5 75 -1
5 49 2
5 7 0
5 57 8
5 58 -10
6 17 3
6 51 6
6 48 -3
6 9 -7
6 14 9
6 50 -2
6 71 8
6 46 10
6 43 -2
6 19 1
6 18 10
6 8 7
6 39 1
6 13 -9
6 32 -7
6 56 7
6 45 -8
6 33 2
6 30 7
6 49 1
6 24 1
6 36 1
6 54 -5
6 20 1
6 29 4
6 61 -3
6 72 -2
6 28 0
6 67 -2
6 68 6
7 45 0
7 35 -6
7 49 1
7 65 3
7 47 -7
7 27 -4
7 24 5
7 37 2
7 36 -8
7 8 6
7 26 -7
7 20 5
7 46 1
7 48 6
7 64 9
7 33 -4
7 52 6
7 53 -9
7 61 -3
7 16 -7
7 40 -7
7 42 -5
7 74 -8
7 38 4
7 57 -1
7 73 7
7 29 6
7 44 2
7 63 0
7 56 -10
8 19 0
8 11 -2
8 75 -2
8 73 3
8 13 -5
8 62 10
8 31 -1
8 21 -6
8 48 -3
8 39 -10
8 64 -1
8 54 0
8 55 5
8 38 -6
8 74 -4
8 43 4
8 18 -2
8 26 -4
8 14 2
8 37 9
8 56 -10
8 47 8
8 35 6
8 27 -10
8 16 9
8 61 2
8 49 4
8 45 8
8 59 -2
8 36 -10
8 40 -2
8 58 -3
8 68 7
8 65 -5
8 44 -2
8 10 5
8 23 8
8 70 5
9 52 -3
9 27 8
9 15 -5
9 31 -9
9 62 -9
9 59 8
9 25 -3
9 13 3
9 68 7
9 39 -9
9 73 -10
9 36 -1
9 21 -9
9 23 9
9 40 -9
9 41 8
9 47 -6
9 38 -5
9 11 -5
9 26 1
9 28 3
9 33 -1
9 74 -1
9 45 -9
9 43 -3
9 49 9
9 58 -7
9 56 6
9 20 -10
9 18 7
10 48 9
10 39 -7
10 50 -9
10 65 -7
10 46 4
10 18 -8
10 52 6
10 57 10
10 72 1
10 34 3
10 63 9
10 58 -3
10 73 -5
10 22 8
10 71 -8
10 42 7
10 68 3
10 64 -2
10 24 10
10 40 -1
10 62 10
10 30 6
10 60 0
10 43 -10
10 32 -2
10 61 -5
10 14 3
10 47 -3
10 31 3
10 12 2
10 38 -7
10 49 -7
10 25 -1
11 35 -7
11 41 -6
11 16 -4
11 50 9
11 56 3
11 17 -4
11 75 9
11 32 -1
11 49 -3
11 25 9
11 64 -3
11 21 5
11 52 -3
11 24 4
11 59 6
11 33 8
11 72 5
11 66 3
11 69 5
11 62 1
11 60 10
11 51 -3
11 45 2
11 13 -5
11 68 -3
11 65 10
11 12 7
11 40 1
11 20 1
11 74 3
11 43 -5
12 15 1
12 38 8
12 47 -3
12 61 9
12 41 9
12 73 -4
12 58 8
12 34 6
12 21 -4
12 48 5
12 18 -4
12 63 -1
12 53 -5
12 16 -7
12 26 2
12 71 -3
12 50 9
12 70 5
12 62 -4
12 72 10
12 14 2
12 64 -3
12 32 -3
12 19 -4
12 45 -8
12 20 7
12 43 9
12 36 -6
12 66 -6
12 31 3
12 44 5
12 52 4
12 17 4
12 27 8
13 29 -1
13 42 -1
13 54 -3
13 68 5
13 65 -1
13 31 -10
13 32 9
13 56 4
13 17 9
13 38 3
13 22 -2
13 15 1
13 41 -8
13 58 -9
13 19 -5
13 52 -2
13 27 -2
13 33 7
13 35 -1
13 14 6
13 64 -6
13 70 6
13 55 6
13 39 -7
13 62 -10
13 61 -4
13 74 -10
13 36 10
13 47 -3
13 34 10
13 71 7
13 20 10
14 53 7
14 69 -10
14 25 2
14 60 9
14 58 2
14 56 -4
14 74 -6
14 54 2
14 67 -1
14 20 5
14 65 -8
14 70 8
14 64 -7
14 47 8
14 34 -6
14 33 -1
14 31 5
14 28 -1
14 26 3
14 61 5
14 48 1
14 73 5
14 59 3
14 18 3
14 44 -5
14 32 8
14 45 0
14 29 6
14 66 5
14 49 10
14 22 -7
14 46 1
15 26 10
15 37 3
15 44 -9
15 16 1
15 39 2
15 74 5
15 36 3
15 27 2
15 35 0
15 20 8
15 42 -10
15 32 -8
15 67 -5
15 70 10
15 45 -5
15 28 9
15 38 -6
15 48 0
15 73 -5
15 59 4
15 68 -4
15 75 -9
15 25 3
15 66 0
15 31 4
15 33 8
15 30 0
15 58 2
15 24 0
15 46 1
15 51 6
15 54 9
15 49 -1
15 72 4
16 38 6
16 43 -6
16 28 3
16 57 9
16 65 5
16 68 -7
16 42 -6
16 48 8
16 50 -5
16 41 -4
16 63 10
16 75 5
16 32 -1
16 40 0
16 60 -10
16 62 10
16 45 3
16 29 -7
16 24 1
16 66 -7
16 56 -4
16 44 -5
16 18 -5
16 51 -1
16 53 4
16 46 -9
16 47 -5
16 19 -2
16 58 5
16 31 4
17 42 -5
17 30 6
17 67 2
17 73 -3
17 46 6
17 20 9
17 72 -6
17 22 8
17 29 10
17 63 3
17 58 -5
17 39 4
17 23 -1
17 21 -8
17 74 -5
17 52 7
17 61 -2
17 19 5
17 31 8
17 27 3
17 35 0
17 64 -3
17 28 10
17 54 9
17 44 3
18 63 -3
18 75 3
18 36 9
18 71 2
18 46 7
18 37 -7
18 27 -7
18 73 6
18 40 -5
18 30 5
18 22 -8
18 20 1
18 55 -2
18 62 7
18 65 9
18 69 4
18 64 6
18 21 1
18 23 5
18 72 0
18 43 1
18 67 -3
18 31 5
18 57 -3
18 38 10
18 26 -9
18 58 9
18 61 -1
18 42 -10
18 51 -10
18 49 -9
18 24 -6
18 45 -10
18 54 4
18 28 10
18 66 -4
19 51 -7
19 25 4
19 68 -8
19 33 -2
19 65 10
19 43 5
19 67 7
19 62 4
19 30 6
19 61 9
19 74 1
19 31 -8
19 40 7
19 56 -8
19 57 -1
19 35 -9
19 38 5
19 41 4
19 32 -4
19 28 4
19 50 2
19 34 6
19 27 4
19 59 -6
19 70 -6
19 63 -9
19 42 -4
19 36 6
19 26 -10
19 44 5
19 55 -9
20 64 -2
20 41 -4
20 60 2
20 28 -1
20 67 1
20 33 9
20 27 -1
20 31 -8
20 56 2
20 25 -3
20 57 8
20 35 -10
20 51 4
20 21 4
20 75 8
20 65 9
20 34 3
20 40 -9
20 52 -6
20 22 0
20 72 0
20 58 7
20 50 0
21 63 0
21 31 -10
21 23 3
21 72 -1
21 46 -5
21 71 -5
21 68 3
21 38 -4
21 74 -2
21 34 10
21 28 -10
21 24 10
21 36 -1
21 52 -4
21 59 -2
21 32 -9
21 65 1
21 64 0
21 39 -9
21 41 10
21 50 5
21 48 3
21 58 8
21 55 7
22 60 5
22 29 -3
22 30 9
22 47 10
22 46 -5
22 70 -4
22 53 -10
22 23 6
22 68 2
22 41 5
22 56 -1
22 48 -9
22 39 -4
22 37 -10
22 54 -6
22 26 -8
22 69 9
22 50 9
22 72 -1
22 27 -8
22 45 -4
22 67 5
22 34 -10
22 24 10
22 31 2
22 43 8
22 61 -5
22 66 -1
23 56 1
23 36 7
23 34 7
23 37 -2
23 33 7
23 40 4
23 44 -7
23 50 0
23 57 -3
23 48 -10
23 67 -3
23 26 -8
23 47 6
23 30 1
23 52 1
23 59 9
23 54 0
23 58 10
23 28 10
23 41 10
23 55 -7
23 24 -6
24 28 -9
24 39 -7
24 53 10
24 68 -8
24 73 -10
24 50 0
24 67 -5
24 46 3
24 70 0
24 40 -9
24 47 4
24 66 -10
24 31 -8
24 37 -8
24 27 8
24 41 -7
24 60 5
24 72 -5
24 74 9
24 36 3
24 52 4
24 35 6
24 45 5
25 71 8
25 52 0
25 37 7
25 34 10
25 68 -7
25 40 9
25 70 -5
25 35 -8
25 30 -4
25 31 2
25 61 -4
25 46 3
25 54 -10
25 53 4
25 49 2
25 48 8
25 27 -4
25 45 -3
25 55 -9
25 56 -8
25 72 4
25 29 1
25 67 -7
25 51 -6
25 38 2
25 33 5
26 35 2
26 70 8
26 73 8
26 37 -7
26 68 -3
26 51 8
26 31 10
26 72 10
26 36 -3
26 56 -6
26 71 0
26 49 8
26 65 -7
26 75 9
26 50 -9
26 58 -7
26 60 -8
26 38 9
27 49 -10
27 59 8
27 34 3
27 46 -3
27 65 -1
27 61 8
27 41 7
27 44 -9
27 64 -5
27 50 2
27 35 4
27 48 -8
27 33 -10
27 58 -7
27 75 3
27 54 8
27 56 1
27 30 5
27 66 -6
27 69 7
27 28 -1
27 53 9
27 38 4
27 47 -8
27 40 -6
27 39 -3
28 31 -5
28 43 9
28 35 -2
28 75 0
28 64 -6
28 48 2
28 60 -1
28 50 -4
28 71 -9
28 54 8
28 46 0
28 52 4
28 45 -3
28 63 -4
28 74 -2
28 68 3
28 29 -10
28 47 2
28 32 -7
28 42 0
28 40 -9
28 72 6
28 33 -6
29 39 6
29 41 2
29 45 5
29 44 -6
29 33 3
29 64 -4
29 30 4
29 46 2
29 57 -4
29 43 2
29 61 -4
29 48 0
29 58 1
29 52 0
29 51 4
29 36 9
29 67 10
29 47 4
29 65 0
29 74 -4
29 73 -3
29 34 9
29 71 5
29 70 4
29 68 -2
29 37 -3
30 50 -1
30 31 -9
30 70 0
30 41 3
30 39 -3
30 42 -4
30 73 -1
30 37 8
30 74 -5
30 55 -2
30 67 -4
30 51 2
30 64 4
30 36 4
30 48 7
30 49 -1
30 66 3
30 46 10
30 56 -4
30 52 -9
31 33 9
31 61 -9
31 42 9
31 35 2
31 40 -8
31 34 8
31 66 -6
31 68 -7
31 71 3
31 32 5
31 54 -1
31 65 -8
31 45 6
31 49 3
31 58 -1
31 47 3
31 38 -7
31 55 -1
31 72 1
31 39 -3
31 46 5
31 73 3
31 74 2
31 37 2
31 69 -1
31 48 5
32 57 3
32 65 -5
32 44 10
32 56 3
32 69 1
32 67 5
32 42 2
32 46 -7
32 51 -5
32 45 3
32 58 1
32 39 -8
32 48 10
32 33 -7
32 53 1
32 63 8
32 60 -7
32 34 -9
32 55 6
32 59 -10
32 40 9
32 73 -8
32 64 0
33 61 -5
33 74 -7
33 46 -5
33 65 -1
33 41 7
33 64 0
33 57 -10
33 55 -8
33 37 -5
33 34 -6
33 63 7
33 51 1
33 62 -2
33 67 -10
33 53 1
33 45 -4
34 41 -5
34 53 -1
34 66 -5
34 49 -2
34 64 3
34 71 -8
34 59 -3
34 51 -10
34 40 0
34 55 -9
34 36 0
34 74 -9
34 68 -4
34 46 5
34 67 -2
34 35 -10
34 60 5
34 50 5
34 72 -7
34 52 -2
34 57 5
34 48 -7
35 62 -6
35 47 -1
35 74 -4
35 54 6
35 71 1
35 44 -5
35 65 7
35 37 1
35 67 7
35 72 -1
35 63 -9
35 48 -2
35 38 -5
35 66 2
35 68 -2
35 53 10
35 36 -9
35 73 7
35 39 9
35 45 1
35 69 7
35 52 -3
35 64 9
36 45 4
36 38 0
36 48 5
36 68 10
36 40 8
36 44 -10
36 71 10
36 51 -7
36 41 5
36 42 8
36 60 -4
36 57 -2
36 64 -3
36 58 -2
36 65 7
36 49 -10
36 55 7
36 75 7
36 54 8
36 47 7
36 74 3
36 72 -8
37 51 9
37 59 -8
37 40 -1
37 68 6
37 71 8
37 42 4
37 56 -2
37 73 -3
37 48 1
37 66 10
37 64 7
37 65 1
37 45 -9
37 39 -9
37 47 9
37 67 -10
37 41 9
37 61 -8
38 65 1
38 70 -4
38 72 5
38 75 -5
38 62 10
38 60 -9
38 39 -2
38 51 3
38 68 -9
38 40 -3
38 74 10
38 73 -7
38 56 8
38 44 -9
38 41 -6
38 46 -4
38 64 0
38 67 -10
38 53 -3
38 71 7
38 58 5
38 63 -3
39 42 -7
39 65 5
39 70 0
39 67 9
39 60 8
39 54 9
39 49 -4
39 55 -7
39 59 3
39 48 -7
39 71 7
39 45 3
39 62 -10
39 46 -9
39 61 10
39 41 3
39 68 -4
39 47 -6
39 74 -4
39 51 7
39 63 -7
39 73 1
39 58 -8
39 53 -3
39 75 -8
40 75 -8
40 67 -2
40 55 -2
40 57 3
40 70 -1
40 53 -6
40 71 6
40 43 -2
40 56 6
40 52 -10
40 42 -3
40 51 9
40 54 2
40 58 -5
40 69 -2
40 62 7
40 44 -5
40 50 0
41 68 -7
41 52 3
41 53 8
41 59 -5
41 44 -6
41 74 10
41 42 7
41 43 -7
41 67 4
41 62 1
41 49 0
41 56 7
41 55 9
41 71 -5
41 64 1
41 57 -7
41 63 -5
41 46 8
41 65 2
41 50 1
42 45 10
42 47 8
42 71 5
42 58 -9
42 64 -10
42 51 6
42 72 8
42 74 8
42 56 1
42 52 6
42 67 -3
42 57 4
42 59 2
42 73 3
42 61 0
42 70 -3
43 50 -3
43 44 2
43 52 -9
43 61 8
43 64 3
43 75 -7
43 70 5
43 69 5
43 59 6
43 55 -4
43 54 -6
43 73 2
43 71 -10
43 62 -2
43 53 -8
43 74 6
43 48 6
44 55 1
44 54 10
44 61 -7
44 63 2
44 72 -10
44 58 5
44 50 -10
44 57 8
44 68 1
44 52 -1
44 53 3
44 65 -10
44 51 -2
44 73 2
45 49 6
45 65 8
45 67 -5
45 58 -3
45 59 -10
45 66 5
45 71 -8
45 62 5
45 51 -1
45 69 -10
45 68 4
45 52 7
45 57 8
45 73 10
45 48 -6
46 72 10
46 70 3
46 54 10
46 61 1
46 55 1
46 52 6
46 59 2
46 53 3
46 48 10
46 73 -5
46 74 -2
46 64 -4
46 50 7
46 60 -3
46 56 -5
47 55 0
47 49 7
47 68 3
47 51 8
47 74 -7
47 59 -3
47 69 -5
47 53 7
47 70 4
47 54 9
47 57 9
47 66 7
47 48 9
47 61 -5
47 58 9
48 54 -7
48 74 10
48 69 0
48 62 -6
48 53 -6
48 50 6
48 68 -9
48 66 -2
48 70 -10
48 72 -5
48 55 6
48 61 -5
48 59 -4
49 56 5
49 69 0
49 70 10
49 52 -10
49 73 2
49 54 4
49 75 0
49 57 6
49 63 -2
49 67 -3
49 65 -5
49 58 -5
49 68 0
49 50 5
50 54 5
50 56 -3
50 63 -7
50 51 9
50 52 1
50 61 5
50 67 -8
50 59 -10
50 69 3
50 58 10
50 70 3
50 65 1
50 64 6
51 63 -6
51 70 -7
51 69 6
51 68 3
51 73 9
51 74 -1
51 59 1
51 60 5
51 54 -9
51 58 2
52 60 9
52 66 -5
52 75 -6
52 73 -2
52 53 10
52 70 -9
52 54 -10
52 57 8
52 69 -5
52 62 6
52 58 -3
53 68 -4
53 73 9
53 64 0
53 56 -2
53 62 -2
53 66 -9
53 54 3
53 59 2
53 63 -1
53 67 10
53 58 -6
53 65 -6
53 71 -7
53 55 -7
54 73 4
54 66 1
54 58 6
54 68 1
54 70 6
54 56 4
54 72 -4
54 55 -3
55 75 3
55 69 -8
55 71 -6
55 74 7
55 62 -6
55 63 10
55 66 0
55 68 -6
55 70 6
55 58 -5
55 67 -7
56 59 -8
56 61 9
56 70 -2
56 63 3
56 67 -1
56 65 -6
56 68 10
56 74 4
56 58 7
56 62 0
57 60 9
57 71 1
57 62 0
57 68 7
57 74 -9
57 61 5
57 64 7
57 58 1
57 65 -7
57 66 1
58 66 1
58 62 -4
58 73 0
58 71 -2
58 70 6
58 68 -2
58 65 -6
58 69 8
58 60 -9
59 69 3
59 66 8
59 61 1
59 75 7
59 68 -6
60 65 2
60 61 -3
60 68 -9
60 71 9
60 64 -9
60 69 9
60 67 0
60 72 7
60 70 7
61 72 1
61 68 -3
61 62 7
61 65 -10
61 71 4
61 73 -3
61 70 -10
62 63 -6
62 67 -4
62 70 2
62 71 10
62 66 2
62 75 1
62 69 0
62 72 -8
63 67 2
63 74 7
63 66 3
63 65 3
63 64 5
63 70 3
63 75 -4
64 65 8
64 70 0
64 75 9
64 74 -2
64 71 -2
64 67 -4
65 69 -7
65 70 10
65 72 10
65 74 -4
66 68 9
66 69 -6
66 75 -4
66 72 4
66 70 4
67 68 -1
68 75 8
68 74 -7
69 74 10
69 72 -9
69 71 -4
69 73 -3
70 74 8
70 75 -4
71 72 8
71 74 2
71 75 -9
72 75 -5
73 75 8
74 75 -8
