75 1388 
1 50 7
1 60 -8
1 55 2
1 20 3
1 48 8
1 51 -4
1 71 -5
1 65 0
1 69 6
1 19 -1
1 47 4
1 59 9
1 24 -4
1 35 9
1 21 -10
1 44 -4
1 40 -8
1 70 10
1 34 -7
1 10 -9
1 58 9
1 3 -9
1 41 5
1 9 -4
1 43 10
1 15 4
1 30 -4
1 72 10
1 57 -8
1 23 -6
1 54 -4
1 17 7
1 63 -3
1 28 -2
1 12 -7
1 56 4
1 53 -4
2 18 0
2 35 0
2 56 -2
2 73 -5
2 52 -10
2 6 6
2 29 0
2 26 2
2 5 6
2 22 1
2 41 2
2 14 3
2 59 1
2 45 -1
2 9 6
2 70 4
2 21 3
2 54 -7
2 74 3
2 7 9
2 68 6
2 16 3
2 24 -4
2 10 -8
2 34 9
2 39 0
2 72 1
2 75 3
2 27 -7
2 33 -10
2 40 -4
2 28 4
2 43 -10
2 15 4
2 42 -2
2 46 3
3 10 -4
3 4 8
3 68 -5
3 16 -2
3 12 0
3 21 7
3 34 -4
3 35 -6
3 65 9
3 17 -8
3 27 2
3 11 -6
3 59 -1
3 38 -10
3 5 -3
3 26 7
3 54 3
3 60 9
3 43 -10
3 74 -3
3 61 -8
3 9 5
3 32 7
3 51 -3
3 64 8
3 55 -4
3 63 6
3 56 6
3 13 -5
3 6 2
3 41 6
3 31 0
3 36 0
3 19 8
3 48 3
4 73 -10
4 35 3
4 66 0
4 69 9
4 56 0
4 52 -5
4 15 10
4 17 1
4 42 3
4 22 -8
4 49 -8
4 6 0
4 31 -7
4 10 -2
4 64 0
4 72 -5
4 18 -2
4 13 -2
4 26 -6
4 58 -1
4 27 -1
4 29 10
4 59 -5
4 51 1
4 20 7
4 54 3
4 11 -7
4 43 -10
4 47 -4
4 34 -2
4 30 -3
4 61 4
4 45 -4
4 33 0
5 29 -1
5 51 -7
5 55 -10
5 66 5
5 9 9
5 49 1
5 14 3
5 16 -4
5 27 -6
5 36 -4
5 63 10
5 40 -10
5 18 -8
5 46 8
5 34 4
5 74 -4
5 25 -7
5 65 -6
5 48 3
5 71 5
5 52 -5
5 38 3
5 75 -8
5 59 -9
5 35 6
5 7 10
5 64 -3
5 24 -1
5 11 6
5 8 10
5 72 -10
5 73 0
5 58 7
5 32 -4
5 10 3
5 60 -8
5 15 -3
6 51 8
6 38 -6
6 59 0
6 25 -4
6 72 8
6 13 -1
6 40 -4
6 67 -7
6 33 1
6 28 1
6 74 1
6 54 -5
6 48 3
6 55 9
6 10 3
6 70 8
6 64 6
6 45 -8
6 20 3
6 69 6
6 8 8
6 12 6
6 47 -2
6 39 9
6 16 3
6 22 -4
6 56 5
6 61 -5
6 44 2
6 71 1
6 49 10
6 24 0
6 35 -4
6 23 -8
6 58 5
7 30 8
7 48 6
7 59 2
7 17 7
7 46 7
7 29 -6
7 70 -9
7 53 3
7 71 6
7 39 5
7 66 0
7 55 -4
7 52 -4
7 49 10
7 54 5
7 41 -10
7 27 8
7 31 -4
7 20 0
7 65 -2
7 61 -5
7 24 0
7 47 2
7 16 -3
7 74 9
7 63 9
7 15 4
7 51 1
7 10 -1
7 19 9
7 42 -10
7 35 -5
8 44 -6
8 59 5
8 13 10
8 69 2
8 51 4
8 40 -7
8 61 8
8 14 9
8 45 1
8 67 -1
8 18 5
8 38 -9
8 71 3
8 52 7
8 57 -10
8 49 10
8 10 10
8 37 1
8 68 3
8 11 5
8 34 -6
8 48 5
8 22 1
8 39 -10
8 63 -1
8 15 -4
8 25 4
8 20 -4
8 46 -1
8 26 -3
8 36 0
8 58 -8
8 62 5
9 66 4
9 50 2
9 47 9
9 72 10
9 27 -2
9 55 8
9 16 -9
9 74 -3
9 45 10
9 22 5
9 69 4
9 26 -2
9 18 0
9 64 -5
9 56 -5
9 52 8
9 65 -1
9 46 -7
9 12 5
9 48 6
9 21 7
9 29 -7
9 60 6
9 63 -8
9 32 7
9 10 5
9 57 0
9 31 -8
9 68 -3
9 44 -7
9 73 7
9 67 -9
9 23 1
9 42 6
10 63 4
10 69 -6
10 74 -8
10 60 -6
10 51 6
10 25 -7
10 34 -3
10 45 0
10 75 7
10 28 -7
10 16 -6
10 46 -6
10 22 1
10 73 3
10 61 -5
10 27 10
10 53 -1
10 64 0
10 26 -2
10 18 -6
10 67 9
10 24 -7
10 14 -6
10 43 8
10 54 -6
10 59 1
10 39 7
10 29 8
10 58 -9
10 66 -8
10 49 6
10 20 10
10 38 2
10 33 -3
10 62 -8
10 13 5
10 36 4
10 55 7
10 70 -3
10 44 -4
10 35 -8
11 58 8
11 74 -6
11 71 -10
11 26 9
11 28 3
11 70 0
11 72 -9
11 12 8
11 16 8
11 14 -9
11 47 -6
11 29 -2
11 55 10
11 60 10
11 69 7
11 19 7
11 44 -5
11 46 -7
11 53 1
11 35 -6
11 65 5
11 59 7
11 62 -1
11 24 4
11 31 -9
11 21 10
11 75 6
11 13 -4
11 36 -6
11 51 -5
11 52 4
11 20 2
11 22 1
11 64 -4
11 54 2
11 30 -2
11 49 6
11 34 -7
12 29 7
12 48 -9
12 40 10
12 25 2
12 65 5
12 55 -3
12 68 4
12 38 -3
12 46 -4
12 60 9
12 30 9
12 24 -5
12 27 0
12 41 8
12 49 -2
12 69 -1
12 56 6
12 45 -10
12 51 10
12 50 9
12 35 -1
12 58 6
12 74 -1
12 39 5
12 31 -2
12 73 2
12 32 10
12 21 -2
12 43 -3
12 42 6
12 13 -6
12 44 5
12 64 -2
12 71 -1
12 33 -4
13 32 2
13 64 -6
13 33 10
13 68 10
13 18 10
13 34 -1
13 19 10
13 36 -3
13 43 -6
13 37 2
13 70 10
13 63 -9
13 47 1
13 22 5
13 62 4
13 14 -8
13 56 8
13 73 -4
13 54 -9
13 21 -10
13 31 9
13 59 -10
14 57 -4
14 58 6
14 67 8
14 44 -3
14 29 3
14 52 -1
14 36 10
14 69 -1
14 20 -6
14 46 0
14 26 3
14 32 4
14 59 4
14 68 4
14 35 -5
14 23 10
14 53 8
14 38 -4
14 66 7
14 27 -6
14 18 7
14 54 -7
14 55 9
14 41 -9
14 64 4
14 39 9
14 48 10
14 31 -8
14 45 -7
14 30 9
15 62 -3
15 16 2
15 18 7
15 41 8
15 32 8
15 44 -4
15 47 5
15 39 6
15 67 1
15 49 -7
15 58 -8
15 54 5
15 28 5
15 30 4
15 60 5
15 55 -2
15 25 5
15 29 -1
15 52 -10
15 74 -8
15 34 -6
15 53 -6
15 23 -2
15 21 5
15 22 5
15 61 5
15 65 5
15 36 -4
15 42 -4
15 37 2
15 17 -1
15 20 3
15 66 -7
16 39 -7
16 35 0
16 48 -8
16 22 -10
16 41 -4
16 64 8
16 21 -7
16 24 -10
16 68 -5
16 27 -6
16 32 6
16 72 -6
16 55 8
16 61 5
16 50 -4
16 17 -2
16 51 4
16 29 -7
16 59 4
16 38 -7
16 74 -7
16 19 -10
17 51 -1
17 23 -4
17 71 -9
17 46 -10
17 73 3
17 31 4
17 53 -2
17 63 9
17 69 -6
17 68 10
17 59 3
17 26 -8
17 35 -9
17 45 -10
17 58 -9
17 50 -2
17 52 3
17 36 -3
17 42 7
17 41 0
17 24 5
17 64 3
17 44 -9
17 20 -7
17 39 6
17 48 -9
18 50 4
18 62 5
18 69 -1
18 54 7
18 57 -9
18 51 9
18 36 0
18 31 7
18 60 6
18 28 6
18 40 7
18 27 -3
18 68 2
18 24 -8
18 73 -6
18 26 -8
18 66 -6
18 37 5
18 67 0
18 22 4
18 21 -3
18 71 2
18 63 10
18 46 6
18 55 -9
18 75 2
18 49 10
18 25 6
18 44 -2
18 19 5
18 33 4
18 65 -1
19 41 7
19 51 -3
19 20 -6
19 34 -9
19 59 -2
19 67 -9
19 62 9
19 36 -5
19 43 -10
19 73 -7
19 21 5
19 74 -4
19 58 8
19 61 1
19 42 5
19 68 10
19 27 -8
19 56 5
19 48 6
19 75 -8
19 54 -8
19 26 -7
19 57 -8
19 31 -8
19 29 10
19 23 -8
19 38 -8
19 55 7
20 35 8
20 74 8
20 71 -7
20 69 4
20 43 6
20 47 -1
20 37 -1
20 75 -8
20 64 1
20 41 -8
20 51 5
20 73 10
20 66 -2
20 27 -8
20 22 10
20 52 -9
20 50 -9
20 55 3
20 23 10
20 46 4
20 65 8
20 32 -3
20 29 7
20 72 -3
20 62 -9
20 36 5
20 39 6
20 54 -8
20 25 -10
20 24 0
21 72 -10
21 68 0
21 75 2
21 50 -8
21 52 0
21 49 -3
21 33 -3
21 25 -2
21 69 5
21 66 -9
21 54 0
21 23 7
21 22 2
21 41 5
21 57 4
21 32 -1
21 53 9
21 70 4
21 59 -7
21 35 -8
21 44 3
21 51 7
21 42 1
21 71 -2
21 55 2
21 62 10
21 37 -5
21 63 0
21 40 1
22 38 10
22 75 10
22 23 -7
22 45 0
22 30 7
22 25 -7
22 59 9
22 36 -2
22 41 0
22 74 -9
22 62 -3
22 63 -4
22 58 1
22 69 -10
22 72 -8
22 70 2
22 67 -5
22 52 4
22 48 5
22 24 -5
23 71 -10
23 47 5
23 67 4
23 54 -5
23 48 9
23 55 0
23 51 -4
23 35 5
23 45 7
23 64 -9
23 44 7
23 43 2
23 33 -10
23 32 -9
23 30 5
23 37 9
23 56 9
23 38 -4
23 68 9
23 28 -4
23 73 1
23 62 -1
23 40 4
23 69 1
23 63 -9
23 24 2
24 65 4
24 30 -5
24 55 -2
24 61 2
24 34 9
24 51 -6
24 62 3
24 39 -1
24 49 -8
24 52 0
24 69 8
24 72 -1
24 42 7
24 54 -5
24 37 2
24 28 3
24 74 6
24 56 -1
24 63 -7
24 64 -8
24 46 -5
25 37 -7
25 26 -6
25 30 1
25 52 10
25 66 2
25 29 -5
25 33 9
25 46 4
25 59 8
25 39 3
25 47 -7
25 31 1
25 48 0
25 38 -8
25 35 7
25 65 6
25 40 4
25 27 2
25 57 -2
25 36 5
25 41 -9
25 73 9
25 60 -5
25 54 7
25 68 0
25 32 -9
25 53 0
25 51 10
25 75 8
25 42 8
25 67 -1
25 45 -2
26 56 -7
26 58 10
26 46 -10
26 45 -8
26 40 0
26 35 -3
26 29 6
26 60 -2
26 66 0
26 75 -9
26 51 7
26 32 -2
26 44 -3
26 59 1
26 68 -5
26 49 -6
26 42 -1
26 61 -3
26 52 1
26 73 -3
26 27 4
26 30 2
26 50 -3
26 48 -5
26 37 9
26 62 5
26 67 6
26 43 -7
27 46 9
27 53 -5
27 39 -7
27 44 7
27 69 -7
27 33 0
27 48 -2
27 28 -6
27 50 3
27 43 9
27 68 4
27 62 -9
27 49 -7
27 37 -2
27 29 -5
27 38 -6
27 58 2
27 59 1
27 57 -4
27 71 -5
27 40 -4
27 32 9
27 51 4
27 45 -5
27 64 4
27 61 7
27 52 3
27 56 -6
27 35 3
28 52 -6
28 44 7
28 41 1
28 73 -1
28 75 -10
28 67 5
28 30 -6
28 40 0
28 49 1
28 63 6
28 29 10
28 71 -2
28 57 10
28 35 1
28 56 -3
28 50 6
28 69 4
28 66 -2
28 64 5
28 61 -4
28 51 3
28 68 6
28 39 10
29 74 -3
29 73 7
29 65 -4
29 51 -9
29 47 9
29 56 8
29 68 6
29 58 -4
29 38 2
29 59 -4
29 61 5
29 67 -2
29 66 -5
29 53 -4
29 48 4
29 44 -6
29 35 2
29 45 10
29 41 10
29 54 -9
29 69 -2
29 52 -7
29 42 3
30 50 4
30 36 -1
30 31 -4
30 67 -4
30 73 7
30 56 2
30 37 -8
30 46 1
30 60 -6
30 57 -9
30 75 6
30 53 -9
30 62 -3
30 71 6
30 43 -7
30 39 3
30 48 -6
30 58 -9
30 35 2
30 32 -10
30 47 -7
30 38 -2
30 55 -7
30 64 3
31 51 3
31 42 0
31 59 -2
31 37 -9
31 36 8
31 52 -3
31 49 3
31 64 4
31 56 1
31 57 -5
31 70 -7
31 66 0
31 45 -8
31 39 -5
31 47 2
31 40 4
31 62 -2
31 34 0
31 68 -6
31 71 10
31 55 -5
31 73 4
31 53 0
31 67 5
32 40 -7
32 54 -6
32 63 -10
32 35 4
32 61 1
32 65 10
32 34 3
32 43 -7
32 39 6
32 74 -10
32 75 8
32 67 -4
32 42 -2
32 72 -6
32 55 1
32 69 -6
32 73 -6
32 57 9
32 66 -2
32 71 5
33 40 3
33 42 -8
33 66 -7
33 73 10
33 72 -3
33 63 -3
33 65 -2
33 75 4
33 64 8
33 53 -4
33 37 -8
33 57 3
33 74 6
33 58 -2
33 55 1
33 45 3
33 49 -6
33 48 -10
33 39 -8
33 69 -8
33 41 10
33 67 8
33 43 4
33 71 3
34 57 -7
34 46 -9
34 51 0
34 52 -3
34 67 7
34 54 -5
34 59 5
34 62 2
34 53 1
34 63 10
34 66 3
34 48 -8
34 35 5
34 55 -10
34 71 1
34 36 -5
34 45 0
34 64 -4
34 60 -2
34 41 -2
34 65 -5
34 56 -4
34 73 10
34 68 -9
35 55 9
35 37 4
35 44 10
35 61 -5
35 70 9
35 46 -10
35 45 0
35 58 4
35 36 2
35 69 8
35 42 7
35 74 1
35 40 2
35 71 0
35 38 5
35 39 -3
35 59 0
35 49 -1
35 50 6
35 41 -2
35 68 6
35 73 2
36 48 -3
36 39 -3
36 72 -2
36 62 10
36 43 -3
36 64 10
36 66 -8
36 73 0
36 55 -3
36 38 -9
36 63 3
36 57 -2
36 75 -7
36 56 9
36 51 8
36 59 -10
37 64 10
37 52 1
37 53 7
37 54 6
37 58 8
37 42 -2
37 70 5
37 73 10
37 68 -2
37 47 -9
37 63 9
37 67 10
37 51 9
37 66 5
37 62 8
37 61 8
37 56 -8
37 40 7
37 72 -8
37 65 -10
37 49 1
37 44 -10
37 57 0
37 41 -8
38 41 1
38 75 3
38 73 -1
38 53 9
38 46 1
38 52 5
38 45 10
38 67 -1
38 54 -2
38 74 1
38 44 0
39 74 1
39 55 2
39 45 3
39 50 -1
39 70 -6
39 53 10
39 57 -8
39 44 2
39 42 10
39 46 7
39 48 9
39 71 1
39 75 -2
39 67 -5
39 40 -9
39 56 -1
39 43 -10
39 41 -10
39 51 10
39 73 3
39 54 -2
40 62 -9
40 66 -9
40 49 -9
40 74 -3
40 47 9
40 55 -5
40 51 -5
40 59 -7
40 68 -7
40 73 4
40 67 -3
40 70 1
40 71 -2
40 42 -1
40 60 -1
40 56 -6
40 63 1
41 51 0
41 54 8
41 64 -1
41 72 -9
41 56 7
41 62 9
41 67 -10
41 49 4
41 52 9
41 59 -1
41 50 1
41 65 -5
41 45 1
41 60 0
41 68 10
41 70 9
42 64 -3
42 72 5
42 50 -2
42 59 -3
42 43 1
42 67 1
42 55 -10
42 45 -4
42 44 5
42 46 -7
42 47 -8
42 52 -9
42 69 6
42 65 -4
42 74 1
42 51 10
43 61 1
43 66 0
43 53 -10
43 52 0
43 58 1
43 51 10
43 75 1
43 68 5
43 60 -7
43 45 9
43 44 -6
43 72 -4
43 63 9
43 50 6
44 65 -9
44 69 -7
44 53 -10
44 66 -8
44 62 7
44 56 -3
44 75 7
44 68 -1
44 45 9
44 63 -8
44 46 -5
44 73 5
44 64 -1
45 61 0
45 69 7
45 51 -8
45 55 -8
45 63 -3
45 72 0
45 54 2
45 68 2
45 64 7
45 60 3
45 67 -8
45 57 -6
45 74 3
45 62 -3
45 46 -1
46 72 2
46 60 -6
46 64 3
46 50 8
46 71 5
46 63 -2
46 75 5
46 69 7
46 54 5
46 57 -1
47 66 -8
47 60 -10
47 72 2
47 73 4
47 69 -9
47 56 -9
47 51 6
47 75 5
47 57 10
47 52 8
47 68 7
47 58 7
47 48 -2
47 55 10
47 54 8
48 67 -1
48 64 9
48 75 -1
48 73 10
48 57 0
48 62 -9
48 69 -4
48 61 -9
48 55 9
48 65 3
49 75 -1
49 67 5
49 71 3
49 74 5
49 64 -9
49 73 8
49 66 -9
49 60 -8
50 72 3
50 75 7
50 53 -9
50 65 10
50 67 -4
50 60 9
50 51 6
50 73 -3
50 66 5
50 69 -6
50 63 3
50 54 -9
50 64 3
51 71 -4
51 53 9
51 54 9
51 58 2
51 57 -2
51 63 3
51 60 -10
51 73 0
51 69 3
51 65 6
51 52 -8
51 68 2
51 59 1
51 75 -1
51 55 5
51 56 -2
51 62 9
52 59 8
52 64 8
52 58 2
52 53 -1
52 71 7
52 68 0
52 67 -9
52 66 9
52 74 7
53 73 0
53 54 -9
53 67 7
53 60 -6
53 58 9
53 57 9
53 74 2
53 59 -7
53 70 5
53 71 7
54 61 -9
54 75 -8
54 73 3
54 58 -9
54 63 9
54 72 -3
54 74 6
54 64 -10
54 59 -1
54 69 -4
55 68 6
55 67 -9
55 59 9
55 69 -8
55 73 10
55 70 9
55 63 6
55 57 10
55 75 0
55 61 -7
55 74 -1
55 56 0
55 60 5
55 72 -10
55 64 4
56 63 5
56 60 -1
56 59 7
56 65 -5
56 69 6
56 57 8
56 70 9
56 58 5
56 62 4
56 71 1
56 68 10
57 67 8
57 62 -5
57 59 6
57 60 -2
57 73 8
57 69 -6
57 71 -7
57 72 -7
57 66 0
57 58 -4
58 75 -6
58 74 5
58 73 4
58 70 1
59 68 -10
59 74 3
59 72 -7
59 63 -7
59 61 3
59 67 2
59 65 -4
59 71 -8
59 70 7
59 64 7
60 63 -4
60 64 7
60 65 -7
60 62 7
60 74 -5
60 70 -4
60 61 -10
61 73 -2
61 74 3
61 63 -6
61 67 10
61 72 -8
61 71 1
61 69 -2
61 70 9
61 66 -9
62 70 -8
62 69 4
62 63 -6
62 65 2
62 75 9
62 66 3
63 66 -3
63 67 -6
63 75 -9
63 69 -9
64 67 8
64 70 3
64 68 -7
64 66 2
64 75 -9
64 74 3
65 70 0
65 69 8
65 75 10
66 73 4
66 75 -1
66 69 -8
67 68 -3
67 71 0
67 74 7
67 73 -2
67 70 -9
68 71 -4
68 73 -5
69 74 -9
69 72 -1
70 72 -1
70 71 4
70 75 -7
71 73 4
71 75 9
73 75 2
73 74 -8
