75 1388 
1 35 -10
1 19 -2
1 4 10
1 53 -10
1 72 -5
1 9 10
1 33 1
1 5 8
1 50 8
1 74 0
1 31 -5
1 44 -10
1 41 6
1 39 -2
1 36 3
1 12 -1
1 60 8
1 49 6
1 16 -5
1 69 8
1 3 -5
1 62 -7
1 66 1
1 61 -6
1 40 9
1 56 -8
1 32 -4
1 68 -2
1 52 1
1 63 -4
1 28 -7
1 71 10
1 27 -2
1 45 -5
2 10 -2
2 39 0
2 6 -4
2 11 -9
2 3 1
2 49 10
2 53 -6
2 62 -7
2 40 -3
2 44 3
2 70 8
2 36 -3
2 56 1
2 28 1
2 41 0
2 21 4
2 32 5
2 72 5
2 23 8
2 64 8
2 66 7
2 52 7
2 31 7
2 55 1
2 29 -6
2 73 3
2 50 -8
2 58 3
2 37 9
2 5 8
2 8 -8
2 33 10
2 47 4
2 20 -3
2 43 8
2 12 10
2 57 -3
3 8 -7
3 58 10
3 18 7
3 57 -10
3 7 6
3 24 -3
3 43 -3
3 66 -1
3 50 -4
3 13 2
3 16 -1
3 61 9
3 19 5
3 49 8
3 60 -10
3 72 -9
3 21 -8
3 28 -2
3 6 -2
3 71 -3
3 53 -1
3 14 1
3 45 4
3 63 -6
3 30 5
3 11 9
3 37 -1
3 67 10
3 69 0
3 75 7
3 62 -6
3 12 6
3 52 5
3 20 1
3 34 8
3 44 0
3 48 7
3 31 -1
4 5 -8
4 36 -2
4 13 10
4 61 -7
4 68 -6
4 44 -2
4 19 -3
4 55 1
4 32 6
4 74 2
4 73 -5
4 57 8
4 75 10
4 71 9
4 49 10
4 12 -6
4 62 -10
4 51 -1
4 28 -10
4 9 -9
4 21 -2
4 35 -7
4 14 2
4 31 0
4 41 5
4 27 -1
4 46 10
4 63 0
4 10 -8
4 16 -5
4 54 6
4 18 -6
4 70 -5
4 25 -4
5 10 8
5 8 -6
5 50 7
5 73 -1
5 57 9
5 41 6
5 7 -3
5 65 5
5 33 10
5 11 8
5 51 5
5 68 5
5 37 8
5 42 10
5 66 5
5 36 8
5 56 5
5 52 10
5 9 7
5 43 0
5 30 -8
5 53 4
5 62 7
5 20 6
5 35 -3
5 70 6
5 64 -7
5 15 -6
5 29 -1
5 28 9
5 45 -5
5 19 -1
5 38 8
5 32 3
5 27 7
5 69 0
5 34 -6
5 74 -5
5 60 10
5 58 9
5 61 -5
6 55 2
6 29 -2
6 64 9
6 49 3
6 59 1
6 25 4
6 32 -6
6 47 7
6 62 -1
6 17 -5
6 68 -5
6 50 -8
6 60 8
6 35 -1
6 8 7
6 9 -8
6 30 -1
6 33 -6
6 42 0
6 67 -8
6 20 6
6 16 0
6 63 -6
6 14 9
6 36 7
6 65 6
6 39 4
6 56 10
6 44 -4
6 31 8
6 54 6
7 74 4
7 34 6
7 57 -10
7 44 3
7 37 2
7 26 -6
7 25 -8
7 73 5
7 71 5
7 45 -8
7 18 -9
7 41 -10
7 64 6
7 49 2
7 32 10
7 31 -1
7 60 -3
7 68 7
7 52 -1
7 38 9
7 14 5
7 58 9
7 33 2
7 47 8
7 46 2
7 70 -6
7 21 -3
7 17 9
7 39 -6
7 54 5
7 65 4
7 29 5
7 50 -7
7 30 -7
7 67 -7
7 59 1
7 22 -7
7 40 4
8 16 2
8 56 -1
8 73 -4
8 20 -10
8 28 -7
8 68 -4
8 9 3
8 66 -9
8 32 -1
8 42 -2
8 27 -10
8 69 -4
8 72 2
8 25 5
8 44 -3
8 35 -9
8 46 3
8 13 -6
8 47 -2
8 15 -6
8 71 -8
8 18 9
8 12 10
8 33 -6
8 63 1
8 30 6
8 23 9
8 52 -8
8 55 -9
8 21 7
8 39 -10
8 14 -8
8 64 5
8 43 -9
9 68 6
9 65 -4
9 28 0
9 45 4
9 33 7
9 36 4
9 15 7
9 64 -2
9 25 -3
9 66 4
9 48 7
9 40 6
9 67 -5
9 61 9
9 22 -6
9 49 10
9 58 -4
9 38 -9
9 51 10
9 54 -9
9 30 2
9 52 10
9 71 7
9 55 -4
9 31 -9
9 46 -5
9 12 1
9 74 -9
9 57 -6
9 32 -10
9 18 -7
9 24 -4
9 47 8
9 56 6
9 11 -8
9 13 -1
10 19 0
10 34 6
10 26 3
10 14 -4
10 75 10
10 28 -6
10 59 6
10 22 1
10 72 -3
10 12 2
10 38 8
10 44 9
10 39 1
10 67 -10
10 20 5
10 69 5
10 21 6
10 52 6
10 68 4
10 47 7
10 63 -6
10 45 6
10 71 5
10 55 7
10 66 0
10 18 5
10 56 10
10 73 4
10 31 -2
10 13 0
10 11 -7
10 42 1
10 24 10
10 61 -9
10 36 -10
11 16 -10
11 58 2
11 53 -7
11 26 -8
11 39 -2
11 51 -1
11 19 -9
11 36 0
11 70 -9
11 12 -6
11 42 5
11 61 -9
11 65 -8
11 13 -4
11 43 -8
11 52 1
11 23 4
11 48 -4
11 31 -1
11 35 5
11 25 7
11 54 -9
11 72 -5
11 38 -9
11 40 -2
11 17 0
11 14 3
11 56 -1
11 30 5
11 32 7
11 71 -5
11 50 -10
12 35 10
12 72 3
12 47 -7
12 20 2
12 54 9
12 16 4
12 38 -8
12 51 -6
12 50 9
12 68 6
12 18 -4
12 60 0
12 40 10
12 46 -6
12 74 -3
12 26 -6
12 32 6
12 24 4
12 31 -5
12 57 -8
12 48 3
12 44 6
12 49 3
12 15 -10
12 28 2
12 41 -2
12 36 4
12 75 -7
12 27 8
12 39 -6
12 61 2
13 24 3
13 21 -4
13 54 -10
13 25 -1
13 26 -3
13 63 1
13 22 1
13 37 5
13 17 2
13 68 3
13 30 7
13 43 9
13 74 -1
13 73 -3
13 18 -4
13 50 -2
13 72 -10
13 28 -8
13 29 9
13 44 7
13 70 -5
13 59 -8
13 66 7
13 23 -3
13 16 7
13 31 8
13 62 9
13 64 -7
13 20 8
13 19 5
13 40 1
14 54 1
14 34 -5
14 33 9
14 43 -1
14 37 10
14 42 -8
14 63 6
14 64 7
14 49 3
14 47 9
14 25 -7
14 17 7
14 30 5
14 18 0
14 53 7
14 67 1
14 20 4
14 41 -5
14 21 8
14 40 -5
14 59 1
14 66 -7
14 69 10
14 48 2
14 26 6
14 24 4
14 39 10
14 74 10
14 15 1
15 42 10
15 71 1
15 40 1
15 18 4
15 27 8
15 20 1
15 52 1
15 48 0
15 75 -5
15 28 -9
15 73 -6
15 60 -3
15 72 -1
15 19 4
15 26 2
15 46 -5
15 51 1
15 22 10
15 47 -8
15 55 8
15 30 9
15 64 2
15 37 8
15 45 5
15 67 2
15 41 -2
15 38 2
15 65 -1
15 49 8
15 32 3
16 50 -4
16 73 10
16 48 8
16 45 5
16 43 -4
16 40 10
16 65 -9
16 33 -3
16 37 -3
16 26 -8
16 51 2
16 61 10
16 49 -3
16 74 10
16 58 -9
16 39 -1
16 25 -4
16 47 -7
16 66 -7
16 52 -5
16 71 10
16 44 9
16 23 -9
16 53 9
16 72 6
16 17 -5
16 35 -10
16 22 -8
16 41 -1
16 56 -9
17 24 -6
17 74 2
17 26 -2
17 30 0
17 49 -3
17 56 4
17 71 -1
17 48 -4
17 31 3
17 39 4
17 67 8
17 75 4
17 25 -2
17 41 -1
17 29 -3
17 32 1
17 34 3
17 66 7
17 53 -6
17 20 -2
17 35 -5
17 45 2
17 59 -3
17 21 -2
17 19 2
18 52 -3
18 61 -2
18 73 -5
18 32 -4
18 31 -4
18 48 6
18 67 0
18 56 -9
18 39 9
18 38 -2
18 24 10
18 27 2
18 75 6
18 57 3
18 74 0
18 68 10
18 49 -9
18 66 3
18 36 -4
18 30 -7
18 46 -8
18 28 -8
18 34 2
18 40 -9
18 33 -9
18 41 4
18 35 5
18 63 1
18 20 -8
18 45 -4
19 28 2
19 66 -4
19 75 -1
19 48 5
19 21 3
19 23 -2
19 72 2
19 51 -3
19 43 3
19 37 7
19 20 10
19 29 -9
19 41 -8
19 40 2
19 68 2
19 31 4
19 67 -3
19 34 3
19 59 -5
19 53 0
19 22 -1
19 73 5
19 50 4
19 44 -3
19 62 -1
19 74 0
19 69 -8
19 46 6
19 57 -3
19 30 1
20 51 8
20 54 0
20 21 -10
20 70 8
20 69 9
20 25 3
20 39 -2
20 59 8
20 29 8
20 45 8
20 61 -2
20 48 -4
20 55 -9
20 34 9
20 53 7
20 37 8
20 75 4
20 73 -9
20 52 -5
20 31 8
20 68 -2
20 57 2
20 27 -9
20 41 6
20 49 9
20 58 -10
20 28 -9
20 36 -7
21 35 2
21 36 -3
21 43 -6
21 50 9
21 47 8
21 53 -6
21 41 -8
21 51 10
21 32 -1
21 31 0
21 40 8
21 73 -6
21 59 -1
21 75 6
21 65 -2
21 61 -5
21 42 2
21 24 -6
21 62 -3
21 72 4
21 55 3
21 60 5
21 63 6
21 33 -6
21 29 3
21 49 -10
21 64 -1
21 46 -4
21 27 7
22 45 -1
22 75 7
22 63 -8
22 42 3
22 55 3
22 70 7
22 54 -2
22 24 -5
22 28 2
22 47 -3
22 72 -10
22 68 9
22 53 -3
22 23 -2
22 46 -8
22 27 7
22 34 5
22 52 5
22 38 9
22 57 -7
22 41 -3
22 66 -8
22 49 4
22 61 4
23 55 4
23 69 -9
23 53 9
23 42 -8
23 61 6
23 68 -7
23 48 0
23 52 4
23 63 -7
23 58 -9
23 50 7
23 30 -6
23 72 -10
23 39 -2
23 32 -2
23 27 -4
23 62 -10
23 67 2
23 25 -7
23 75 5
23 73 -7
24 65 -8
24 70 4
24 73 -2
24 39 -4
24 57 8
24 69 4
24 30 -8
24 44 -10
24 52 -5
24 43 10
24 74 3
24 26 10
24 49 9
24 48 3
24 71 -4
24 32 8
24 31 7
24 63 -9
24 37 2
24 28 0
24 34 4
24 56 1
24 60 0
24 62 -4
25 65 4
25 27 -9
25 71 -3
25 26 0
25 74 -1
25 45 10
25 42 -10
25 69 1
25 40 -9
25 54 10
25 34 9
25 73 10
25 50 -4
25 63 -8
25 52 -1
25 67 10
25 49 4
25 38 4
25 32 -2
26 30 8
26 43 -4
26 40 -3
26 75 8
26 68 -4
26 34 -10
26 54 10
26 65 2
26 37 7
26 57 7
26 74 -5
26 50 -5
26 47 7
26 69 9
26 62 -9
26 51 -2
26 46 2
26 55 -1
26 28 -7
26 31 2
26 41 8
26 44 -2
26 72 -10
26 27 8
26 35 -4
27 37 3
27 28 10
27 43 -5
27 36 -8
27 69 0
27 65 -1
27 44 -1
27 64 8
27 68 -3
27 74 2
27 72 -10
27 42 -4
27 67 6
27 52 -1
27 71 -10
27 30 -4
27 59 -3
27 35 10
27 66 -1
27 41 -2
27 51 2
27 75 3
27 60 -6
27 29 3
27 33 -8
27 40 -1
28 54 5
28 49 5
28 64 9
28 67 -5
28 48 6
28 29 3
28 41 -3
28 30 0
28 56 3
28 47 -6
28 66 9
28 43 -10
28 42 -7
28 31 7
28 65 1
28 37 1
28 60 1
28 58 -8
28 61 -8
28 32 -6
28 73 -8
28 70 -3
29 59 -1
29 45 10
29 67 -2
29 60 6
29 65 8
29 47 -5
29 74 -8
29 58 4
29 46 -10
29 73 -2
29 62 6
29 50 7
29 30 -9
29 57 4
29 36 4
29 32 -8
29 70 7
29 54 5
29 33 -2
29 31 9
29 43 10
30 37 -6
30 32 2
30 56 -8
30 35 7
30 52 3
30 48 2
30 63 3
30 66 -5
30 65 3
30 55 -6
30 74 10
30 33 10
30 31 8
30 40 -1
30 44 -8
30 34 3
30 45 3
30 69 4
30 67 -3
30 49 4
30 53 3
30 38 -4
30 73 -8
30 51 -6
30 57 -6
30 61 -7
31 52 -6
31 39 -1
31 70 -3
31 40 -8
31 68 -5
31 34 -7
31 56 -3
31 63 4
31 32 -7
31 38 8
31 37 9
31 59 -5
31 61 7
31 54 5
31 51 -5
31 48 -9
31 36 -8
31 57 9
31 55 -10
31 58 9
31 69 9
32 60 9
32 72 -9
32 52 6
32 75 -3
32 34 -6
32 42 -6
32 58 -10
32 71 10
32 37 -7
32 38 6
32 43 4
32 35 -4
32 47 -6
32 57 2
32 51 1
32 36 -9
32 41 3
32 66 10
32 53 3
32 33 -10
33 69 0
33 65 6
33 74 -6
33 63 -6
33 66 2
33 39 -6
33 46 0
33 48 -1
33 58 -7
33 36 0
33 72 7
33 50 7
33 45 7
33 49 5
33 70 3
33 44 8
33 35 1
33 40 -6
33 61 -2
33 41 -4
34 40 5
34 65 -4
34 54 -6
34 55 -10
34 64 1
34 67 10
34 37 9
34 53 -1
34 52 -9
34 43 2
34 68 8
34 74 -3
34 46 2
34 70 9
34 48 -4
34 35 -2
34 73 0
34 50 -1
34 60 4
34 38 2
34 45 9
34 62 9
34 57 8
34 61 10
34 75 5
34 58 0
34 47 10
35 71 8
35 44 0
35 47 -2
35 53 9
35 69 -4
35 37 -4
35 49 2
35 43 -5
35 75 4
35 66 1
35 72 -10
35 40 -1
35 39 5
35 42 -8
35 62 10
35 46 -3
35 58 -5
35 48 8
35 45 5
35 54 -8
35 64 1
35 60 4
35 41 -2
35 74 -3
35 68 -8
36 48 -8
36 53 -3
36 50 -9
36 71 5
36 54 -3
36 40 -8
36 60 4
36 47 -5
36 72 10
36 38 -4
36 56 8
36 57 10
36 68 -8
36 65 3
36 58 -8
36 39 -10
36 66 5
36 75 -8
36 63 7
36 64 -4
36 70 -9
36 42 -3
36 51 1
36 67 -1
37 67 -8
37 40 -9
37 50 -5
37 74 -8
37 70 10
37 56 -6
37 43 -1
37 51 -4
37 45 -10
37 69 5
37 73 4
37 60 -8
37 53 0
37 42 -3
37 75 -5
37 61 4
38 72 0
38 54 3
38 75 -1
38 43 -2
38 62 -10
38 50 -3
38 68 10
38 70 -5
38 48 -9
38 71 9
38 57 -5
38 51 4
38 67 0
38 46 -9
38 56 3
38 58 7
38 41 -4
39 58 -1
39 73 -4
39 46 4
39 66 -3
39 56 -1
39 71 -9
39 68 -4
39 43 3
39 53 9
39 49 -4
39 63 7
39 62 10
39 61 -8
39 52 -4
39 65 5
39 54 6
39 41 -6
39 40 -4
40 45 -8
40 66 -10
40 75 -2
40 70 2
40 48 -2
40 61 -9
40 53 5
40 68 -1
40 67 4
40 55 8
40 63 -3
40 47 -4
40 59 4
40 74 4
40 44 10
40 60 6
40 69 -2
40 73 4
40 46 -8
41 73 5
41 72 -4
41 61 -2
41 66 -3
41 69 5
41 56 -2
41 62 -4
41 51 -6
41 55 -10
41 48 9
41 45 -5
41 42 -5
41 50 0
41 58 7
41 60 3
41 57 -6
42 53 -2
42 48 -7
42 70 8
42 55 1
42 72 0
42 59 1
42 58 5
42 46 2
42 62 9
42 65 -4
42 68 -5
42 51 -6
42 67 4
42 66 5
42 69 -9
42 54 8
43 73 -3
43 55 -5
43 53 6
43 63 -10
43 58 -6
43 54 4
43 75 -1
43 74 -1
43 49 -1
43 57 -5
43 67 2
43 69 8
43 51 -4
43 64 7
43 71 7
44 63 2
44 56 -2
44 67 -3
44 58 4
44 72 -8
44 68 -7
44 64 -3
44 71 -7
44 53 -1
44 46 0
44 74 -2
44 59 8
44 69 4
44 73 -2
44 62 9
44 66 10
44 45 10
44 54 -9
45 46 7
45 63 10
45 74 4
45 55 -3
45 60 -2
45 52 4
45 47 8
45 67 -7
45 51 3
45 62 -5
45 70 -10
45 64 -3
45 72 -8
45 57 -2
45 73 4
45 61 7
45 71 -8
45 54 0
46 66 -9
46 53 -10
46 48 0
46 57 -3
46 56 -9
46 68 8
46 74 -1
46 60 -2
46 47 7
46 70 0
46 72 -3
46 75 1
46 51 3
47 49 -8
47 71 -3
47 67 -2
47 54 2
47 57 -6
47 74 3
47 53 -6
47 56 -3
47 64 0
47 65 -5
47 60 5
47 70 3
47 73 5
47 48 2
47 62 1
47 72 3
47 55 -4
48 65 -6
48 58 -10
48 61 -6
48 52 3
48 55 0
48 56 -4
48 63 0
48 68 -5
48 54 -5
48 71 -5
48 74 6
48 64 -10
48 69 -8
48 72 -4
48 51 8
49 73 -5
49 69 1
49 65 6
49 71 1
49 51 -9
49 68 -9
49 57 2
49 74 10
49 66 -8
49 70 6
49 63 6
49 59 -4
50 58 -4
50 61 0
50 73 4
50 53 2
50 68 2
50 59 5
50 54 -1
50 56 4
50 75 0
50 60 4
50 64 4
50 70 -4
51 59 -2
51 74 5
51 56 -5
51 60 9
51 64 -9
51 63 -1
51 52 -6
51 67 10
51 70 -10
52 67 7
52 55 -2
52 64 5
52 70 -4
52 71 10
52 63 0
52 62 2
52 68 -2
52 56 -8
52 73 0
52 72 2
52 58 0
53 65 -3
53 64 -8
53 67 8
53 69 1
53 74 9
53 72 5
53 70 -10
54 67 5
54 56 -8
54 59 7
54 57 -8
54 74 -7
54 55 -2
54 65 1
55 68 -8
55 67 -10
55 58 -5
55 69 -5
55 59 5
55 75 7
55 71 9
55 61 5
55 70 -7
56 57 -8
56 59 -9
56 60 -2
56 72 0
56 63 7
56 64 -3
56 73 -9
56 70 -10
56 65 -2
57 70 -6
57 60 -9
57 64 -5
57 69 0
57 67 0
57 59 -10
57 66 -9
57 63 -7
57 65 -3
58 68 5
58 73 0
58 62 -9
58 61 8
58 64 4
58 66 -5
59 61 0
59 65 10
59 68 -2
59 67 -3
59 62 1
59 71 -3
60 65 4
60 70 5
60 73 6
60 62 -4
60 69 6
60 75 5
60 66 -9
60 71 -5
61 62 2
61 63 4
61 68 -10
61 65 3
61 73 -2
62 71 2
62 67 3
62 68 3
62 73 8
62 64 8
62 65 5
62 72 1
63 68 -4
63 64 -7
63 75 2
63 67 -7
63 71 9
63 72 6
63 70 4
63 74 7
64 65 -8
64 69 7
64 68 10
64 72 2
64 71 1
65 75 -7
65 70 -6
65 66 -4
65 67 7
65 71 2
65 68 6
66 69 -10
66 72 -3
66 67 -7
66 68 1
66 71 5
67 68 -1
67 69 6
67 70 -1
67 74 2
67 71 -3
68 71 -3
68 72 6
68 70 10
69 75 -1
69 70 8
69 72 -10
70 75 -3
70 72 2
70 71 -9
71 75 6
71 73 -10
72 75 1
72 73 1
72 74 -3
74 75 6
