75 1388 
1 15 1
1 33 -7
1 42 8
1 62 9
1 54 8
1 41 7
1 64 -3
1 67 1
1 73 10
1 21 1
1 17 -9
1 40 5
1 55 4
1 23 5
1 8 -5
1 22 -9
1 2 -1
1 38 9
1 44 -10
1 32 10
1 37 10
1 61 5
1 19 0
1 53 6
1 30 9
1 56 -7
1 65 -9
1 48 7
1 66 -10
1 57 -4
1 74 2
1 50 2
1 7 1
1 46 -10
1 60 1
1 20 -5
1 47 -2
1 34 7
1 51 -8
1 75 0
2 54 -2
2 31 -2
2 63 7
2 16 -8
2 46 -3
2 60 0
2 38 4
2 10 2
2 20 9
2 59 1
2 28 4
2 26 5
2 55 0
2 42 -8
2 35 6
2 41 3
2 70 3
2 72 1
2 66 8
2 58 5
2 74 -5
2 19 -9
2 9 0
2 65 4
2 56 -2
2 6 -3
2 69 -3
2 24 -6
2 62 -7
2 39 2
2 14 1
2 29 2
2 49 0
2 67 9
2 68 1
2 23 -5
2 5 0
2 15 8
3 33 3
3 74 9
3 47 3
3 27 -1
3 48 -9
3 30 -5
3 13 4
3 28 -4
3 12 -7
3 57 -2
3 38 -5
3 50 5
3 24 -2
3 44 2
3 64 2
3 60 4
3 72 3
3 49 10
3 68 -1
3 16 -6
3 10 1
3 71 5
3 35 -3
3 70 3
3 75 -7
3 67 -8
3 54 1
3 37 5
3 25 8
3 73 8
3 26 3
3 21 7
3 8 -1
3 51 5
3 52 0
3 29 1
3 61 10
4 29 -3
4 14 1
4 74 -9
4 41 9
4 66 4
4 35 2
4 13 2
4 34 8
4 18 5
4 19 -2
4 26 4
4 73 9
4 71 0
4 28 10
4 55 -6
4 7 4
4 69 5
4 75 6
4 60 -9
4 63 -4
4 37 9
4 32 -7
4 45 -1
4 10 6
4 20 9
4 30 3
4 52 1
4 27 6
4 72 5
4 64 8
4 22 6
4 49 -1
4 51 1
4 43 -4
4 11 10
5 71 4
5 22 -8
5 37 10
5 57 -1
5 18 2
5 60 6
5 11 -8
5 16 4
5 56 3
5 10 5
5 34 -4
5 31 5
5 62 0
5 17 8
5 50 1
5 35 -4
5 19 2
5 39 1
5 64 -5
5 66 8
5 53 3
5 43 5
5 74 10
5 8 6
5 44 -3
5 25 -5
5 75 4
5 14 6
5 49 5
5 54 -9
5 29 1
5 68 9
5 6 8
5 67 2
5 65 3
5 27 7
5 33 -3
5 36 -5
6 7 -4
6 50 -7
6 60 -5
6 28 10
6 58 -2
6 71 -8
6 70 7
6 68 9
6 12 -8
6 8 -7
6 75 -3
6 49 -3
6 21 9
6 52 -8
6 41 -10
6 38 -3
6 13 -7
6 55 -8
6 72 3
6 36 -2
6 74 2
6 69 10
6 24 0
6 51 1
6 22 6
6 18 -5
6 45 6
6 26 -6
6 27 -9
6 61 6
6 35 -8
6 16 -6
6 25 3
7 43 3
7 44 -5
7 11 -6
7 35 -4
7 59 4
7 49 -1
7 66 -7
7 9 -6
7 61 1
7 55 -9
7 69 5
7 13 -4
7 16 -1
7 47 4
7 57 -7
7 37 -7
7 64 0
7 31 8
7 15 7
7 71 2
7 23 9
7 36 -5
7 40 -1
7 68 6
7 65 10
7 46 -4
7 54 -9
7 22 2
7 38 10
7 42 -2
7 26 7
7 25 4
7 14 9
7 74 -6
7 33 -9
7 12 2
7 50 -2
7 39 0
7 53 -2
8 70 8
8 11 0
8 18 5
8 71 7
8 60 -5
8 51 -1
8 33 -8
8 10 8
8 15 -2
8 47 -4
8 26 4
8 20 -3
8 39 1
8 32 10
8 59 2
8 66 6
8 52 -10
8 53 9
8 23 9
8 64 -1
8 31 -1
8 28 -5
8 29 8
8 58 -7
8 42 8
8 69 -7
8 24 10
8 46 0
8 16 0
8 43 -3
8 19 10
8 27 7
8 55 -7
8 45 8
8 49 -6
8 34 6
9 68 -9
9 41 -4
9 66 5
9 50 8
9 45 3
9 42 -1
9 59 -2
9 21 10
9 46 -5
9 48 -4
9 40 -4
9 44 -9
9 73 4
9 51 -10
9 69 8
9 17 9
9 25 10
9 60 -3
9 61 -4
9 72 -1
9 11 -1
9 54 -8
9 29 3
9 74 9
9 20 8
9 37 10
9 63 7
9 19 -10
9 14 -1
9 47 10
10 44 6
10 37 5
10 56 5
10 22 8
10 13 6
10 57 -9
10 32 -3
10 58 5
10 41 -9
10 55 5
10 75 1
10 23 -3
10 35 -8
10 19 -6
10 31 10
10 33 1
10 40 -10
10 26 4
10 63 8
10 24 9
10 46 -3
10 38 6
10 72 3
10 68 -9
10 47 -3
10 39 1
10 18 -2
10 61 5
11 20 -10
11 18 -9
11 46 4
11 36 -4
11 13 -2
11 71 7
11 42 7
11 43 3
11 44 -7
11 14 6
11 72 -6
11 28 -1
11 73 0
11 39 7
11 49 2
11 41 -7
11 53 2
11 62 -2
11 40 -5
11 25 -5
11 51 -1
11 30 3
11 29 -10
11 24 -10
12 16 8
12 22 4
12 52 6
12 30 -8
12 35 4
12 42 1
12 15 -10
12 24 10
12 21 -7
12 19 -2
12 33 -4
12 27 9
12 59 -9
12 54 4
12 55 0
12 23 -8
12 32 6
12 62 2
12 68 -7
12 29 -7
12 18 -2
12 45 5
12 34 10
12 58 10
12 75 -1
12 57 7
12 14 7
12 37 2
12 40 8
12 53 -4
12 65 10
12 46 9
13 52 -10
13 71 10
13 39 -1
13 29 -5
13 54 4
13 37 10
13 31 8
13 15 -8
13 41 1
13 32 0
13 44 0
13 63 8
13 18 -2
13 34 -5
13 56 -9
13 25 -2
13 14 -1
13 45 7
13 64 -3
13 68 6
13 50 6
13 19 -8
13 22 6
13 42 -6
14 35 -9
14 57 5
14 19 8
14 31 -7
14 20 -7
14 39 8
14 63 7
14 52 -2
14 73 -3
14 40 -7
14 27 -7
14 17 -3
14 29 5
14 48 2
14 42 -9
14 47 3
14 37 -4
14 75 2
14 65 -3
14 66 4
14 54 10
14 69 -10
14 45 -3
14 16 2
14 38 -7
14 32 5
14 26 -6
14 67 5
14 71 -9
14 70 -7
14 59 -5
14 55 6
14 36 -9
15 18 -5
15 46 8
15 17 5
15 68 10
15 47 -10
15 60 -9
15 42 -5
15 69 -4
15 28 2
15 75 7
15 16 7
15 29 6
15 71 -9
15 36 5
15 74 10
15 44 6
15 19 -6
15 73 0
15 53 -7
15 48 -5
15 58 7
15 64 6
15 24 -5
15 56 -10
15 54 -4
15 22 -2
15 65 10
15 43 -4
15 55 8
15 39 7
15 45 2
16 40 -10
16 23 10
16 18 1
16 70 1
16 55 -4
16 49 0
16 73 3
16 60 -7
16 72 -7
16 38 8
16 42 2
16 24 6
16 32 -8
16 39 -7
16 51 9
16 69 10
16 52 6
16 26 -2
16 58 1
16 31 7
16 19 2
16 29 10
16 35 2
16 20 6
16 30 -7
16 54 -6
16 56 7
16 28 -6
16 25 -4
16 27 4
16 47 -10
16 21 -5
16 71 1
17 49 2
17 55 -6
17 58 -4
17 42 -10
17 56 -6
17 61 4
17 26 -6
17 69 10
17 54 7
17 62 -6
17 38 -3
17 18 2
17 30 -4
17 36 -6
17 43 -4
17 70 -6
17 20 6
17 35 -10
17 22 -7
17 48 -6
17 39 0
17 32 -3
17 73 4
17 33 -10
17 34 -10
18 30 3
18 48 8
18 31 3
18 56 -4
18 61 9
18 60 2
18 57 9
18 26 9
18 59 8
18 55 2
18 67 4
18 52 -2
18 29 7
18 66 4
18 69 -7
18 40 -8
18 41 0
18 44 -7
18 51 4
18 65 -3
18 45 -5
18 22 -1
18 62 -9
18 64 3
18 23 9
18 38 1
18 25 8
19 23 -1
19 60 -5
19 37 2
19 72 -9
19 62 4
19 54 -10
19 26 1
19 39 2
19 61 3
19 55 -7
19 68 -8
19 41 -3
19 34 1
19 27 -3
19 71 1
19 70 -2
19 25 -5
19 35 3
20 73 7
20 24 -5
20 43 -4
20 35 8
20 75 3
20 22 4
20 46 10
20 57 -10
20 45 -8
20 23 -8
20 56 8
20 33 3
20 60 -3
20 51 -8
20 48 -1
20 44 9
20 31 8
20 66 8
20 67 7
20 37 4
20 58 -4
20 21 4
21 57 -5
21 38 0
21 46 5
21 25 -1
21 42 5
21 43 -4
21 36 2
21 27 9
21 59 -2
21 37 6
21 54 9
21 33 9
21 63 8
21 74 -3
21 26 -2
21 56 -6
21 50 2
21 35 4
21 58 -9
21 67 -9
21 48 -7
21 45 9
21 75 -2
21 29 5
21 66 4
21 31 -4
21 24 1
22 60 4
22 61 8
22 42 10
22 58 -8
22 53 1
22 65 10
22 62 4
22 32 -7
22 31 7
22 74 -5
22 56 0
22 29 -9
22 39 -7
22 28 -2
22 50 9
22 73 -2
22 40 10
22 70 9
22 41 1
22 35 8
22 68 8
22 57 -3
22 71 7
22 48 4
22 24 -4
22 59 -8
22 46 -10
22 23 -4
22 54 0
22 27 10
22 75 -9
22 30 2
22 45 1
22 37 5
22 52 -7
22 33 5
23 58 9
23 52 5
23 32 -4
23 62 7
23 43 -10
23 51 5
23 41 7
23 59 -5
23 48 2
23 65 4
23 68 -9
23 30 -4
23 54 3
23 27 4
23 33 -4
23 39 -2
23 38 6
23 45 1
23 44 4
24 48 10
24 72 -6
24 53 4
24 70 1
24 57 -4
24 38 0
24 45 -9
24 27 5
24 61 -8
24 44 -6
24 52 2
24 67 -5
24 28 6
24 62 8
24 25 8
24 58 -7
24 59 -6
24 50 4
24 39 6
24 51 4
24 37 4
24 33 2
24 75 -5
24 68 -5
24 55 2
24 31 10
24 34 2
24 65 6
24 47 -9
24 41 -3
24 26 10
25 56 7
25 74 -1
25 75 -9
25 31 -10
25 69 7
25 28 -2
25 53 3
25 40 -9
25 67 -5
25 45 6
25 27 -5
25 39 8
25 52 -6
25 35 -6
25 49 8
25 33 4
25 70 -1
25 59 5
25 68 -7
26 45 1
26 41 1
26 40 1
26 56 5
26 70 -8
26 54 6
26 35 -6
26 27 4
26 63 -5
26 68 9
26 33 3
26 47 -8
26 55 -5
26 58 2
26 64 -3
26 52 10
26 28 -4
26 73 6
26 51 -2
26 29 -5
26 75 -7
26 66 3
26 67 -10
26 39 -7
27 37 -5
27 44 -3
27 35 2
27 72 3
27 29 -8
27 74 3
27 39 2
27 62 5
27 65 -10
27 42 -8
27 71 6
27 64 -6
27 36 3
27 66 -6
27 38 10
27 69 3
27 30 10
27 73 -8
27 68 0
27 57 3
27 31 -8
28 56 2
28 75 6
28 58 5
28 35 1
28 37 -1
28 46 -10
28 70 3
28 51 -5
28 34 -9
28 61 0
28 40 8
28 59 8
28 41 10
28 45 2
28 55 8
28 33 -4
28 71 -5
28 54 -6
28 49 0
28 67 10
28 44 -2
28 63 -7
29 60 -1
29 62 -5
29 34 8
29 48 9
29 69 -6
29 61 -4
29 31 10
29 36 -1
29 55 -8
29 42 -2
29 65 -6
29 33 5
29 68 0
29 47 -6
29 32 7
29 58 -7
29 49 0
29 71 0
29 57 -5
29 38 -8
29 67 -2
30 46 5
30 36 7
30 59 -3
30 55 10
30 52 1
30 32 0
30 63 -7
30 53 -8
30 75 2
30 60 -1
30 49 7
30 47 -9
30 38 -3
30 48 7
30 35 -1
30 66 8
30 62 -7
30 34 8
30 61 0
30 72 3
30 51 -7
30 39 -3
30 42 5
30 57 3
30 73 0
31 74 10
31 52 8
31 71 6
31 33 6
31 72 0
31 44 2
31 35 8
31 46 3
31 67 -9
31 45 9
31 53 -9
31 69 6
31 65 10
31 50 -3
31 68 1
31 47 -5
31 63 4
31 42 2
31 39 7
31 32 -6
31 54 2
31 61 9
31 75 -10
31 64 -2
31 37 6
31 70 -5
32 50 3
32 39 3
32 46 8
32 63 10
32 73 10
32 54 -10
32 67 -9
32 38 6
32 65 -8
32 71 -6
32 69 10
32 36 10
32 68 6
32 52 7
32 49 8
32 34 1
32 44 2
32 53 -10
32 62 -5
32 57 4
32 51 -4
33 73 -1
33 57 0
33 52 -3
33 56 10
33 58 3
33 66 -5
33 40 -1
33 44 6
33 69 9
33 42 -2
33 64 -4
33 50 1
33 75 -2
33 46 -6
33 39 -5
34 59 7
34 69 5
34 45 10
34 35 1
34 37 -6
34 56 -3
34 66 6
34 43 2
34 75 -6
34 57 -8
34 68 2
34 67 -10
34 71 -5
34 52 4
34 73 6
34 70 -9
34 38 1
34 48 8
34 62 5
35 47 8
35 49 2
35 36 1
35 74 1
35 54 4
35 53 10
35 56 9
35 48 -8
35 44 -6
35 65 2
35 73 5
35 64 4
35 52 10
35 70 -9
35 39 4
35 38 -8
35 41 9
35 40 -9
35 43 9
35 67 -7
35 60 -9
35 66 8
35 75 9
36 68 3
36 67 6
36 70 -7
36 53 -1
36 55 1
36 57 -2
36 44 -7
36 63 -5
36 39 4
36 72 9
36 45 3
36 56 -3
36 66 -4
36 60 7
36 59 6
36 43 -4
36 62 1
36 65 5
36 73 3
36 46 7
36 51 4
37 70 -8
37 64 5
37 58 9
37 67 -4
37 72 1
37 68 1
37 66 -4
37 42 -6
37 62 6
37 38 1
37 49 -8
37 69 -3
37 45 -8
37 44 8
37 40 -9
37 51 5
37 41 4
37 39 -2
38 68 -4
38 43 8
38 39 0
38 51 7
38 75 10
38 72 -10
38 70 -6
38 49 -2
38 63 6
38 58 7
38 61 5
38 56 -5
38 46 2
38 50 8
38 73 8
38 44 -1
38 42 3
38 60 3
39 53 0
39 62 6
39 75 2
39 73 10
39 50 -4
39 66 3
39 58 9
39 59 -1
39 40 -6
39 54 9
39 69 5
39 56 10
39 49 10
39 48 -4
40 48 -3
40 42 2
40 63 4
40 71 8
40 65 10
40 74 2
40 54 -3
40 57 5
40 50 -6
40 56 -3
40 72 -8
40 64 -4
40 75 -1
40 55 3
40 66 -10
40 61 4
40 70 -7
41 49 -7
41 61 -2
41 50 4
41 65 3
41 55 9
41 44 8
41 53 5
41 71 1
41 75 -7
41 68 10
41 46 -9
41 60 5
41 66 3
41 43 0
41 54 -6
41 42 -8
41 47 -6
41 73 -1
41 52 -10
42 54 8
42 72 -5
42 69 3
42 68 -1
42 55 -6
42 62 -9
42 64 0
42 75 -2
42 57 -6
42 50 8
42 56 1
42 59 4
42 51 -3
42 71 -3
42 48 10
42 63 -10
42 73 -2
42 43 4
42 49 -10
42 60 2
42 58 0
42 67 -10
42 46 -4
43 51 7
43 66 8
43 70 -5
43 59 4
43 69 2
43 60 7
43 58 1
43 57 -5
43 62 -7
43 68 5
43 53 -8
43 46 -1
43 63 -2
43 55 -6
43 75 -8
43 61 3
44 61 10
44 58 -9
44 55 -10
44 49 -6
44 48 -5
44 54 -6
44 60 6
44 70 2
44 68 -5
44 59 7
44 72 -8
44 74 -7
45 53 3
45 63 3
45 59 4
45 72 -9
45 66 -4
45 50 9
45 73 9
45 74 -3
45 54 8
45 69 10
45 58 -4
45 56 -9
45 75 4
45 67 8
45 52 10
45 61 1
45 64 -4
46 62 -9
46 56 -4
46 48 0
46 47 2
46 59 7
46 68 -2
46 63 -7
46 71 -3
46 75 -10
46 67 -5
46 60 -6
46 69 10
46 64 -1
46 66 -1
46 49 -1
46 50 -8
46 55 -7
46 52 -10
47 56 3
47 51 -9
47 71 8
47 73 6
47 55 -3
47 67 6
47 70 -7
47 74 5
47 66 -10
47 64 -2
47 57 0
48 66 -9
48 52 -7
48 61 -5
48 67 -10
48 75 -9
48 60 5
48 70 -10
48 55 9
48 62 -5
48 56 -5
48 72 5
48 51 -2
48 53 -3
49 72 1
49 64 6
49 59 -3
49 50 6
49 68 -7
49 70 1
49 75 -9
49 56 -10
49 74 -9
49 58 6
49 55 1
49 62 -7
49 54 -8
49 67 -9
49 61 6
49 57 1
50 55 1
50 59 9
50 63 -4
50 66 9
50 52 -8
50 75 -9
50 58 7
50 69 5
50 68 -2
50 61 6
50 71 -9
50 60 1
51 65 -2
51 66 -10
51 68 8
51 57 -9
51 72 5
51 73 10
51 61 -1
51 52 -4
51 64 -2
51 55 -8
51 70 -3
51 69 -10
51 75 -2
51 62 5
51 58 -7
51 53 7
52 64 -3
52 67 10
52 75 1
52 69 0
52 62 2
52 74 4
52 63 0
53 68 9
53 63 7
53 57 -7
53 55 -7
53 54 4
53 56 -3
53 62 9
53 71 -3
53 75 -9
53 70 0
53 69 -9
53 58 -2
53 67 -10
54 59 -10
54 66 8
54 57 9
54 60 -1
54 71 9
54 63 -9
54 67 3
54 61 -5
54 62 -1
54 73 -5
54 55 6
54 58 4
55 69 7
55 72 9
55 67 -8
55 71 3
55 68 -6
55 59 1
55 75 3
55 61 3
55 66 2
55 64 -1
55 58 6
55 63 -5
55 70 -8
56 61 3
56 59 3
56 73 9
56 69 9
56 62 -10
56 67 5
56 75 -1
56 66 -4
56 72 1
57 58 6
57 73 -1
57 69 -5
57 62 -10
57 64 3
57 60 8
57 66 4
57 75 1
57 63 9
57 61 6
57 67 -1
57 68 1
57 74 -2
58 66 2
58 74 10
58 67 7
58 64 4
58 62 0
58 68 -4
58 69 -1
58 71 -4
58 75 -9
59 67 -1
59 69 5
59 72 -7
59 60 9
59 73 7
59 64 3
59 62 8
59 65 7
59 63 -8
59 66 -9
60 74 -3
60 73 0
60 72 7
60 61 -10
60 69 -2
61 73 -8
61 66 -4
61 63 -2
61 69 4
61 68 -9
61 65 -8
61 70 -10
61 64 8
61 75 4
61 67 1
62 67 4
62 66 -10
62 71 -9
62 63 -3
62 68 4
62 75 0
62 69 0
63 71 1
63 75 1
63 64 -1
63 67 -1
63 70 -8
63 74 -6
64 75 -5
64 73 -8
64 66 -5
64 69 -3
64 65 -9
65 69 3
65 75 -1
65 72 6
65 73 0
65 68 -1
65 74 -6
65 66 -9
65 67 9
66 75 8
66 70 4
66 72 -7
66 67 10
67 74 9
67 68 -8
67 75 -5
67 69 -8
67 70 9
68 72 9
68 75 1
68 74 3
68 73 2
69 72 -4
69 71 -9
69 74 3
69 73 -9
69 75 6
70 73 -2
70 75 -7
70 72 7
71 73 -2
71 74 -8
72 75 -3
72 73 2
73 74 3
73 75 2
74 75 1
