75 1388 
1 23 -9
1 65 0
1 58 0
1 39 8
1 28 4
1 63 -5
1 27 -1
1 3 9
1 20 -1
1 61 -6
1 14 0
1 42 -9
1 59 3
1 51 -7
1 32 9
1 56 -8
1 12 3
1 37 8
1 18 6
1 8 -9
1 68 -7
1 6 2
1 66 5
1 2 6
1 43 9
1 11 -10
1 40 9
1 19 -3
1 55 -6
1 10 10
1 75 -6
1 21 -3
1 41 -1
2 59 10
2 36 0
2 33 -7
2 31 6
2 27 1
2 43 0
2 38 -7
2 69 3
2 51 4
2 53 -5
2 44 -6
2 61 9
2 60 9
2 41 -4
2 45 -8
2 23 -5
2 74 6
2 5 -1
2 40 -6
2 73 -2
2 55 -6
2 12 10
2 10 1
2 37 2
2 34 -9
2 48 6
2 29 -4
2 9 8
2 4 -2
2 35 3
2 19 -2
2 56 5
2 16 10
2 42 2
3 62 -6
3 4 -9
3 42 -3
3 52 -2
3 34 -6
3 63 6
3 68 2
3 59 2
3 47 -2
3 51 2
3 23 1
3 35 -4
3 66 1
3 20 -10
3 38 1
3 33 -6
3 58 -2
3 53 0
3 39 -7
3 29 -2
3 67 -9
3 60 2
3 31 3
3 36 2
3 40 1
3 46 -8
3 25 4
3 37 7
3 10 -1
3 55 -6
3 54 -6
3 49 2
3 72 8
3 9 -10
3 18 -6
3 13 0
3 5 -2
3 56 -8
4 69 0
4 41 -7
4 48 7
4 26 2
4 73 10
4 22 5
4 36 -6
4 55 -1
4 58 -3
4 50 -5
4 14 -1
4 44 -4
4 25 6
4 56 9
4 35 -6
4 67 -10
4 13 -2
4 52 -1
4 20 -1
4 23 -6
4 5 10
4 46 0
4 43 1
4 71 10
4 21 -6
4 10 4
4 59 9
4 12 3
4 45 -10
4 9 9
4 37 0
4 15 3
4 30 -1
4 62 -7
4 11 -1
5 6 -6
5 58 8
5 67 2
5 32 3
5 29 10
5 19 -4
5 49 6
5 42 5
5 20 -7
5 25 -1
5 16 7
5 52 -3
5 15 5
5 35 0
5 48 7
5 50 6
5 68 9
5 56 -2
5 43 5
5 14 1
5 45 9
5 10 6
5 11 -3
5 17 -9
5 74 10
5 61 -8
5 54 -2
5 55 1
5 46 -8
5 75 1
5 8 1
5 44 -9
5 65 5
5 38 1
5 13 -10
6 37 -4
6 38 -5
6 68 -8
6 53 9
6 44 7
6 30 -1
6 34 6
6 9 -6
6 45 3
6 65 -7
6 59 -4
6 40 -3
6 33 4
6 21 -8
6 67 5
6 49 7
6 54 9
6 24 -3
6 11 5
6 71 -10
6 16 -5
6 14 -7
6 22 0
6 39 -6
6 17 5
6 26 -7
6 57 -3
6 41 1
6 70 -2
6 56 3
6 32 5
6 27 -3
6 66 -3
6 20 -9
6 52 -2
6 58 2
6 29 10
7 66 9
7 32 -6
7 38 4
7 42 7
7 15 -6
7 49 -1
7 65 1
7 53 -8
7 14 0
7 35 3
7 29 -4
7 44 6
7 62 -10
7 10 -2
7 21 4
7 70 2
7 61 -1
7 52 -5
7 57 4
7 50 5
7 18 -4
7 74 -1
7 33 -7
7 41 -3
7 43 -9
7 48 -7
7 56 1
7 16 -4
7 67 5
7 36 2
7 30 -7
7 58 10
7 60 3
7 71 6
7 8 -3
8 66 -3
8 43 3
8 61 -7
8 24 -2
8 35 -7
8 23 -8
8 34 6
8 64 5
8 15 3
8 65 9
8 40 2
8 57 6
8 10 -8
8 32 7
8 13 -7
8 26 -6
8 9 10
8 68 2
8 22 6
8 70 3
8 47 -5
8 41 -8
8 19 -9
8 74 4
8 14 -10
8 55 -6
8 42 8
8 49 -1
8 63 7
8 54 -2
8 11 -3
8 33 7
9 12 -8
9 35 -9
9 67 -2
9 69 7
9 62 8
9 15 6
9 48 7
9 54 -8
9 21 8
9 46 1
9 74 10
9 52 4
9 63 0
9 59 6
9 31 -9
9 43 3
9 66 2
9 72 10
9 28 8
9 37 6
9 19 4
9 36 -5
9 29 10
9 51 -9
9 70 -10
9 65 -1
10 21 -2
10 45 6
10 34 2
10 41 2
10 67 10
10 23 3
10 70 1
10 64 9
10 50 -4
10 30 6
10 22 2
10 44 0
10 61 0
10 56 6
10 29 -5
10 35 5
10 72 -4
10 20 -4
10 59 -9
10 71 3
10 63 -2
10 26 -4
10 65 3
10 18 7
10 53 2
10 55 -1
10 69 7
10 62 -5
10 60 0
10 42 10
10 19 0
11 69 -3
11 30 8
11 21 4
11 39 1
11 75 2
11 38 2
11 61 -2
11 59 -10
11 66 0
11 67 6
11 22 2
11 72 -10
11 33 2
11 37 5
11 64 8
11 52 -8
11 51 -5
11 42 8
11 74 -2
11 43 2
11 60 -6
11 48 -3
11 45 -5
11 65 2
11 13 -9
11 23 -9
11 12 -4
11 24 -3
11 56 -5
11 63 3
11 40 2
11 41 3
11 53 0
11 68 9
11 73 9
11 57 6
11 55 0
11 32 9
12 13 5
12 31 8
12 45 5
12 52 9
12 68 -2
12 20 4
12 70 8
12 39 7
12 61 6
12 64 10
12 53 10
12 16 -3
12 56 -3
12 34 -4
12 48 -8
12 25 0
12 69 5
12 26 8
12 51 -7
12 30 -4
12 35 -1
12 46 7
12 19 7
12 33 -2
12 15 7
12 74 8
13 31 1
13 38 -6
13 48 7
13 53 4
13 20 -6
13 71 -7
13 19 5
13 49 -2
13 45 3
13 35 -8
13 23 2
13 60 -9
13 66 0
13 17 0
13 59 8
13 29 2
13 73 5
13 25 0
13 14 -8
13 42 6
13 62 6
13 40 -8
13 67 -4
13 72 5
13 21 -3
13 55 0
13 26 -6
13 50 -10
13 63 3
13 44 7
13 15 0
14 62 10
14 65 -3
14 57 -2
14 30 -8
14 17 -7
14 59 10
14 73 6
14 69 5
14 24 2
14 50 7
14 16 -2
14 37 -4
14 38 -1
14 74 -9
14 47 -6
14 63 -5
14 42 8
14 22 -5
14 54 1
14 58 -7
14 39 3
14 64 9
14 43 -2
14 25 -4
15 45 0
15 55 -7
15 75 -1
15 60 0
15 50 10
15 64 -5
15 72 -8
15 57 10
15 62 0
15 69 1
15 27 -9
15 74 -10
15 42 4
15 34 -1
15 41 1
15 53 3
15 68 -2
15 47 -7
15 23 9
15 30 6
15 37 -4
15 65 0
15 61 -1
15 44 2
15 18 -9
15 66 -9
15 70 0
15 56 -6
15 43 -3
15 38 -10
15 59 3
15 24 1
16 58 -5
16 22 2
16 48 1
16 40 -9
16 62 7
16 44 -7
16 57 -1
16 29 -6
16 50 -1
16 43 -2
16 72 0
16 25 -1
16 73 4
16 59 -5
16 37 -8
16 45 -2
16 65 0
16 38 9
16 21 7
16 68 -4
16 69 5
16 60 -6
16 71 4
16 55 4
16 30 1
16 23 -6
16 33 7
16 70 1
16 17 1
16 53 6
16 66 9
16 54 -2
16 47 0
16 32 -10
16 35 9
17 66 -8
17 51 0
17 26 -9
17 43 -7
17 61 2
17 45 6
17 58 5
17 38 -3
17 40 -3
17 70 -4
17 69 -6
17 30 5
17 64 9
17 23 3
17 36 -3
17 71 4
17 60 -1
17 39 5
17 59 -1
17 34 -9
17 49 -8
17 56 -7
17 72 -7
17 65 -6
18 24 4
18 55 -9
18 48 2
18 21 -2
18 49 -8
18 39 7
18 63 -3
18 38 2
18 54 0
18 50 8
18 65 -7
18 57 -5
18 59 -8
18 36 4
18 40 -10
18 19 3
18 32 4
18 52 -8
18 74 -5
18 23 -7
18 31 9
18 20 4
18 73 1
18 30 7
18 22 -8
18 29 -10
18 26 1
18 70 7
18 72 -1
18 37 4
18 25 -5
18 35 10
19 54 -6
19 66 -2
19 49 -9
19 26 -7
19 73 -2
19 20 -5
19 68 9
19 31 6
19 65 -7
19 63 -6
19 69 -1
19 74 1
19 71 5
19 38 1
19 62 -2
19 55 7
19 50 1
19 28 6
19 53 0
19 70 2
19 52 -9
19 72 -3
19 32 4
19 64 -7
19 67 -2
19 47 4
19 59 -3
19 22 -7
19 43 10
19 37 -9
19 75 6
19 57 4
19 36 5
20 28 2
20 22 -6
20 69 -1
20 61 6
20 46 4
20 43 -3
20 30 0
20 36 -9
20 32 10
20 54 7
20 60 6
20 55 -9
20 59 4
20 37 4
20 33 4
20 74 -2
20 75 -4
20 58 -9
20 57 10
20 51 8
20 64 -4
20 63 9
20 40 7
20 21 -5
20 34 4
20 25 -7
20 72 4
20 29 -10
20 35 -1
20 48 -4
20 38 -4
20 73 -9
20 71 -4
20 67 -1
21 60 -7
21 44 3
21 53 8
21 63 -7
21 49 -1
21 56 3
21 71 -3
21 33 6
21 43 0
21 47 9
21 52 10
21 26 -7
21 22 -2
21 46 -5
21 57 -4
21 36 3
21 51 -3
21 24 10
21 32 -3
21 61 8
21 30 -1
21 54 -5
21 72 -6
21 48 5
21 64 7
22 69 -10
22 32 5
22 68 9
22 45 2
22 47 8
22 54 7
22 61 -2
22 74 -8
22 72 -5
22 27 -10
22 37 -4
22 29 7
22 38 6
22 28 -7
22 59 3
22 30 3
22 48 -8
22 46 -1
22 60 9
22 26 -4
22 64 -3
22 62 -10
22 71 7
22 70 -9
22 33 6
22 25 3
22 23 4
23 40 2
23 31 -6
23 61 -10
23 53 0
23 59 10
23 69 1
23 52 6
23 43 0
23 50 4
23 30 1
23 42 -10
23 65 -1
23 55 -5
23 44 -4
23 73 0
23 68 -10
23 24 10
23 75 8
23 58 -1
23 66 7
23 41 -5
23 38 -8
23 54 -3
24 41 -1
24 66 -4
24 57 7
24 40 -5
24 51 5
24 69 2
24 42 10
24 47 4
24 38 -5
24 58 8
24 74 -1
24 60 5
24 65 -7
24 59 -1
24 50 -9
24 48 -2
24 49 9
24 62 10
24 39 1
24 53 -4
24 25 3
24 75 7
24 29 -5
24 33 3
25 35 -10
25 41 -9
25 28 -2
25 53 0
25 31 -8
25 54 -1
25 71 8
25 69 -5
25 40 -3
25 29 -10
25 62 -2
25 58 4
25 51 -9
25 47 7
25 39 10
25 27 9
25 33 9
25 37 7
25 56 5
25 60 -3
25 67 -8
25 66 -2
25 26 -4
25 75 -4
26 68 -4
26 73 -1
26 62 -1
26 70 10
26 66 6
26 47 6
26 72 -8
26 48 8
26 67 -8
26 49 8
26 52 0
26 69 10
26 56 -5
26 35 1
26 33 8
26 41 -6
26 46 4
26 31 -6
26 59 6
26 61 4
26 34 2
26 53 6
26 54 7
26 58 8
26 42 2
26 32 1
26 28 -10
26 38 10
27 60 2
27 28 -1
27 58 -5
27 54 4
27 67 -6
27 53 -9
27 69 6
27 55 8
27 52 -1
27 73 1
27 66 7
27 31 -7
27 63 -4
27 40 -5
27 62 10
27 38 0
27 64 8
27 43 -2
28 74 4
28 41 -7
28 50 -2
28 31 -10
28 34 -4
28 65 6
28 30 -3
28 36 9
28 44 -2
28 40 -1
28 49 -9
28 29 -9
28 58 -6
28 75 6
28 72 -1
28 55 0
28 66 -9
28 35 -3
28 62 -5
28 73 2
28 33 6
28 67 2
28 63 -10
28 64 7
29 39 -5
29 34 -7
29 65 -1
29 33 6
29 38 -1
29 70 -5
29 35 -3
29 41 -3
29 47 -2
29 42 -2
29 52 -2
29 60 -2
29 61 6
29 74 -10
29 36 -3
29 44 5
29 57 7
29 31 8
29 37 5
29 69 9
29 46 -6
30 36 4
30 71 1
30 51 -9
30 64 -9
30 35 1
30 43 8
30 32 -8
30 69 -3
30 47 -1
30 45 1
30 57 2
30 50 2
30 56 -4
30 73 -5
30 46 3
30 61 -6
30 75 2
30 49 -8
30 60 3
30 55 8
30 53 -7
30 59 10
30 33 0
30 54 -8
30 42 10
31 66 -8
31 73 7
31 41 1
31 43 2
31 68 8
31 45 -3
31 44 -3
31 33 10
31 37 7
31 64 1
31 75 8
31 46 -5
31 60 -1
31 63 4
31 51 7
31 40 3
31 42 -10
31 54 -9
31 32 3
31 57 9
31 38 -6
31 55 7
31 35 6
32 70 0
32 52 -2
32 61 -3
32 63 7
32 45 4
32 71 7
32 72 1
32 74 -3
32 60 -9
32 65 -10
32 42 5
32 54 -2
32 34 -4
32 64 -1
32 46 6
32 75 -1
32 62 5
32 51 -3
32 44 -1
32 37 8
32 59 0
32 73 -4
33 53 -9
33 63 -3
33 75 8
33 49 -3
33 73 2
33 66 -2
33 45 -2
33 39 -10
33 61 -9
33 43 -3
33 68 -10
33 55 -1
33 42 8
33 37 8
33 72 1
33 47 9
33 34 -9
33 44 -10
33 64 3
33 51 -5
34 58 -7
34 37 7
34 63 -3
34 73 -3
34 38 -3
34 52 7
34 50 -8
34 67 0
34 68 9
34 35 6
34 46 2
34 72 2
34 64 -9
34 43 3
34 65 -6
34 74 -2
34 55 6
34 56 7
34 71 -3
34 75 1
34 61 -2
34 41 -9
34 53 -4
34 62 -4
34 47 7
35 51 -1
35 56 -8
35 71 -1
35 57 2
35 75 9
35 49 9
35 40 2
35 68 5
35 37 -7
35 45 3
35 59 -3
35 61 5
35 46 10
35 69 -4
35 67 -9
36 67 1
36 54 -6
36 71 -1
36 50 -10
36 75 2
36 51 5
36 74 -6
36 63 2
36 39 -1
36 56 -8
36 49 -1
36 52 -8
36 60 -9
36 73 6
36 43 7
36 47 -8
36 40 7
36 68 -7
36 38 10
36 46 6
37 68 -1
37 57 1
37 52 -9
37 66 -10
37 48 10
37 51 -4
37 59 2
37 53 -7
37 61 8
37 73 -4
37 62 -3
37 74 -2
37 39 -1
37 44 -1
37 54 0
37 40 -9
37 72 -9
38 63 8
38 54 1
38 49 -9
38 75 -10
38 66 -4
38 58 -2
38 71 2
38 68 -2
38 59 4
38 55 1
38 43 -10
38 51 9
38 62 -2
38 74 -8
38 73 -10
38 47 8
38 61 9
38 42 -7
38 72 -3
38 46 -3
38 50 -4
39 40 -1
39 63 -7
39 68 -4
39 72 -10
39 60 5
39 57 -6
39 66 -8
39 65 8
39 62 3
39 45 5
39 46 -10
39 64 8
39 56 0
39 42 -10
39 69 -4
39 43 4
39 47 -5
39 48 7
39 71 4
40 43 3
40 51 9
40 41 -4
40 55 8
40 46 -5
40 64 2
40 75 1
40 59 1
40 63 -6
40 70 10
40 68 -3
40 65 -8
40 57 2
40 58 0
40 69 -3
40 44 6
40 50 10
40 72 5
40 60 9
41 57 8
41 44 -2
41 47 3
41 54 5
41 49 8
41 58 -1
41 69 -6
41 46 6
41 67 -1
41 70 -3
41 50 2
41 53 -1
41 60 8
41 75 -7
41 71 3
41 64 -5
41 56 -9
42 66 5
42 48 0
42 72 -8
42 45 -9
42 57 -8
42 64 -6
42 67 -4
42 75 7
42 63 -6
42 46 2
42 43 -5
42 74 3
42 58 10
42 62 -6
42 50 -4
42 65 9
42 53 -3
43 49 -6
43 48 4
43 52 2
43 63 5
43 70 7
43 71 -6
43 55 -5
43 56 5
43 65 4
43 74 -6
43 59 -9
43 47 3
43 53 -10
43 46 7
44 53 -7
44 57 -1
44 66 -7
44 69 8
44 63 -3
44 70 3
44 49 7
44 47 -10
44 58 6
44 75 9
44 54 5
44 45 -10
44 46 -9
44 72 -6
44 52 0
44 55 6
44 67 -8
45 50 8
45 54 8
45 65 -3
45 72 -5
45 62 -8
45 73 9
45 46 4
45 75 4
45 52 -10
45 61 4
45 70 1
45 56 -10
45 53 -1
45 68 1
46 74 -2
46 62 -5
46 57 3
46 50 -1
46 54 -4
46 61 1
46 69 4
46 67 -10
46 53 -3
46 56 -10
46 75 5
46 64 -6
46 68 0
46 55 5
47 57 1
47 49 -3
47 72 0
47 64 -7
47 48 0
47 52 1
47 73 1
47 70 -8
47 53 8
47 54 8
47 63 -1
47 60 -9
47 59 -9
48 51 7
48 49 -3
48 59 -1
48 74 3
48 62 -4
48 73 4
48 70 -1
48 50 0
48 56 0
48 57 -6
48 53 -8
49 75 -4
49 58 10
49 65 8
49 64 4
49 56 -4
49 60 6
49 66 1
49 53 6
49 72 -4
49 67 -7
49 74 2
49 52 3
49 70 -1
49 51 7
49 57 -10
49 50 0
49 71 -1
49 69 3
50 65 -6
50 60 -5
50 62 -7
50 74 10
50 72 1
50 68 2
50 56 -8
50 54 9
50 59 -6
50 73 6
50 67 9
50 70 7
50 53 -4
50 63 -3
50 66 5
50 51 3
50 69 -6
51 52 -2
51 75 -5
51 63 5
51 61 -8
51 58 10
51 60 -6
51 54 6
51 62 -9
51 59 0
51 71 -2
52 67 -1
52 66 -8
52 58 -8
52 53 -10
52 75 1
52 54 7
52 71 -9
52 72 -4
52 69 4
52 60 1
52 74 -4
52 68 3
52 56 8
53 75 -9
53 62 -8
53 67 -4
53 69 9
53 63 3
53 60 -2
53 56 -8
53 59 6
53 71 -1
53 57 4
53 58 5
53 73 4
53 66 7
54 70 -4
54 73 -1
54 75 6
54 62 -8
54 61 0
54 65 1
54 66 9
54 60 7
54 56 5
55 63 2
55 74 3
55 57 6
55 66 4
55 73 4
55 58 -3
55 62 -5
55 68 9
55 64 -9
56 66 9
56 70 -6
56 72 6
56 60 -8
56 58 -1
56 73 6
56 74 -7
56 69 -4
56 57 1
56 62 -7
56 71 4
56 63 -1
57 75 3
57 64 6
57 69 -2
57 62 -3
57 61 4
57 71 -10
57 73 -3
57 58 -5
58 59 -9
58 75 -6
58 67 7
58 65 4
58 72 -4
58 61 -4
58 60 2
58 66 3
58 64 10
59 60 7
59 73 -6
59 63 2
59 61 10
59 69 7
59 62 -10
59 74 8
59 64 1
60 71 -3
60 69 9
60 65 4
60 72 5
60 75 3
60 73 4
60 74 -8
61 75 -1
61 63 4
61 72 9
61 65 -9
61 64 -5
61 73 6
61 68 -5
61 67 -8
61 62 4
62 66 4
62 63 -10
62 73 -4
62 75 2
62 64 8
62 67 7
62 74 7
63 66 -2
63 75 -9
63 68 1
63 64 -8
63 71 0
64 70 10
64 68 8
64 71 9
64 73 0
65 71 -9
65 66 4
65 72 2
65 67 1
65 74 9
66 75 -1
66 71 -5
66 68 2
66 73 -3
66 70 -7
67 71 3
67 72 5
67 74 9
67 69 -2
67 70 -8
68 73 2
68 74 -4
68 72 4
68 69 -3
69 70 3
69 71 2
69 72 -10
70 75 8
70 73 0
71 74 10
72 74 1
73 74 -9
74 75 2
