75 1388 
1 69 -5
1 49 -10
1 6 0
1 71 -1
1 40 8
1 55 6
1 8 -5
1 30 -3
1 31 -1
1 27 -10
1 21 -5
1 33 5
1 29 -7
1 39 1
1 64 1
1 57 -2
1 36 8
1 14 1
1 2 -5
1 74 -2
1 9 -7
1 22 6
1 61 -1
1 4 6
1 58 -7
1 25 6
1 10 -1
1 75 1
1 24 -3
1 54 2
1 13 4
1 35 1
1 65 -5
1 16 -10
1 56 3
2 20 -9
2 5 7
2 61 9
2 25 -1
2 4 6
2 60 9
2 49 3
2 44 -9
2 46 5
2 59 2
2 37 6
2 6 1
2 42 -3
2 10 -7
2 36 0
2 18 9
2 45 9
2 11 1
2 72 -6
2 63 -8
2 8 3
2 33 4
2 64 2
2 9 4
2 54 -2
2 75 -9
2 58 8
2 16 -9
2 35 -4
2 40 0
2 39 10
2 13 1
2 65 -8
2 53 8
2 43 1
2 55 -9
2 62 8
2 56 -9
2 74 9
2 15 7
2 23 -6
2 28 1
3 63 -4
3 67 -4
3 49 3
3 19 -1
3 51 9
3 18 6
3 57 0
3 64 5
3 7 -2
3 42 -2
3 38 -5
3 9 1
3 70 -4
3 54 -6
3 52 -7
3 74 6
3 11 -8
3 35 -1
3 58 -10
3 45 0
3 40 -3
3 24 2
3 23 -9
3 12 -5
3 53 -5
3 46 2
3 73 3
3 21 -3
3 65 3
3 37 6
3 10 8
3 16 8
3 13 1
4 44 4
4 30 6
4 18 2
4 73 2
4 5 -1
4 9 9
4 64 0
4 53 -4
4 61 5
4 54 1
4 66 -1
4 59 5
4 22 -10
4 58 -9
4 56 0
4 16 9
4 6 -1
4 21 1
4 15 -8
4 33 -3
4 36 -10
4 68 5
4 52 -8
4 75 2
4 26 -9
4 11 9
4 29 -8
4 37 -8
5 66 -9
5 65 -7
5 46 -2
5 20 6
5 32 2
5 14 10
5 27 3
5 43 7
5 72 -8
5 59 9
5 26 -7
5 38 -5
5 33 1
5 44 1
5 57 9
5 52 2
5 47 -6
5 13 7
5 40 -6
5 41 5
5 12 4
5 36 1
5 19 7
5 10 4
5 48 -1
5 39 4
5 71 -3
5 37 6
5 6 -4
5 31 -9
5 11 -5
5 56 -8
5 69 -3
5 61 3
5 35 -6
5 70 9
5 51 -7
5 73 -2
6 16 -5
6 74 7
6 56 3
6 75 3
6 14 -2
6 68 -1
6 72 -1
6 64 9
6 15 6
6 65 6
6 60 -2
6 19 7
6 38 -4
6 54 9
6 11 0
6 40 3
6 27 -1
6 7 -3
6 25 4
6 59 8
6 31 -8
6 49 9
6 58 0
6 26 -9
6 46 0
6 9 -6
6 41 -1
6 47 10
6 52 1
6 35 -10
6 67 -6
6 63 -6
6 73 2
6 51 -5
6 23 -1
6 50 -4
6 29 -2
7 65 -7
7 38 -1
7 45 2
7 75 6
7 64 5
7 52 2
7 68 -8
7 9 4
7 27 -3
7 47 -5
7 44 5
7 31 -8
7 72 1
7 30 -8
7 55 8
7 12 -4
7 20 3
7 49 2
7 10 8
7 34 10
7 15 7
7 39 8
7 74 6
7 37 0
7 29 1
7 42 -9
7 70 -8
7 14 -7
7 33 2
7 28 9
7 46 -3
7 40 -6
7 35 10
7 71 7
7 51 1
8 11 -10
8 40 9
8 37 3
8 59 -3
8 64 3
8 60 1
8 74 9
8 35 0
8 33 10
8 34 7
8 61 6
8 71 5
8 55 10
8 10 9
8 50 10
8 25 6
8 44 5
8 75 9
8 21 -10
8 69 10
8 23 7
8 19 1
8 12 9
8 31 -10
8 27 -1
8 49 6
8 43 -3
8 41 6
8 26 10
8 16 -3
8 14 -7
8 47 10
8 56 2
8 42 4
8 67 -6
9 49 -8
9 19 -3
9 57 -2
9 53 0
9 45 3
9 63 -8
9 74 10
9 34 -3
9 70 -7
9 64 -6
9 72 10
9 28 -4
9 52 -5
9 39 3
9 65 4
9 24 6
9 33 -10
9 41 0
9 55 -10
9 61 4
9 29 -5
9 68 -9
9 14 1
9 56 6
9 38 -4
9 10 -4
9 43 -6
9 13 0
9 71 -1
9 44 5
10 38 -10
10 69 -1
10 32 -1
10 22 -3
10 43 -6
10 68 7
10 53 -10
10 17 -9
10 42 -5
10 48 2
10 41 -4
10 11 2
10 14 7
10 60 10
10 29 8
10 12 10
10 49 -10
10 74 8
10 56 -6
10 19 -9
10 35 -4
10 67 -7
10 39 7
10 73 2
10 44 -8
10 16 6
10 34 -2
10 70 -3
10 21 10
10 54 6
10 45 -9
10 33 -7
11 44 9
11 71 -7
11 53 -5
11 75 -5
11 62 -10
11 69 -3
11 42 1
11 36 6
11 51 -1
11 19 9
11 63 8
11 25 -2
11 55 8
11 56 9
11 20 6
11 52 -6
11 38 -8
11 70 -1
11 22 10
11 15 -9
11 39 1
11 74 10
11 61 -7
11 34 7
11 33 -1
11 35 -8
11 47 -9
11 48 5
11 14 -4
11 57 9
11 66 -8
12 32 -10
12 75 -1
12 35 -8
12 70 5
12 42 3
12 63 7
12 38 -3
12 17 -4
12 61 8
12 39 7
12 23 7
12 20 -4
12 27 9
12 44 -9
12 19 2
12 14 -4
12 28 8
12 67 1
12 54 0
12 13 2
12 58 2
12 29 3
12 59 -2
12 30 -1
12 74 -5
12 57 -1
12 65 3
12 64 0
12 31 0
12 45 -2
12 46 2
12 26 4
12 49 -7
12 72 -9
12 55 -2
13 46 6
13 70 0
13 75 -8
13 42 -5
13 22 -4
13 49 -5
13 61 -3
13 74 -10
13 65 6
13 45 0
13 16 -7
13 40 4
13 37 7
13 43 6
13 15 5
13 50 5
13 48 8
13 56 3
13 18 10
13 28 -9
13 59 -8
13 19 -2
13 64 8
13 60 0
13 73 3
13 24 0
13 21 9
13 23 3
13 52 4
13 36 -8
13 53 1
13 33 6
13 57 3
13 63 -2
14 53 -4
14 20 8
14 72 -1
14 64 -10
14 70 6
14 16 5
14 65 -7
14 55 -7
14 69 -8
14 42 0
14 52 -8
14 54 -4
14 39 0
14 32 -6
14 50 2
14 74 9
14 24 10
14 44 7
14 38 -4
14 41 7
14 66 -2
14 19 3
14 62 -2
14 26 6
14 33 -2
14 36 -1
14 15 1
14 29 1
14 37 5
14 58 10
14 34 -1
14 49 2
14 35 -2
14 71 10
15 19 -5
15 56 -5
15 71 -7
15 60 -2
15 17 -10
15 20 2
15 16 3
15 21 8
15 51 10
15 27 -3
15 50 -8
15 57 -5
15 26 -8
15 32 -1
15 42 10
15 64 -9
15 67 -5
15 41 -7
15 73 7
15 63 1
15 44 -6
15 30 -7
15 70 -8
15 25 9
15 68 -10
15 62 7
15 58 -2
15 29 -8
15 22 8
15 72 2
15 36 10
15 28 6
15 35 7
15 24 -9
15 31 10
15 47 5
16 52 -3
16 17 7
16 64 10
16 40 3
16 34 10
16 60 -2
16 47 10
16 36 -8
16 31 -4
16 54 -5
16 55 8
16 46 1
16 61 -8
16 51 -9
16 70 -1
16 53 -7
16 43 -4
16 19 1
16 75 3
16 69 -3
16 68 0
16 42 -1
16 39 -5
16 67 8
16 37 2
16 21 -5
16 57 8
16 50 4
16 26 10
16 22 -10
16 18 4
17 55 -4
17 60 0
17 22 -7
17 26 0
17 40 -6
17 42 7
17 72 9
17 64 0
17 62 4
17 30 -8
17 67 -2
17 73 3
17 53 -9
17 18 0
17 29 2
17 44 -7
17 49 3
17 48 -9
17 52 -5
17 75 1
17 19 -9
17 50 -10
17 33 5
17 20 5
17 41 -3
17 38 1
17 37 10
18 32 4
18 51 -9
18 39 -3
18 68 -10
18 67 -7
18 43 1
18 29 -9
18 25 7
18 62 -2
18 44 -9
18 34 -3
18 37 9
18 40 10
18 71 -5
18 58 1
18 70 5
18 56 -3
18 72 6
18 53 -7
18 38 -5
18 26 -8
18 74 -8
18 54 -4
18 57 -8
18 65 10
18 60 9
19 49 -9
19 68 -9
19 37 -9
19 38 6
19 33 -6
19 23 3
19 47 -9
19 72 7
19 34 -3
19 41 -9
19 61 0
19 45 0
19 60 10
19 69 -1
19 57 7
19 39 -9
19 20 -9
19 29 8
19 22 0
19 28 9
19 70 -7
19 54 -7
19 26 6
19 73 -1
19 44 3
19 32 -3
19 58 -2
19 64 0
19 52 -4
19 67 8
19 30 -7
19 53 -10
19 51 2
19 36 -1
19 27 -4
19 74 5
20 41 -1
20 33 -4
20 68 -5
20 45 1
20 62 1
20 58 -2
20 34 -5
20 25 -5
20 72 -6
20 26 -2
20 50 -4
20 69 2
20 67 -6
20 63 0
20 71 -9
20 56 -7
20 39 4
20 23 9
20 70 9
20 54 -1
20 42 -1
20 65 5
20 73 -3
20 35 -3
21 40 -10
21 72 -2
21 57 3
21 67 8
21 54 -9
21 56 -9
21 25 9
21 71 -5
21 38 -6
21 45 -2
21 29 8
21 49 2
21 65 10
21 60 5
21 51 5
21 68 -4
21 27 0
21 24 1
21 42 9
21 55 -4
21 64 -3
21 48 -5
21 23 0
21 70 4
22 32 5
22 25 4
22 33 -4
22 38 0
22 24 -8
22 45 -1
22 35 2
22 47 7
22 54 -5
22 53 1
22 61 -4
22 44 2
22 34 -10
22 41 8
22 49 -4
22 69 8
22 36 4
22 70 -3
22 46 1
22 30 -3
22 51 -10
22 58 -7
22 31 -10
22 23 3
22 28 -7
22 37 2
22 50 7
22 73 -6
23 57 -1
23 48 8
23 53 -7
23 56 -10
23 68 -4
23 74 8
23 33 -7
23 29 -5
23 55 -10
23 71 5
23 26 -1
23 66 -5
23 51 0
23 28 -1
23 49 -7
23 75 -10
23 73 6
23 43 4
23 70 3
23 44 -6
23 31 -9
23 59 10
23 39 9
23 46 -7
23 38 7
24 67 6
24 30 3
24 34 -10
24 68 -8
24 59 6
24 52 5
24 72 7
24 37 -9
24 44 -6
24 53 7
24 75 10
24 36 9
24 47 1
24 60 1
24 41 10
24 66 -9
24 71 -7
24 63 6
24 64 -2
24 43 2
24 70 -9
24 27 0
24 42 -4
25 70 1
25 28 5
25 35 -7
25 61 5
25 48 4
25 75 1
25 36 8
25 49 -4
25 69 0
25 67 0
25 27 4
25 29 -10
25 74 7
25 62 -5
25 58 9
25 47 4
25 64 0
25 56 3
25 63 4
25 57 -3
26 37 -9
26 39 6
26 55 -9
26 47 1
26 50 10
26 46 -6
26 35 -4
26 33 9
26 38 -9
26 63 -3
26 29 3
26 43 10
26 42 4
26 36 4
26 59 -3
26 31 -2
26 30 -9
26 68 -10
26 70 -1
26 56 -3
26 61 -5
26 49 9
26 66 4
26 62 -7
26 67 -2
27 48 -2
27 34 -9
27 32 -3
27 40 5
27 53 1
27 42 -10
27 74 -5
27 62 -10
27 64 2
27 35 1
27 65 10
27 44 -6
27 71 -9
27 69 6
27 50 5
27 70 5
27 68 7
27 46 0
27 49 5
27 47 10
27 51 -4
28 64 -4
28 34 -7
28 51 -1
28 37 -8
28 47 0
28 68 3
28 69 -2
28 55 9
28 57 -8
28 33 9
28 45 -4
28 59 4
28 54 6
28 62 6
28 36 -5
28 53 5
28 42 5
28 44 9
28 49 7
28 74 1
28 30 10
29 31 4
29 42 9
29 34 0
29 41 5
29 51 4
29 38 7
29 44 7
29 36 -4
29 62 10
29 52 -5
29 55 6
29 57 -3
29 65 -5
29 54 2
29 59 -2
29 32 8
29 63 -6
29 71 10
29 48 4
29 60 -6
30 52 -5
30 57 3
30 71 -8
30 46 -10
30 31 -8
30 72 6
30 69 8
30 47 6
30 41 -2
30 33 -6
30 40 3
30 67 -7
30 37 -2
30 56 10
30 66 1
30 50 -7
30 61 -4
30 48 -9
30 75 4
31 75 -9
31 42 -1
31 72 -1
31 65 9
31 74 -10
31 70 7
31 32 6
31 53 -1
31 35 10
31 64 -6
31 40 -7
31 48 -1
31 57 8
31 38 10
31 55 -6
31 69 5
31 56 9
31 49 6
31 46 -3
31 51 8
31 33 -8
31 34 -7
31 63 -7
31 52 7
31 66 2
31 39 -9
32 73 0
32 56 -6
32 66 9
32 42 0
32 57 -10
32 51 -3
32 70 7
32 55 -9
32 52 2
32 53 -2
32 71 -9
32 40 10
32 38 -1
32 37 -3
32 72 8
32 62 -7
32 61 -7
32 75 10
32 47 4
32 69 4
32 44 6
32 58 0
33 59 0
33 51 -3
33 67 6
33 75 8
33 55 3
33 73 -9
33 40 1
33 72 -4
33 38 -3
33 36 0
33 46 8
33 69 -2
33 62 -2
33 52 -1
33 56 -5
33 74 2
33 49 4
33 39 -2
33 43 -7
33 65 3
33 44 6
33 50 -6
33 63 -3
33 64 -5
33 45 6
34 54 3
34 44 8
34 52 -2
34 38 4
34 56 -8
34 74 -7
34 66 8
34 37 -6
34 70 -9
34 61 -7
34 42 5
34 59 1
34 36 -1
34 55 -4
34 47 -2
34 58 3
34 48 6
34 69 -2
35 48 -5
35 73 -6
35 67 -10
35 72 -2
35 58 4
35 49 -8
35 44 7
35 65 -8
35 66 7
35 36 2
35 64 -7
35 59 4
35 68 5
35 38 0
35 74 -2
35 47 3
35 57 -1
35 60 6
35 46 7
35 42 -2
35 41 0
35 45 -6
35 51 0
36 72 -2
36 51 9
36 65 1
36 41 -5
36 40 1
36 43 -1
36 48 0
36 70 -7
36 50 6
36 49 9
36 69 -1
36 59 3
36 42 -5
36 39 -9
36 54 10
36 66 -2
36 57 -5
36 63 -4
36 37 -4
36 60 5
36 38 9
36 47 8
37 72 -2
37 49 -2
37 71 -8
37 68 0
37 39 9
37 63 -8
37 69 -7
37 43 -5
37 52 -10
37 73 -10
37 45 10
37 54 8
37 64 6
37 59 7
37 58 -8
37 46 5
37 50 6
37 38 0
37 66 -7
37 60 -2
37 51 7
38 43 1
38 72 -9
38 75 -7
38 51 7
38 69 3
38 64 -10
38 73 6
38 42 0
38 53 2
38 46 -8
38 45 -4
38 54 7
38 47 5
38 57 -8
38 59 -1
38 40 3
38 68 10
38 50 0
38 55 -9
39 49 1
39 59 3
39 69 0
39 50 9
39 56 -3
39 55 2
39 61 5
39 74 -3
39 62 4
39 71 -10
39 41 -1
39 44 -8
39 58 -1
39 73 9
39 54 0
40 72 -10
40 61 6
40 64 6
40 75 7
40 48 -6
40 60 5
40 71 4
40 62 -9
40 54 1
40 47 3
40 51 -7
40 58 -1
40 74 3
40 57 -4
40 63 4
40 44 -3
40 56 3
40 66 7
40 70 -5
40 41 10
40 53 -4
41 68 -4
41 69 -10
41 51 -10
41 57 -3
41 65 -2
41 58 5
41 60 3
41 49 6
41 43 -9
41 44 6
41 70 -8
41 56 4
41 74 -9
42 46 -9
42 56 3
42 60 0
42 74 -2
42 45 3
42 64 -3
42 59 3
42 44 2
42 53 0
42 62 7
42 73 -10
42 72 -2
42 48 -1
42 75 -5
42 50 0
42 57 -5
42 69 -4
43 63 -5
43 55 5
43 46 3
43 68 -3
43 45 -4
43 75 -5
43 61 6
43 54 -7
43 47 7
43 48 -7
43 65 2
43 70 8
44 56 7
44 47 -10
44 54 -9
44 45 -8
44 55 -8
44 51 -1
44 57 -4
44 60 -2
44 52 -6
44 72 -6
44 59 8
44 71 -7
44 69 10
44 61 7
44 66 -2
45 65 -1
45 53 0
45 71 1
45 59 6
45 60 -1
45 72 0
45 74 -2
45 70 -1
45 51 -7
45 52 7
45 62 -10
45 73 1
45 46 4
46 66 -2
46 53 2
46 58 8
46 67 -6
46 54 4
46 75 2
46 59 -8
46 48 -4
46 63 10
46 70 7
46 56 -2
46 73 2
46 71 8
46 60 10
46 62 -9
47 58 -6
47 74 -2
47 59 4
47 50 -3
47 55 10
47 65 8
47 61 -9
47 75 3
47 68 -9
47 48 -6
47 70 7
47 66 8
47 52 -5
48 68 -9
48 75 -8
48 74 0
48 70 3
48 51 -9
48 58 4
48 72 -7
48 53 4
48 66 5
48 67 -2
48 60 -3
48 63 -9
48 65 -1
48 54 10
49 74 10
49 69 6
49 53 10
49 71 8
49 56 -5
49 61 7
49 58 -4
49 66 3
49 60 4
49 57 2
49 65 5
49 51 -3
49 73 -10
49 64 4
49 75 -6
50 67 -7
50 63 6
50 53 3
50 68 -10
50 69 -6
50 55 10
50 71 0
50 61 -10
50 64 -1
50 62 2
50 65 5
50 72 2
50 73 -10
50 66 -6
51 62 6
51 58 -6
51 55 9
51 72 0
51 67 -3
51 68 -2
51 61 -4
51 69 4
51 74 7
52 54 -2
52 64 5
52 73 -1
52 75 -9
52 63 4
52 62 9
52 70 -3
52 56 0
52 66 7
52 67 -9
52 65 -8
53 75 -7
53 74 -2
53 54 -7
53 68 -8
53 59 5
53 56 2
53 67 8
53 55 -4
53 71 4
53 66 -9
53 57 4
53 61 6
53 70 -5
54 74 2
54 58 10
54 65 -6
54 66 -6
54 63 -4
54 71 -7
54 57 -9
54 72 -3
54 67 -8
54 55 9
54 75 -4
54 69 4
55 62 -2
55 75 -4
55 63 -6
55 73 -1
55 68 -5
55 56 -6
55 60 2
55 57 -2
55 58 7
55 66 4
56 74 -9
56 70 -9
56 68 -9
56 67 5
56 61 -2
56 59 3
56 71 -9
56 64 8
56 69 3
56 60 8
57 71 -7
57 61 8
57 58 -1
57 66 -3
57 59 9
57 64 6
57 72 -2
57 67 4
57 69 -4
57 74 0
58 63 -5
58 62 -6
58 73 -6
58 60 3
58 74 5
58 61 -5
58 64 10
58 65 -4
58 72 -6
58 71 -7
59 67 -1
59 70 -10
59 63 -4
59 69 -2
59 64 1
59 72 0
60 62 3
60 69 7
60 66 -9
60 73 6
60 67 -9
60 71 -10
60 65 -5
60 72 -9
61 63 1
61 75 3
61 68 4
61 69 -5
61 74 8
61 73 8
61 62 -10
61 71 -10
61 72 2
62 72 9
62 73 -5
62 64 8
62 66 -9
62 74 -4
62 65 1
62 63 7
62 71 2
62 70 0
63 66 -6
63 68 -2
63 74 -2
63 65 -6
63 75 6
63 73 -5
63 71 -7
63 64 6
64 73 5
64 72 -9
64 65 2
64 69 -2
64 70 -4
64 66 4
65 69 9
65 74 9
66 67 -1
66 71 -4
66 70 -10
66 75 -6
67 69 -1
67 72 -10
67 68 2
68 74 -2
68 71 4
68 69 0
68 70 -9
69 72 -4
69 74 6
70 73 -6
70 75 6
71 72 8
73 74 2
