75 1388 
1 17 3
1 48 -4
1 2 8
1 3 -5
1 70 7
1 33 3
1 14 7
1 53 1
1 27 8
1 65 6
1 54 1
1 13 -3
1 4 -4
1 49 8
1 9 9
1 11 -10
1 6 -5
1 22 -3
1 34 -8
1 40 4
1 7 -7
1 55 -7
1 20 0
1 57 -5
1 43 0
1 26 7
1 60 3
1 58 -7
1 5 1
1 19 8
1 36 -10
1 50 4
1 25 -5
1 71 7
1 64 -10
1 68 7
1 35 0
1 72 3
1 21 4
1 51 -9
2 70 -10
2 51 7
2 53 -2
2 13 5
2 31 -5
2 50 -4
2 46 -2
2 37 -4
2 65 7
2 4 -8
2 69 -4
2 6 2
2 40 -3
2 33 8
2 30 10
2 36 3
2 71 2
2 24 -9
2 43 3
2 59 2
2 29 -7
2 54 8
2 22 2
2 63 9
2 3 7
2 14 4
2 12 -3
2 17 1
2 39 -9
2 11 4
2 74 7
2 48 9
2 72 10
3 71 -9
3 35 -5
3 51 6
3 44 4
3 68 -8
3 47 -8
3 62 -8
3 5 5
3 53 9
3 52 5
3 18 -3
3 66 2
3 54 10
3 65 -9
3 21 -9
3 17 10
3 23 8
3 48 -8
3 16 8
3 43 9
3 9 -5
3 28 -4
3 67 -3
3 15 -2
3 56 -7
3 12 -1
3 63 0
3 60 0
3 72 -2
3 64 -7
3 32 0
3 19 -8
3 31 5
3 42 1
3 6 -4
4 38 -2
4 41 -8
4 59 -5
4 37 -10
4 62 5
4 29 6
4 27 8
4 49 10
4 67 8
4 63 -7
4 72 -1
4 61 7
4 24 1
4 30 5
4 10 7
4 55 -10
4 47 -10
4 22 -1
4 18 -4
4 25 -5
4 46 -5
4 13 -5
4 5 -3
4 75 10
4 7 1
4 39 8
4 65 0
4 56 4
4 54 -3
4 52 10
4 28 5
4 74 -4
4 26 -8
5 41 -1
5 43 0
5 73 -10
5 18 -5
5 21 3
5 31 5
5 44 -9
5 70 6
5 35 -2
5 15 3
5 54 5
5 13 7
5 12 -10
5 11 -1
5 42 7
5 16 4
5 25 -3
5 33 3
5 37 -7
5 38 2
5 64 6
5 39 3
5 30 -4
5 51 -2
5 58 -9
5 68 -5
5 62 5
5 72 -3
5 49 9
5 7 1
5 24 8
5 6 8
5 57 10
6 51 1
6 33 10
6 46 10
6 19 -9
6 72 7
6 26 0
6 35 0
6 43 0
6 62 -9
6 58 -9
6 34 -9
6 31 9
6 55 -7
6 44 -4
6 42 7
6 12 -6
6 74 6
6 14 -8
6 39 -1
6 17 -9
6 56 -1
6 53 -10
6 61 -4
6 45 2
6 37 -4
6 10 2
6 28 6
6 67 8
6 8 -4
6 50 3
6 52 10
6 32 9
6 64 -4
6 41 -6
6 54 -4
6 13 1
6 48 7
6 30 -5
6 11 -9
7 29 -2
7 28 -10
7 26 -3
7 34 1
7 38 6
7 42 8
7 53 -5
7 13 -6
7 66 -1
7 15 -10
7 67 3
7 70 2
7 17 4
7 25 -7
7 21 3
7 11 5
7 24 10
7 63 7
7 43 -8
7 23 5
7 40 -4
7 45 5
7 72 0
7 27 -8
7 41 5
7 73 9
7 39 7
7 68 -6
7 64 5
7 61 1
7 52 -7
7 30 8
7 20 9
7 48 5
7 58 7
7 60 -3
7 9 10
8 72 5
8 47 -3
8 15 -3
8 57 4
8 30 -5
8 60 10
8 28 -3
8 29 1
8 55 6
8 73 -8
8 38 -2
8 65 -3
8 66 -5
8 14 -3
8 25 7
8 68 -1
8 63 8
8 58 4
8 10 -3
8 18 10
8 49 -2
8 34 5
8 54 5
8 43 2
8 39 4
8 50 -9
8 48 2
8 45 10
8 22 -3
8 69 -5
8 24 8
8 40 4
8 33 2
8 46 7
8 21 -4
9 44 -8
9 18 5
9 67 -9
9 43 -10
9 31 0
9 15 -8
9 53 4
9 35 -6
9 24 8
9 59 -4
9 16 4
9 29 -10
9 69 -5
9 61 2
9 52 -5
9 64 8
9 39 -7
9 22 -4
9 13 -1
9 71 9
9 47 2
9 70 -7
9 63 9
9 45 4
9 33 5
9 50 0
9 26 6
9 30 -2
9 12 -5
9 40 0
9 41 1
9 60 3
9 48 -7
10 60 3
10 58 1
10 47 7
10 11 -2
10 45 2
10 48 5
10 43 -9
10 62 4
10 67 1
10 71 -10
10 12 -9
10 19 -8
10 35 -3
10 37 -10
10 36 -4
10 57 9
10 56 9
10 21 8
10 13 8
10 63 0
10 41 -2
10 33 0
10 18 5
10 15 0
10 64 -7
10 68 -4
10 26 7
10 31 -1
10 73 -3
10 65 4
10 42 -3
10 55 5
10 50 -7
10 46 4
10 52 10
10 69 4
10 59 5
10 29 4
10 25 6
10 66 -1
10 34 -1
10 74 -10
10 16 9
11 54 -6
11 21 -1
11 72 7
11 70 -2
11 34 -5
11 24 9
11 15 5
11 46 6
11 43 4
11 32 -3
11 66 1
11 57 1
11 20 2
11 31 3
11 48 -3
11 30 -2
11 14 -10
11 56 1
11 65 -4
11 37 0
11 73 8
11 62 -8
11 44 9
11 18 -8
11 55 0
11 26 -6
11 52 -4
11 51 -4
11 12 9
11 69 9
12 30 -9
12 26 3
12 38 10
12 37 10
12 36 -5
12 49 -9
12 53 -8
12 31 -3
12 43 3
12 20 -7
12 74 2
12 35 8
12 16 -2
12 22 -4
12 70 9
12 23 -5
12 15 -10
12 68 -10
12 51 8
12 56 7
12 58 -10
12 65 5
12 73 -10
12 64 -9
12 66 9
12 59 8
12 41 1
12 14 3
12 46 2
12 19 -1
12 25 -7
12 34 10
12 54 -4
12 67 -4
12 60 8
12 17 7
13 35 -9
13 61 -1
13 42 -3
13 31 1
13 54 10
13 40 4
13 24 10
13 70 10
13 45 6
13 51 7
13 68 -1
13 66 -9
13 30 -4
13 65 5
13 50 -9
13 28 8
13 57 0
13 58 -6
13 69 -10
13 16 -5
13 29 -3
13 49 3
13 59 5
13 17 10
13 14 1
13 73 6
13 26 -3
13 43 10
13 55 7
13 53 4
13 23 -4
13 25 -4
13 44 10
14 33 7
14 61 -5
14 43 -6
14 29 9
14 63 8
14 71 -5
14 58 1
14 50 7
14 37 7
14 35 9
14 65 7
14 57 -2
14 34 -3
14 41 -3
14 54 -2
14 74 3
14 19 -3
14 49 -10
14 16 4
14 28 -1
14 15 9
14 21 4
14 70 -8
14 52 -1
14 17 -8
14 56 -10
14 51 7
14 38 -6
14 18 -8
14 24 4
15 44 2
15 48 9
15 31 -4
15 19 -7
15 30 9
15 23 4
15 51 -6
15 25 10
15 60 6
15 45 1
15 36 10
15 16 7
15 73 4
15 38 -3
15 18 -7
15 56 -9
15 72 -8
15 61 -1
15 47 4
15 62 1
15 22 -8
15 63 -2
15 67 2
15 52 7
16 39 -4
16 72 -7
16 27 -8
16 68 -6
16 24 -2
16 45 -9
16 28 8
16 29 9
16 37 5
16 67 6
16 48 -9
16 54 1
16 21 6
16 20 -2
16 51 2
16 62 9
16 55 -1
16 41 -3
16 34 6
16 56 -1
16 63 7
16 31 -4
16 18 5
16 19 2
16 60 4
16 38 6
16 73 -7
16 58 -8
16 25 1
16 22 7
16 32 -2
16 57 3
16 42 -6
17 31 -9
17 72 10
17 22 4
17 69 6
17 23 -10
17 18 0
17 51 -8
17 61 7
17 30 6
17 74 -6
17 58 2
17 41 -5
17 50 3
17 55 9
17 66 -6
17 26 -9
17 25 3
17 54 4
17 48 3
17 52 -3
17 64 -10
17 47 -5
18 67 -9
18 26 -9
18 19 0
18 75 -8
18 48 -3
18 35 9
18 52 -4
18 68 0
18 23 4
18 44 7
18 66 -4
18 43 5
18 55 -8
18 62 -6
18 41 3
18 47 -5
18 71 -10
18 32 0
18 38 -9
18 53 8
18 58 0
18 42 -7
18 69 4
18 59 2
18 34 -5
18 29 -6
18 40 5
19 64 -8
19 37 -7
19 70 -5
19 59 4
19 38 -1
19 52 -9
19 25 10
19 31 8
19 46 -5
19 44 -6
19 41 -7
19 69 0
19 20 1
19 54 2
19 73 -3
19 24 -7
19 62 -5
19 36 -9
19 66 2
19 42 8
19 58 -10
19 68 -1
19 40 6
19 51 -2
19 74 0
19 47 5
19 48 -5
19 61 8
19 30 8
19 63 0
20 62 1
20 41 3
20 39 -1
20 51 4
20 28 10
20 23 -8
20 67 4
20 53 -3
20 44 1
20 37 -9
20 60 -3
20 31 -4
20 24 -7
20 55 -7
20 40 -4
20 46 5
20 63 10
20 43 -2
20 59 -5
20 64 3
20 70 8
20 30 0
20 38 -4
20 73 2
20 33 -9
20 35 0
21 65 9
21 45 -3
21 40 -1
21 24 0
21 43 -8
21 50 2
21 46 6
21 74 -8
21 33 7
21 22 6
21 75 -10
21 35 0
21 63 -4
21 57 -9
21 30 -3
21 27 -8
21 32 9
21 28 7
21 29 -5
21 69 -4
21 37 10
21 68 10
21 38 -7
22 65 -4
22 46 4
22 25 -5
22 63 -2
22 51 9
22 44 4
22 50 6
22 24 1
22 59 -5
22 62 0
22 23 -2
22 42 0
22 73 -7
22 37 -4
22 61 -2
22 68 7
22 52 -5
22 49 -7
22 57 6
22 72 5
22 58 5
22 69 0
22 39 7
22 53 -5
22 27 -6
22 48 -7
22 32 -10
22 41 0
22 47 10
22 40 9
22 26 6
23 55 -8
23 37 -6
23 70 -6
23 33 2
23 26 5
23 58 3
23 61 -9
23 24 -5
23 30 -2
23 54 -4
23 44 2
23 64 -3
23 47 -4
23 27 -2
23 69 -2
23 71 3
23 41 4
23 35 1
23 28 -7
23 34 9
23 52 8
23 67 1
24 37 0
24 73 -10
24 51 9
24 65 -1
24 56 -2
24 58 -6
24 28 -10
24 69 5
24 63 -5
24 35 5
24 67 5
24 33 1
24 71 -6
24 57 6
24 50 -6
24 38 -10
24 31 4
24 61 7
24 43 1
24 46 0
24 49 6
24 32 -3
24 47 1
24 75 1
25 74 0
25 58 -5
25 29 -2
25 57 -3
25 56 8
25 59 -4
25 40 -10
25 47 10
25 48 3
25 53 9
25 46 3
25 60 10
25 42 -6
25 55 7
25 62 10
25 63 -4
25 52 5
25 39 10
25 75 -3
25 65 0
26 39 -2
26 68 -1
26 40 1
26 62 5
26 37 -6
26 46 -1
26 45 3
26 59 5
26 72 10
26 53 5
26 29 -2
26 74 1
26 67 -1
26 42 -7
26 49 -5
26 69 1
26 52 4
26 32 -1
26 48 -5
26 63 3
27 42 5
27 34 1
27 28 10
27 67 -6
27 32 10
27 74 10
27 66 10
27 68 4
27 50 -1
27 36 -5
27 59 9
27 29 1
27 48 -9
27 63 -7
27 73 -7
27 71 10
27 75 2
27 54 8
27 47 -6
27 49 10
27 72 1
27 37 2
28 34 2
28 62 3
28 59 -10
28 40 -4
28 33 2
28 41 -8
28 74 9
28 63 -3
28 44 -7
28 71 -8
28 32 2
28 65 -1
28 43 7
28 46 9
28 29 4
28 37 -8
28 35 1
28 70 5
29 34 -1
29 44 -6
29 33 2
29 56 -3
29 74 -8
29 71 10
29 54 6
29 73 -4
29 55 9
29 50 4
29 66 1
29 39 8
29 52 -5
29 32 -6
29 37 1
29 42 6
29 70 0
29 64 9
29 30 4
29 43 2
30 55 6
30 58 -1
30 50 -4
30 36 2
30 51 -10
30 42 -1
30 53 -7
30 40 3
30 69 5
30 57 1
30 37 8
30 45 -5
30 70 -3
30 34 2
30 60 -8
30 47 9
30 63 -4
30 46 -9
30 62 -6
31 67 10
31 44 -9
31 72 -7
31 46 1
31 71 0
31 53 -6
31 35 1
31 40 0
31 54 2
31 55 -3
31 34 9
31 47 4
31 73 -10
31 75 4
31 65 10
31 70 5
31 37 8
31 50 2
31 68 -1
31 51 -2
31 62 0
31 57 10
31 43 3
32 35 0
32 57 6
32 58 4
32 42 6
32 73 -9
32 54 9
32 55 9
32 47 3
32 52 5
32 59 -8
32 46 -6
32 65 -10
32 72 -3
32 39 6
32 37 -1
32 64 4
32 40 -10
32 62 2
32 53 5
32 38 -5
32 70 10
32 36 3
32 45 -10
32 56 -7
32 49 9
33 75 -7
33 62 -10
33 56 6
33 57 7
33 47 -3
33 44 -2
33 59 -10
33 46 -7
33 41 0
33 73 5
33 54 6
33 63 -5
33 35 -8
33 53 -10
33 64 5
33 70 -4
33 50 -8
33 40 5
33 49 4
33 61 -1
33 51 5
33 58 -2
33 68 -6
34 39 3
34 66 8
34 64 6
34 75 -1
34 52 1
34 49 9
34 62 -6
34 61 1
34 74 -4
34 47 -10
34 70 0
34 59 3
34 38 1
34 56 -7
34 54 -8
34 69 -1
34 36 -4
34 43 -5
34 40 -4
35 71 -10
35 51 2
35 73 -9
35 74 4
35 49 1
35 62 -3
35 48 7
35 45 4
35 53 -9
35 70 10
35 59 -9
35 64 1
35 68 -9
35 60 2
35 40 4
35 66 -2
35 61 -1
35 55 -2
35 57 6
35 52 1
35 46 -2
35 58 7
35 41 10
35 42 7
36 72 -3
36 66 -4
36 71 0
36 40 -10
36 42 9
36 63 -3
36 65 3
36 37 0
36 54 9
36 55 -7
36 56 -2
36 52 10
36 47 -2
36 50 6
36 38 8
36 44 5
36 64 -6
37 65 -5
37 48 8
37 44 -8
37 75 2
37 41 -8
37 51 1
37 47 5
37 52 -9
37 73 4
37 69 -10
37 38 -3
37 66 0
37 54 6
37 70 -8
37 45 -6
37 61 1
37 55 4
37 53 -10
37 49 -5
37 68 -5
37 63 -6
37 50 -10
37 56 5
37 60 -3
38 66 6
38 47 -3
38 72 -1
38 69 7
38 40 9
38 43 -9
38 63 9
38 64 0
38 68 2
38 46 -8
38 51 -8
38 57 7
38 55 2
38 56 -6
38 41 7
38 75 -7
38 67 0
38 65 4
39 60 -7
39 58 5
39 47 -8
39 67 -9
39 57 10
39 45 10
39 73 9
39 69 3
39 72 0
39 50 -4
39 54 -3
39 64 9
39 74 -10
39 44 8
39 63 0
39 62 10
39 51 1
40 66 -9
40 63 -6
40 60 -8
40 70 7
40 42 8
40 55 -10
40 54 5
40 43 6
40 58 5
40 56 3
40 41 1
40 74 -9
40 72 -6
40 47 2
40 44 -1
40 52 9
40 64 2
40 48 1
40 45 7
40 57 -4
41 47 -2
41 65 -2
41 45 -7
41 46 -9
41 48 -7
41 58 -3
41 43 5
41 49 -3
41 61 7
41 55 -8
41 57 3
42 56 5
42 49 -9
42 59 0
42 68 6
42 64 2
42 72 0
42 62 -1
42 66 -7
42 54 8
42 60 8
42 52 4
42 74 3
42 47 -5
42 48 -9
42 46 -1
42 55 -4
43 48 7
43 65 8
43 50 10
43 49 4
43 64 -2
43 71 5
43 67 -2
43 47 4
43 54 -5
43 55 6
43 70 -2
43 72 -3
43 59 3
43 75 8
43 74 3
43 60 -8
43 69 8
43 62 -5
43 66 0
43 51 -1
43 45 5
44 57 8
44 58 -4
44 62 -4
44 46 0
44 55 2
44 67 10
44 71 -3
44 50 2
44 51 8
44 56 4
44 45 8
44 74 7
44 59 -1
44 54 7
44 75 0
44 60 -3
45 48 -7
45 65 -6
45 58 6
45 54 10
45 75 0
45 69 -9
45 62 5
45 52 2
45 74 5
45 46 2
45 68 -6
45 49 7
45 61 9
45 64 -4
46 68 -3
46 65 -4
46 71 -4
46 61 6
46 58 -8
46 70 10
46 74 3
46 54 2
46 63 8
46 66 -4
46 69 9
46 57 3
46 56 -4
46 64 -4
46 59 -5
46 47 -5
46 48 -10
47 50 -8
47 75 -6
47 49 2
47 56 6
47 52 -7
47 58 6
47 68 -3
47 66 -10
47 65 6
48 73 -5
48 60 1
48 70 5
48 62 -10
48 66 -1
48 49 -8
48 51 3
48 56 -1
48 50 0
48 64 -7
48 68 -9
48 67 2
48 59 -7
48 69 -6
48 65 3
48 52 8
49 70 1
49 58 1
49 55 -6
49 63 -6
49 51 5
49 73 -8
49 66 5
49 69 -6
49 75 -3
49 71 -3
49 68 5
49 59 5
49 72 -7
49 53 10
49 74 1
50 68 3
50 57 -1
50 61 -4
50 56 8
50 66 0
50 69 5
50 62 1
50 63 -9
50 59 -6
50 72 2
50 71 -6
50 60 -1
50 53 4
50 75 7
50 64 4
50 73 -7
50 51 -4
51 57 -3
51 55 10
51 64 -6
51 52 -6
51 62 -5
51 65 -2
51 53 6
51 63 4
51 71 -3
51 74 9
52 69 -8
52 58 -5
52 71 8
52 72 -3
52 65 -5
52 53 5
52 54 -9
52 74 -6
52 56 10
52 63 2
52 68 -1
52 67 -1
52 60 10
53 71 9
53 64 -3
53 63 9
53 73 10
53 69 2
53 55 -8
53 67 5
53 59 -10
53 75 -7
53 57 10
53 62 9
53 66 -2
53 58 -3
54 68 -5
54 63 0
54 73 -4
54 70 -3
54 58 -10
54 64 2
54 59 -4
54 66 7
54 56 5
54 55 -1
55 73 9
55 57 7
55 63 8
55 62 8
55 61 7
55 58 9
55 70 -2
55 65 -4
55 60 10
55 71 -6
55 75 -2
55 66 9
55 74 -1
56 73 7
56 75 5
56 61 -9
56 69 -1
56 63 -8
56 66 -4
56 57 -2
56 70 -6
57 67 -10
57 66 9
57 68 5
57 62 -4
57 73 8
57 72 -3
57 69 2
57 75 10
57 59 9
58 62 -2
58 59 8
58 73 -3
58 75 -5
58 68 2
58 71 -2
58 69 8
58 60 1
58 64 4
58 70 7
58 65 -1
59 68 -4
59 61 2
59 65 9
59 63 6
59 67 9
59 75 -4
59 73 -8
60 62 -6
60 68 3
60 64 2
60 65 1
60 73 -7
60 70 -4
60 66 -8
60 71 -9
61 72 -9
61 62 -8
61 70 2
61 67 6
61 71 5
61 64 1
61 69 -1
61 73 -1
62 65 7
62 68 4
62 70 -3
62 67 2
62 66 4
63 68 -1
63 70 -4
63 71 -4
63 65 -5
63 64 0
63 72 -8
64 70 8
64 72 6
64 74 -1
64 69 -1
64 65 10
64 67 8
65 66 6
65 71 -4
65 74 -7
65 73 -4
65 75 10
66 70 10
66 67 3
66 74 -2
66 69 7
67 69 2
67 72 10
67 70 -7
67 68 -2
68 73 8
68 74 9
68 75 8
68 72 -9
68 70 2
69 71 5
69 72 -1
70 71 -1
71 75 -5
71 74 -5
71 73 5
72 73 -2
72 74 1
73 75 -6
73 74 -7
