75 1388 
1 24 -7
1 57 7
1 41 -8
1 48 2
1 70 2
1 21 -3
1 9 8
1 13 -3
1 11 6
1 20 9
1 59 10
1 25 -8
1 39 3
1 45 -6
1 42 -10
1 27 7
1 51 -8
1 68 3
1 61 -3
1 35 2
1 18 -4
1 38 4
1 6 3
1 54 -6
1 15 4
1 60 -6
1 5 -10
1 53 6
1 14 -9
1 31 7
1 43 5
1 44 4
1 4 7
1 28 10
1 52 -6
1 71 9
2 53 -8
2 39 -10
2 17 6
2 38 -8
2 66 -7
2 55 -8
2 63 10
2 22 -3
2 71 4
2 20 -4
2 68 -3
2 69 8
2 52 -9
2 74 -1
2 9 -9
2 34 -2
2 31 2
2 64 2
2 54 1
2 70 9
2 48 7
2 21 2
2 11 9
2 29 -1
2 65 2
2 33 -10
2 15 7
2 43 6
2 16 -9
2 42 -3
2 6 4
2 35 8
3 8 10
3 7 2
3 43 0
3 74 8
3 35 0
3 45 0
3 17 8
3 36 7
3 48 0
3 73 -8
3 25 -3
3 39 -3
3 16 -8
3 22 1
3 47 6
3 57 -5
3 34 8
3 66 10
3 53 1
3 60 -8
3 14 8
3 52 3
3 40 -1
3 75 6
3 58 -5
3 11 1
3 41 -1
3 68 -3
3 61 -7
3 26 10
3 59 5
3 62 2
3 15 -4
3 72 1
3 23 8
3 33 -1
3 56 -6
4 73 0
4 65 -8
4 35 9
4 14 -9
4 69 -6
4 67 3
4 44 -1
4 54 6
4 6 1
4 22 5
4 29 4
4 12 4
4 13 -6
4 74 -2
4 59 6
4 34 3
4 71 4
4 11 4
4 63 7
4 28 8
4 16 5
4 33 2
4 64 4
4 10 -6
4 7 -8
4 25 -6
4 61 4
4 48 -9
4 18 -3
4 40 -2
4 50 -2
4 43 9
4 24 -2
5 15 5
5 20 9
5 26 -1
5 21 5
5 49 -2
5 69 -4
5 66 5
5 73 -8
5 65 -4
5 57 -5
5 28 5
5 17 6
5 9 -4
5 34 9
5 68 -4
5 67 8
5 61 3
5 45 7
5 74 -7
5 48 -8
5 46 10
5 50 7
5 59 5
5 41 -2
5 30 1
5 18 10
5 55 -2
5 44 3
5 16 6
5 22 2
5 56 -3
5 38 8
6 25 6
6 16 -1
6 73 -8
6 45 1
6 13 -5
6 58 -1
6 12 -2
6 71 -9
6 64 -7
6 51 -5
6 37 -1
6 21 -7
6 10 -2
6 48 4
6 23 7
6 43 -2
6 44 5
6 33 3
6 63 9
6 57 -10
6 66 6
6 19 -4
6 8 -6
6 11 8
6 7 -10
6 68 -5
6 67 -8
6 32 10
6 31 3
6 70 -4
6 74 -2
6 17 3
6 50 4
6 28 3
6 38 -2
6 56 1
6 62 -4
6 47 3
7 21 -4
7 61 9
7 65 -9
7 29 -1
7 68 1
7 46 -2
7 73 3
7 10 5
7 47 -4
7 64 8
7 72 -10
7 69 8
7 38 3
7 63 10
7 74 -6
7 48 -9
7 71 -5
7 33 -5
7 15 0
7 13 3
7 56 -3
7 34 -8
7 44 0
7 66 8
7 43 -6
7 75 9
7 37 5
7 54 2
7 11 6
7 59 1
7 20 -3
7 42 4
8 57 3
8 42 -10
8 52 3
8 67 1
8 64 -8
8 40 7
8 23 0
8 26 -4
8 21 5
8 38 3
8 12 10
8 58 2
8 46 -4
8 24 -7
8 10 10
8 30 1
8 14 8
8 16 -3
8 45 3
8 68 10
8 73 -2
8 50 10
8 62 -3
8 61 -5
8 19 6
8 72 7
8 63 -8
8 60 0
8 43 -10
8 70 -9
8 20 9
8 31 9
9 29 -5
9 73 -2
9 68 -9
9 37 -8
9 35 8
9 69 -9
9 28 -7
9 55 8
9 15 2
9 74 -2
9 67 4
9 32 -10
9 12 -7
9 31 4
9 23 2
9 63 2
9 30 -7
9 33 7
9 17 10
9 19 2
9 36 -7
9 57 10
9 71 3
9 61 6
9 34 -10
9 16 -8
9 42 9
9 14 1
9 26 -6
9 52 -5
9 11 -10
9 70 0
9 65 6
9 45 -6
9 25 10
9 39 -3
9 66 -9
9 59 9
10 59 -2
10 71 5
10 14 8
10 37 -10
10 52 3
10 45 -4
10 13 0
10 62 0
10 12 -9
10 19 8
10 61 -8
10 54 1
10 34 5
10 33 2
10 75 5
10 72 -5
10 63 -2
10 48 -3
10 43 8
10 73 -2
10 36 -10
10 58 -1
10 35 1
10 31 6
10 50 7
10 57 4
10 41 -5
10 16 9
10 30 1
10 38 -5
10 65 9
10 66 -9
10 51 -3
10 67 4
11 19 0
11 39 -3
11 35 -1
11 13 -3
11 37 10
11 63 -9
11 16 -9
11 43 3
11 33 1
11 65 4
11 72 -8
11 66 -1
11 28 1
11 21 0
11 45 -7
11 67 9
11 54 -5
11 58 8
11 44 2
11 62 -10
11 24 8
11 56 1
11 64 -5
11 38 0
11 30 -3
11 18 5
11 75 -7
11 26 7
11 47 -10
12 59 2
12 27 7
12 46 -2
12 49 4
12 53 -5
12 41 -1
12 20 8
12 63 5
12 38 3
12 69 -1
12 74 8
12 21 -1
12 29 -8
12 36 -10
12 55 6
12 23 10
12 14 0
12 52 -8
12 43 -2
12 57 10
12 25 -2
12 68 4
12 35 7
12 15 -5
12 71 6
12 56 -3
12 72 10
13 56 -7
13 57 1
13 27 -1
13 60 9
13 50 7
13 69 9
13 40 5
13 68 -6
13 44 10
13 32 -10
13 31 1
13 45 8
13 73 9
13 35 -3
13 24 2
13 64 8
13 74 10
13 20 -7
13 49 2
13 34 -8
13 18 7
13 62 4
13 22 -3
13 17 1
13 52 -6
13 61 -10
13 71 -10
13 42 -9
13 38 -5
13 41 -7
13 46 -10
13 39 -3
14 46 7
14 67 -6
14 50 9
14 44 4
14 39 2
14 42 7
14 22 -1
14 48 8
14 34 10
14 60 0
14 52 6
14 40 5
14 55 -5
14 38 8
14 26 10
14 23 -6
14 59 -5
14 68 8
14 61 4
14 73 9
14 70 -6
14 56 -2
14 27 -2
14 62 -1
14 75 -6
14 35 -5
14 36 -8
14 54 -3
14 32 -8
14 71 6
14 15 -10
14 69 4
14 66 -7
14 45 1
14 30 -10
15 33 -5
15 19 -5
15 68 -3
15 70 1
15 46 8
15 53 -5
15 30 7
15 71 -5
15 31 -1
15 61 2
15 20 10
15 73 2
15 47 7
15 29 -3
15 54 -6
15 66 9
15 57 2
15 56 9
15 23 -9
15 44 -6
15 63 -2
15 43 8
15 50 -10
15 48 8
15 62 6
15 52 -8
15 28 -3
15 58 -2
15 45 1
15 67 8
16 21 -2
16 67 -5
16 57 -1
16 32 8
16 65 -4
16 42 -6
16 62 0
16 70 7
16 50 -7
16 36 7
16 33 0
16 49 -2
16 56 -10
16 30 6
16 61 7
16 69 5
16 53 -6
16 46 -9
16 51 4
16 31 -8
16 72 -7
16 39 0
16 34 1
16 22 3
16 19 0
16 52 2
16 64 9
16 74 -10
16 27 4
16 68 -10
16 63 8
17 73 -7
17 20 1
17 47 -6
17 38 7
17 36 -8
17 63 0
17 42 4
17 40 0
17 21 3
17 71 -10
17 28 -2
17 39 1
17 65 4
17 29 8
17 31 -6
17 57 5
17 64 -10
17 72 3
17 51 4
17 25 -1
17 46 -3
17 74 -4
17 60 -10
17 58 -9
17 32 0
17 19 4
17 70 8
17 49 -9
17 48 -10
17 68 5
17 67 -2
18 36 -9
18 20 8
18 22 10
18 34 1
18 52 4
18 66 5
18 23 2
18 19 -7
18 24 -5
18 73 9
18 67 -7
18 45 1
18 50 -1
18 49 -9
18 68 -8
18 62 1
18 43 9
18 32 9
18 47 2
18 70 2
18 58 7
18 46 -4
18 55 2
18 54 -8
18 37 8
18 64 -2
18 31 8
19 34 -9
19 48 7
19 42 -4
19 25 -4
19 30 6
19 28 0
19 33 -4
19 60 -10
19 45 -7
19 35 6
19 44 -6
19 54 0
19 75 -10
19 56 7
19 55 2
19 66 -8
19 70 -1
19 27 -4
19 31 3
19 67 -5
19 63 -7
19 40 -8
19 46 6
19 74 -2
19 23 0
19 49 -8
19 64 -7
19 43 -3
19 62 4
19 22 -5
19 41 -9
19 38 1
20 60 8
20 73 -7
20 57 4
20 22 -1
20 27 5
20 61 4
20 29 2
20 41 -9
20 26 -4
20 53 -1
20 63 6
20 43 6
20 54 9
20 31 -2
20 23 -10
20 62 2
20 21 4
20 65 -10
20 46 2
20 71 -7
20 36 -2
20 59 5
20 44 -10
20 37 -10
20 45 7
20 34 4
20 32 9
20 42 7
20 64 3
20 24 -3
20 72 2
20 69 2
21 58 -7
21 48 3
21 27 -1
21 38 6
21 32 -10
21 39 1
21 54 2
21 44 -10
21 30 -5
21 59 8
21 67 3
21 53 2
21 46 6
21 29 -4
21 68 3
21 24 3
21 41 3
21 34 7
21 35 -1
21 51 -4
21 45 -4
21 73 -1
21 37 -10
21 69 -7
21 64 3
21 23 -6
21 36 -4
21 70 -3
21 61 -2
21 28 3
22 26 -3
22 41 -4
22 46 2
22 60 6
22 71 5
22 62 2
22 74 -1
22 51 0
22 65 8
22 57 8
22 69 0
22 31 -1
22 34 -10
22 49 -2
22 47 -9
22 54 3
22 58 3
22 66 7
22 68 1
22 67 2
22 56 -7
22 40 0
22 63 -4
22 37 -9
22 48 5
22 38 -10
22 70 10
22 24 -10
23 60 -7
23 31 -1
23 62 10
23 49 3
23 73 5
23 67 7
23 59 9
23 46 7
23 66 -7
23 25 4
23 32 -6
23 36 -6
23 50 -8
23 28 -10
23 52 9
23 27 -10
23 33 4
23 45 3
23 48 -1
23 65 -8
23 64 10
23 74 9
23 61 10
23 63 -1
23 47 -7
23 72 1
23 56 2
23 41 4
23 38 9
23 75 5
23 26 -9
24 60 7
24 71 1
24 30 -8
24 28 -6
24 46 -1
24 49 3
24 58 5
24 31 9
24 27 -1
24 34 5
24 41 6
24 40 -8
24 25 -10
24 66 -4
24 56 7
24 62 -5
24 75 10
24 45 -6
24 37 8
24 33 -9
24 52 4
24 43 0
24 44 8
24 47 7
24 26 9
24 64 -7
24 48 -1
24 42 -2
24 63 -1
25 42 -3
25 71 -3
25 64 6
25 35 -5
25 58 1
25 38 5
25 54 -2
25 52 -6
25 44 -6
25 65 7
25 29 3
25 61 5
25 46 -9
25 33 1
25 49 -8
25 63 4
25 60 -10
25 43 5
25 73 -5
25 69 0
25 66 -10
25 75 1
25 28 10
25 41 -3
25 32 7
26 36 2
26 55 -9
26 75 9
26 45 -5
26 43 2
26 51 9
26 44 -10
26 63 7
26 35 -6
26 27 -2
26 72 -9
26 67 2
26 73 9
26 54 -10
27 74 -4
27 56 9
27 57 -3
27 72 -4
27 33 4
27 63 1
27 29 -9
27 38 7
27 69 2
27 35 9
27 32 0
27 75 8
27 45 3
27 60 8
27 28 5
27 41 3
27 48 5
27 67 -10
27 47 -8
27 64 10
27 71 5
27 50 9
27 55 8
27 53 -8
27 43 5
27 58 0
28 65 0
28 58 -4
28 67 -8
28 64 -10
28 40 -4
28 48 2
28 43 -10
28 72 -10
28 30 4
28 56 8
28 42 -10
28 63 2
28 37 9
28 32 6
28 35 1
28 66 -3
28 41 6
28 39 -4
28 31 7
28 38 7
28 68 3
28 53 -8
29 33 2
29 72 -1
29 35 -5
29 50 1
29 58 10
29 52 3
29 73 7
29 56 -6
29 70 -8
29 46 5
29 66 2
29 44 5
29 42 -10
29 69 10
29 51 -7
29 61 2
29 71 -4
29 68 -3
29 38 -2
29 31 3
30 42 -1
30 73 6
30 69 -4
30 43 9
30 56 -3
30 66 8
30 53 -4
30 60 6
30 47 10
30 44 6
30 61 0
30 32 -7
30 49 -7
30 70 -4
30 55 0
30 33 -9
30 35 -5
30 54 2
30 45 -8
31 64 -2
31 62 6
31 43 -2
31 70 -5
31 57 -10
31 47 9
31 56 -3
31 42 -6
31 63 -5
31 33 4
31 32 -5
31 69 4
31 74 -9
31 59 -9
31 58 -8
31 38 5
31 51 2
31 67 -1
31 60 -4
31 61 7
31 71 -7
32 47 8
32 55 7
32 58 0
32 35 5
32 34 -3
32 43 -4
32 57 3
32 41 -8
32 38 6
32 63 2
32 37 4
32 44 -2
32 66 4
32 61 1
32 72 3
32 56 8
32 60 8
33 69 1
33 49 -2
33 62 10
33 42 -10
33 58 -3
33 39 6
33 37 1
33 35 -10
33 71 9
33 57 -10
33 43 2
33 47 -4
33 60 -1
33 45 8
33 61 -9
33 56 -5
33 63 6
33 66 5
33 75 5
33 72 2
33 73 4
33 54 -9
34 41 7
34 48 8
34 62 7
34 65 3
34 68 0
34 74 10
34 51 -9
34 45 -8
34 66 1
34 58 6
34 38 2
34 37 -5
34 67 2
34 49 -10
34 59 -7
34 55 -6
34 36 -6
34 39 -1
34 40 -1
34 71 4
34 35 -9
34 54 9
34 43 4
34 42 10
34 46 -6
34 44 2
35 66 -2
35 44 5
35 42 -4
35 48 -2
35 57 5
35 63 -9
35 61 1
35 47 -1
35 41 -5
35 68 -4
35 45 8
35 39 -9
35 58 9
35 72 6
35 69 10
35 55 -9
35 60 5
35 74 -10
35 59 1
36 59 -9
36 63 -6
36 50 10
36 43 7
36 60 -3
36 38 5
36 64 8
36 55 -8
36 66 8
36 74 -7
36 69 8
36 56 -9
36 70 -7
36 47 3
37 57 6
37 39 -7
37 52 -2
37 43 8
37 74 8
37 72 -7
37 59 10
37 41 -4
37 62 4
37 73 6
37 60 0
37 69 6
37 61 -6
37 42 1
37 54 -1
37 68 -8
37 63 8
37 49 0
38 61 7
38 39 9
38 44 -9
38 58 7
38 59 4
38 42 -10
38 50 7
38 64 7
38 52 6
38 46 -5
38 57 6
38 56 5
38 47 5
38 40 -5
38 43 4
38 48 -4
38 54 3
38 51 3
39 45 0
39 60 -4
39 58 3
39 64 -6
39 52 7
39 67 0
39 55 -8
39 46 7
39 59 -3
39 62 3
39 41 1
39 50 1
39 68 4
39 47 -5
39 53 -6
39 75 3
39 48 2
40 57 -8
40 54 0
40 51 -7
40 69 -6
40 55 6
40 64 -2
40 43 -7
40 63 2
40 59 8
40 67 -8
40 50 7
40 73 7
40 44 2
40 66 -8
40 53 -5
40 41 0
40 49 7
40 72 -6
40 62 -3
41 75 1
41 71 5
41 58 10
41 61 -5
41 66 2
41 65 -9
41 42 -5
41 46 5
41 52 10
41 64 3
41 48 0
41 56 5
41 69 2
41 74 -8
41 55 -5
41 50 -4
41 73 8
41 54 -8
41 68 5
42 45 -2
42 59 -9
42 46 6
42 64 -9
42 62 -4
42 51 1
42 57 5
42 75 10
42 73 -7
42 50 -1
42 68 1
42 55 -10
43 75 3
43 60 3
43 48 -9
43 47 3
43 55 3
43 74 2
43 68 8
43 54 -8
43 61 0
43 62 -1
43 44 1
43 59 -10
43 72 -6
43 69 -5
43 70 10
44 54 -7
44 60 1
44 45 -9
44 66 0
44 58 8
44 56 -4
44 55 -6
44 52 -8
44 71 3
44 57 -9
44 48 3
44 75 -5
44 64 -10
44 69 -9
44 47 3
44 62 5
44 67 -9
44 50 7
44 63 -1
45 66 10
45 75 -5
45 72 0
45 68 3
45 48 4
45 73 -8
45 60 9
45 70 -10
45 49 -3
45 58 -8
45 52 2
45 71 -9
45 74 -6
45 63 3
45 59 2
46 63 8
46 69 0
46 58 9
46 52 -10
46 71 0
46 75 6
46 62 -8
46 65 5
46 50 6
46 47 6
46 68 -10
46 59 0
46 66 -5
46 67 2
46 60 -6
47 71 -9
47 52 -6
47 58 -2
47 61 -4
47 53 0
47 57 7
47 54 10
47 70 4
47 65 10
47 59 8
47 66 2
47 49 -3
48 51 1
48 59 -9
48 57 -3
48 54 3
48 56 -10
48 68 -2
48 69 10
48 74 3
48 62 -8
48 64 5
48 65 1
48 63 -4
48 49 0
49 61 -3
49 73 3
49 66 9
49 68 8
49 50 1
49 58 0
49 63 4
49 53 0
49 55 4
49 56 -3
49 57 7
49 54 9
49 52 -1
49 65 8
49 51 3
50 63 -3
50 53 -10
50 75 -7
50 66 -1
50 71 3
50 56 -9
50 51 -9
50 54 2
50 74 8
50 55 3
50 62 -4
50 69 8
51 63 -6
51 70 -7
51 65 3
51 59 -3
51 57 3
51 73 6
51 69 8
51 71 8
51 52 -7
51 61 8
51 66 8
52 56 -9
52 73 3
52 68 0
52 61 6
52 72 2
52 67 10
52 59 5
52 62 -9
52 54 -5
52 63 9
53 58 -7
53 54 5
53 74 5
53 69 -9
53 57 1
53 60 2
53 70 7
53 63 4
53 61 5
54 61 -1
54 59 5
54 62 8
54 55 10
54 63 -4
54 57 9
54 58 -5
54 66 -7
54 74 0
54 71 -4
54 73 -9
54 69 4
54 56 -9
54 64 -2
55 58 8
55 60 -6
55 63 6
55 68 -10
55 61 -6
55 70 3
55 56 4
55 75 10
55 74 5
55 59 -8
55 71 6
56 62 -4
56 67 6
56 73 3
56 60 -2
56 61 2
56 65 -1
56 63 -4
56 74 -1
56 59 3
56 58 -2
56 68 -6
56 75 4
56 69 -9
57 67 -5
57 63 10
57 60 4
57 61 3
57 68 8
57 69 -1
57 58 9
57 65 9
57 75 -10
57 64 -4
58 75 -6
58 72 -10
58 60 0
58 74 -8
58 67 10
58 71 -9
58 64 -1
58 66 4
59 64 1
59 60 -9
59 65 8
59 68 -10
60 71 6
60 66 -5
60 68 8
60 61 -4
60 63 1
60 62 5
60 72 6
60 75 -4
60 64 4
60 74 6
60 70 3
61 67 -2
61 68 1
61 65 -10
61 64 -5
61 66 -9
61 71 9
62 72 9
62 69 2
62 71 2
63 74 0
63 73 9
63 64 -8
63 69 -2
63 68 -5
63 70 -8
64 75 -2
64 72 -6
64 68 8
64 73 -1
64 66 -10
64 69 6
64 67 7
65 68 -8
65 69 2
65 75 0
65 70 2
65 73 -4
65 72 0
66 75 3
66 71 -9
66 72 7
66 69 1
66 67 -6
66 70 7
67 68 8
67 74 1
67 69 -10
67 75 -1
67 73 -3
67 72 -10
68 70 -5
68 75 6
68 71 -5
68 73 5
68 69 -9
69 73 -10
69 70 9
69 72 -9
70 71 5
70 73 -7
70 74 6
71 74 -4
71 73 -8
72 74 1
73 74 -1
