75 1388 
1 48 3
1 55 -8
1 46 0
1 23 -6
1 41 -4
1 57 -10
1 44 10
1 60 4
1 59 -1
1 20 5
1 2 10
1 35 -2
1 7 3
1 8 -9
1 30 -5
1 64 7
1 68 0
1 13 10
1 72 -2
1 17 2
1 65 -5
1 63 4
1 18 -2
1 9 5
1 51 2
1 10 -9
1 52 -8
1 38 4
1 29 -5
1 61 9
1 66 7
1 53 9
1 14 -4
1 16 -1
1 19 9
1 69 5
1 67 5
1 3 -5
1 25 -6
2 44 4
2 54 -10
2 9 10
2 24 -10
2 59 3
2 74 -8
2 66 7
2 48 4
2 31 2
2 32 7
2 42 -7
2 68 -5
2 35 -9
2 65 -9
2 28 -6
2 16 10
2 19 7
2 12 9
2 58 -7
2 69 -3
2 61 -1
2 52 -10
2 73 3
2 50 -2
2 56 -5
2 40 8
2 45 -5
2 71 10
3 58 9
3 73 6
3 57 7
3 35 2
3 14 -8
3 41 -9
3 12 4
3 72 2
3 62 -6
3 32 -6
3 53 1
3 21 1
3 70 7
3 65 -4
3 36 -1
3 71 10
3 4 8
3 42 -8
3 69 -1
3 38 -2
3 56 -4
3 13 10
3 60 7
3 47 -1
3 48 5
3 16 -2
3 50 1
3 44 -5
3 11 -2
3 75 -10
3 31 5
3 59 -8
3 5 -7
3 9 2
3 22 10
3 63 -6
4 65 8
4 69 6
4 44 6
4 61 7
4 74 0
4 16 9
4 75 1
4 10 9
4 62 5
4 41 9
4 31 -10
4 32 10
4 48 -4
4 19 -7
4 14 9
4 68 8
4 51 10
4 63 6
4 52 10
4 36 -6
4 58 -10
4 53 4
4 8 0
4 49 2
4 67 -4
4 38 9
4 43 -2
4 71 7
4 50 -3
4 15 -7
4 28 -1
4 42 -10
4 64 -6
4 5 -5
4 39 -3
5 43 2
5 15 5
5 68 0
5 69 2
5 65 -2
5 20 9
5 13 2
5 21 -10
5 25 7
5 67 8
5 75 -5
5 34 -8
5 51 3
5 59 6
5 29 8
5 35 -6
5 46 0
5 26 8
5 22 0
5 33 -8
5 73 9
5 31 -8
5 11 -4
5 16 3
5 7 -4
5 53 -2
5 72 5
5 41 1
5 55 7
5 70 4
5 42 2
5 64 -3
5 18 -10
5 63 -4
5 12 -5
5 30 -8
6 20 -9
6 7 -6
6 57 7
6 16 4
6 70 -2
6 25 -3
6 53 -7
6 63 -10
6 24 -4
6 52 -8
6 18 -2
6 33 -3
6 69 -7
6 56 -7
6 29 9
6 37 -2
6 61 -10
6 27 -3
6 40 -1
6 45 3
6 21 -2
6 75 10
6 59 6
6 38 6
6 23 -10
6 28 2
6 14 -7
6 30 1
6 46 5
6 17 -3
6 47 -3
6 41 4
6 11 -8
6 12 9
6 39 -8
6 73 2
6 66 -4
6 13 -10
7 55 3
7 45 3
7 59 -4
7 72 9
7 12 9
7 24 -9
7 68 -3
7 41 -1
7 39 2
7 48 -8
7 20 10
7 58 7
7 52 3
7 14 9
7 31 10
7 29 -10
7 50 -5
7 51 5
7 66 -6
7 69 -10
7 34 -9
7 11 10
7 18 -7
7 10 9
7 16 -2
7 9 -2
7 19 -10
7 38 8
7 21 -7
7 46 -6
7 27 -4
7 67 -4
7 23 -9
7 35 7
7 44 5
7 75 8
7 71 7
7 74 -8
7 32 -3
7 15 -5
8 50 10
8 43 -1
8 68 -10
8 55 7
8 56 3
8 54 -1
8 42 -6
8 16 -5
8 70 3
8 69 9
8 36 -8
8 25 1
8 37 -4
8 19 -9
8 51 8
8 14 5
8 35 -1
8 32 -6
8 21 3
8 75 4
8 26 9
8 52 -4
8 10 2
8 27 4
8 44 2
8 18 -10
8 29 4
8 66 3
8 61 7
9 34 -9
9 10 -1
9 24 -2
9 64 -5
9 22 -10
9 17 7
9 16 -3
9 25 -2
9 26 8
9 21 9
9 33 -2
9 13 6
9 66 9
9 30 0
9 59 7
9 57 -6
9 12 -3
9 47 10
9 29 -10
9 70 1
9 55 -9
9 14 -5
9 36 -10
9 72 -8
9 31 -10
9 38 4
9 44 10
9 15 0
9 20 -4
9 18 -4
9 56 7
9 67 2
9 61 -4
9 74 -8
9 28 -10
9 62 5
9 11 -8
9 75 0
9 52 -3
9 42 -10
10 21 10
10 73 -1
10 36 -9
10 26 -4
10 20 6
10 49 3
10 60 7
10 14 -8
10 42 4
10 62 -9
10 28 1
10 53 -3
10 70 -5
10 33 -7
10 51 0
10 11 3
10 22 -1
10 56 -10
10 58 4
10 74 -2
10 46 -7
10 23 -3
10 16 10
10 25 -8
10 18 -6
10 34 1
10 63 -9
10 54 3
10 31 -3
10 45 8
10 39 -7
10 64 -4
10 40 9
11 69 5
11 18 -7
11 65 4
11 32 -1
11 57 0
11 43 -1
11 30 -1
11 33 -8
11 71 -2
11 58 2
11 44 3
11 46 6
11 66 -10
11 14 1
11 55 8
11 35 7
11 25 8
11 20 5
11 13 -2
11 36 -5
11 23 10
11 73 -7
11 45 -7
11 22 -9
11 61 -2
11 72 0
11 52 -2
11 60 9
11 28 3
11 21 6
12 39 -2
12 23 6
12 34 -3
12 68 7
12 56 10
12 13 -7
12 29 3
12 44 8
12 62 -2
12 24 -7
12 63 -1
12 32 -10
12 73 3
12 43 7
12 64 -9
12 66 2
12 69 -2
12 42 -3
12 25 5
12 55 -4
12 65 -1
12 15 6
12 50 -8
12 46 -3
12 17 -2
12 54 -4
12 37 -4
12 18 3
12 41 -2
12 26 -10
12 57 8
12 58 6
13 46 -9
13 42 10
13 26 -3
13 39 0
13 69 3
13 44 3
13 60 9
13 53 1
13 64 7
13 15 -6
13 20 -1
13 61 -3
13 66 9
13 38 -8
13 73 -7
13 37 10
13 50 3
13 16 -1
13 72 10
13 27 -7
13 17 -9
13 34 0
13 49 2
13 55 -6
13 40 -6
13 29 5
13 59 9
14 43 10
14 24 3
14 41 -8
14 49 0
14 45 -10
14 63 -1
14 35 9
14 53 0
14 19 -7
14 56 9
14 65 -10
14 48 -1
14 67 5
14 44 2
14 50 -4
14 17 2
14 52 -1
14 16 3
14 39 3
14 26 6
14 21 -6
14 61 2
14 68 3
14 20 9
14 46 -10
14 54 3
14 66 3
14 30 0
14 73 -2
14 38 5
15 43 1
15 46 1
15 36 0
15 18 -10
15 56 -7
15 60 -7
15 71 6
15 17 8
15 26 -1
15 55 7
15 61 -8
15 27 -7
15 74 2
15 67 2
15 50 -4
15 25 7
15 73 4
15 62 5
15 16 -2
15 33 0
15 59 -3
15 28 7
15 66 -9
15 49 -6
15 22 -2
15 58 5
15 53 6
15 65 -9
15 48 -6
15 31 7
15 30 -1
15 21 -2
16 37 9
16 57 -4
16 24 -10
16 62 -3
16 50 -4
16 75 -2
16 58 5
16 47 -1
16 59 -10
16 60 -7
16 61 0
16 43 2
16 20 9
16 53 0
16 38 -7
16 26 3
16 73 3
16 66 -3
16 19 8
16 31 -7
16 18 -4
16 74 -4
16 34 -10
16 52 3
16 55 4
16 29 10
16 21 9
16 54 4
16 67 -5
16 39 -3
16 17 10
16 30 10
17 52 4
17 73 -4
17 50 -5
17 55 -7
17 40 10
17 58 5
17 75 1
17 72 -8
17 65 -2
17 22 6
17 49 8
17 31 2
17 67 -1
17 66 -10
17 34 4
17 70 -10
17 44 6
17 23 -4
17 45 4
17 53 5
17 48 4
17 68 3
17 43 -9
17 42 10
17 71 -6
17 27 -7
17 36 6
17 18 10
17 57 0
17 28 -9
18 47 -2
18 56 5
18 41 10
18 37 2
18 22 5
18 31 -3
18 29 0
18 73 -7
18 63 1
18 55 0
18 48 10
18 43 2
18 39 0
18 45 2
18 50 -5
18 64 9
18 26 -3
18 42 -9
18 67 -6
18 59 10
18 61 2
18 52 -1
18 53 -10
18 24 4
18 69 -9
18 23 -2
18 20 -4
18 19 -10
18 27 8
18 32 4
18 70 -8
18 72 -8
18 74 -8
18 54 -5
18 36 -2
19 49 -2
19 58 6
19 21 -10
19 28 4
19 48 5
19 57 7
19 45 3
19 42 0
19 70 3
19 67 0
19 69 -1
19 62 -2
19 50 5
19 40 4
19 66 -4
19 33 8
19 31 9
19 46 -8
19 54 -8
19 34 1
19 23 -4
19 38 -1
19 22 7
19 53 -3
19 52 7
19 51 -7
19 63 -1
19 61 -1
19 37 -9
19 59 -6
20 56 -7
20 28 9
20 67 -9
20 29 -5
20 37 -5
20 57 -5
20 41 -1
20 24 -4
20 22 9
20 47 -2
20 55 10
20 23 8
20 60 -2
20 50 3
20 43 -8
20 71 -4
20 63 -7
20 25 -5
20 61 -10
20 32 -6
20 75 -9
20 62 5
20 53 0
20 26 -4
20 59 9
20 54 4
21 59 -1
21 51 -6
21 26 4
21 56 5
21 55 -6
21 67 -9
21 22 1
21 42 -9
21 68 -5
21 31 8
21 43 6
21 40 -6
21 66 -10
21 48 8
21 38 -8
21 28 -1
21 69 6
21 70 -10
21 44 3
21 52 8
21 57 1
21 72 -1
22 46 -10
22 26 9
22 64 -9
22 43 9
22 75 -10
22 27 -10
22 38 5
22 48 2
22 57 10
22 51 4
22 40 -5
22 62 4
22 29 3
22 31 3
22 34 6
22 71 1
22 45 6
22 70 0
22 58 -1
22 69 -8
22 47 9
22 35 1
22 24 -10
22 65 -2
22 59 -1
22 30 9
22 44 -6
22 36 3
22 39 -1
22 60 -9
22 67 2
22 55 2
23 51 10
23 34 -2
23 35 -4
23 75 -5
23 61 -3
23 40 5
23 25 -7
23 59 3
23 63 5
23 52 -6
23 24 10
23 71 8
23 32 8
23 39 -4
23 28 8
23 31 -2
23 62 -4
23 55 -4
23 73 4
23 46 -10
23 43 -3
23 54 -2
23 65 -5
23 26 -10
23 37 6
23 53 8
23 49 9
24 46 -1
24 56 0
24 36 2
24 54 -10
24 58 9
24 55 -3
24 26 -7
24 38 -10
24 53 9
24 69 -1
24 65 5
24 33 -10
24 52 7
24 75 -5
24 40 2
24 42 -1
24 37 5
24 25 1
24 67 -7
24 31 -4
24 57 -10
24 32 -7
24 62 -6
24 39 -10
25 28 2
25 46 3
25 38 -7
25 72 4
25 50 -9
25 40 -1
25 30 0
25 58 -9
25 59 -6
25 32 -9
25 43 5
25 64 -10
25 31 -9
25 47 -1
25 36 -6
25 26 -4
25 34 -7
25 71 3
25 44 0
25 27 -2
25 49 -5
25 65 2
26 65 -6
26 28 -9
26 53 -8
26 75 -6
26 71 -5
26 68 -4
26 44 9
26 49 -3
26 51 9
26 46 -6
26 50 -5
26 31 4
26 62 -1
26 29 3
26 39 6
26 52 8
26 33 6
26 64 2
26 72 7
26 37 4
26 63 0
26 40 -8
26 32 -9
26 43 5
26 55 2
26 48 10
27 58 -3
27 68 -4
27 70 -10
27 55 7
27 47 10
27 62 3
27 69 -8
27 44 -5
27 35 -5
27 40 -10
27 59 4
27 29 -2
27 39 4
27 71 3
27 38 -8
27 37 -8
27 41 -7
27 50 6
27 49 8
27 67 3
27 57 10
27 63 -2
28 29 9
28 37 0
28 52 4
28 54 -8
28 48 -3
28 69 1
28 59 -9
28 41 9
28 38 -3
28 32 0
28 47 -2
28 51 5
28 50 5
28 66 1
28 73 9
28 45 8
28 42 -9
28 68 -8
28 40 -10
28 63 -9
28 36 -5
28 56 -1
29 32 0
29 53 7
29 38 0
29 74 6
29 71 10
29 43 0
29 41 -9
29 44 5
29 34 3
29 54 -4
29 36 7
29 56 5
29 55 7
29 30 3
29 69 2
29 72 -2
29 46 -1
29 39 -9
29 68 -5
29 59 -7
29 66 6
29 58 -2
29 51 0
29 50 -3
29 31 0
29 48 7
29 42 6
29 33 -4
29 63 -2
29 62 4
30 43 5
30 54 -8
30 40 4
30 73 -1
30 48 8
30 53 0
30 37 0
30 36 9
30 46 4
30 62 9
30 34 1
30 75 9
30 61 -1
30 38 2
30 68 -3
30 32 4
30 56 -6
30 35 -2
30 55 -7
30 50 -4
31 54 -3
31 35 10
31 34 -2
31 71 -4
31 69 -10
31 55 10
31 56 7
31 51 0
31 66 5
31 59 -4
31 62 3
31 50 1
31 49 8
31 65 -5
31 53 0
31 63 -1
31 37 -9
31 52 7
31 45 -2
31 73 -7
31 39 -1
31 70 3
31 48 7
31 74 6
31 60 8
32 70 -7
32 37 4
32 39 -9
32 68 1
32 66 -5
32 67 8
32 72 5
32 35 -7
32 63 -8
32 74 -5
32 52 -9
32 54 3
32 69 6
32 34 7
32 33 -1
32 48 4
32 41 -1
33 41 -6
33 69 -10
33 60 -3
33 61 2
33 64 -3
33 43 8
33 52 -3
33 49 8
33 40 -6
33 36 4
33 37 -4
33 53 -3
33 68 10
33 45 -7
33 54 -7
33 56 -4
33 58 -1
33 48 6
33 35 0
33 34 -10
34 35 5
34 72 -1
34 39 9
34 44 -9
34 46 7
34 59 6
34 70 2
34 53 -9
34 66 4
34 55 2
34 60 -3
34 75 2
34 43 0
34 48 3
34 62 -8
34 52 9
34 58 -1
34 67 -4
35 71 7
35 42 -8
35 46 8
35 45 -5
35 73 2
35 61 0
35 55 3
35 37 10
35 41 7
35 40 -8
35 44 -5
35 49 -2
35 68 3
35 65 7
35 66 -9
35 47 8
35 50 3
35 57 -3
35 70 8
36 46 1
36 75 -3
36 73 -8
36 38 10
36 68 -1
36 44 0
36 51 3
36 42 -2
36 37 4
36 67 4
36 54 0
36 63 -6
36 69 -6
36 70 -2
36 59 -5
36 55 7
37 55 -3
37 47 -5
37 38 -10
37 52 -2
37 51 7
37 65 9
37 66 8
37 41 -7
37 61 9
37 53 -3
37 73 -3
37 44 -10
37 71 9
37 43 0
37 74 2
38 46 -4
38 42 3
38 54 4
38 56 2
38 62 10
38 67 10
38 49 -10
38 68 -4
38 44 10
38 66 0
38 69 5
38 58 -9
38 57 -3
38 53 7
38 75 6
38 45 5
38 51 3
38 40 8
38 74 -1
38 47 3
38 48 8
39 69 7
39 48 5
39 54 -10
39 49 -5
39 47 7
39 52 7
39 46 5
39 68 -7
39 72 -1
39 51 7
39 41 3
39 70 -2
39 67 -8
39 44 8
40 63 4
40 68 5
40 75 -10
40 52 -3
40 67 1
40 61 6
40 65 6
40 48 0
40 50 1
40 58 -8
40 73 9
40 55 5
40 46 8
41 60 -2
41 57 1
41 47 -4
41 46 -5
41 71 -2
41 66 -7
41 72 7
41 56 6
41 55 -2
41 54 2
41 51 5
41 50 3
41 73 2
41 48 -2
41 74 9
41 69 -2
41 53 -7
41 43 8
41 45 10
42 49 8
42 47 -2
42 43 7
42 72 -6
42 67 -3
42 69 5
42 62 -10
42 66 -1
42 75 2
42 55 6
42 56 7
42 48 8
43 62 5
43 69 5
43 61 -5
43 57 -3
43 63 4
43 48 -10
43 44 -10
43 46 -8
43 47 7
43 65 -1
43 72 8
43 64 -6
43 71 2
43 50 -1
43 54 -9
43 52 1
43 53 -2
44 72 -7
44 48 -1
44 63 -6
44 52 -4
44 57 -7
44 62 -10
44 51 -5
44 64 3
44 67 -8
44 66 4
44 60 0
44 49 2
44 47 -1
44 55 7
44 59 3
45 51 2
45 67 6
45 73 -10
45 48 0
45 55 -5
45 58 2
45 68 -4
45 63 -8
45 53 -1
45 70 4
45 46 4
45 61 1
46 64 1
46 61 -9
46 58 -9
46 56 -8
46 75 -3
46 63 1
46 52 -10
46 69 2
46 72 -1
46 50 9
46 48 10
46 66 7
46 65 5
46 73 -10
47 64 -1
47 65 6
47 67 -2
47 54 -9
47 73 -6
47 68 8
47 48 7
47 70 -6
47 57 -4
47 60 -3
47 75 8
47 74 6
47 66 -5
47 69 -5
47 72 -2
47 62 2
48 71 -1
48 67 -10
48 59 -3
48 55 9
48 50 9
48 64 9
48 54 -8
48 57 -5
48 49 9
48 63 9
48 56 5
48 70 -9
48 69 -10
48 75 10
48 74 3
49 52 4
49 66 9
49 64 -5
49 56 2
49 55 -4
49 62 -2
49 53 -5
49 74 5
49 71 -1
49 73 -9
49 75 -4
49 72 0
49 65 -5
49 51 -4
49 63 5
49 61 1
50 66 -8
50 56 -6
50 74 -9
50 62 -9
50 68 -7
50 57 -5
50 67 -9
50 64 6
50 58 -6
50 61 -4
50 63 4
50 52 10
51 59 -10
51 54 3
51 69 -6
51 73 10
51 62 -5
51 75 2
51 56 -3
51 66 4
51 71 7
51 55 9
51 64 5
51 74 -10
52 55 -10
52 67 0
52 70 -2
52 63 10
52 74 7
52 65 4
52 56 4
52 64 -3
52 62 -3
52 68 0
53 69 7
53 62 -6
53 58 -6
53 57 -3
53 54 5
53 70 -5
53 74 -7
53 64 8
53 56 3
53 61 -6
54 58 1
54 69 -8
54 70 9
54 59 -7
54 64 6
54 55 5
54 67 -10
54 71 -5
55 63 3
55 65 5
55 74 -9
55 75 -9
55 73 9
55 58 -7
55 67 -1
55 57 3
55 61 -4
55 59 -10
56 63 1
56 71 10
56 66 8
56 58 9
56 61 9
56 68 -9
56 59 -1
56 74 -5
56 57 7
56 70 -2
56 69 -4
56 72 2
56 65 0
56 73 -10
57 71 4
57 74 -10
57 69 2
57 63 -9
57 67 -4
57 58 -10
57 61 5
57 65 3
57 66 -9
57 62 -7
57 60 -5
58 66 -5
58 64 1
58 71 6
58 70 -9
58 63 -9
58 61 -4
58 59 -9
58 74 -7
58 72 10
58 65 -4
58 67 6
59 66 -6
59 63 9
59 74 0
59 69 -2
59 70 10
59 65 8
59 67 -10
59 62 6
60 68 5
60 65 -9
60 70 3
60 73 3
60 61 6
60 62 -3
60 72 -7
60 64 10
60 69 3
61 71 10
61 66 7
61 69 -3
61 75 1
61 73 0
61 74 2
61 64 2
61 67 -4
62 67 -7
62 70 5
62 74 3
62 68 -4
62 63 9
62 69 5
62 65 -5
62 72 1
63 74 2
63 69 -8
63 71 -1
63 67 -4
63 64 2
64 71 -10
64 72 0
64 74 -10
64 70 -3
64 73 -6
64 65 -4
65 67 -1
65 69 -2
65 75 -1
65 70 -1
65 66 6
65 73 -2
65 72 1
65 71 -4
66 67 -8
66 74 -2
67 74 8
67 68 -5
67 73 0
67 75 -7
67 71 1
67 72 -4
67 70 8
68 75 4
69 71 0
70 74 3
70 73 10
70 72 9
70 71 -7
71 75 -3
72 74 6
72 73 9
74 75 -6
