75 1388 
1 24 4
1 31 1
1 37 3
1 71 6
1 54 3
1 72 -2
1 45 -4
1 18 -7
1 68 -3
1 63 -7
1 61 4
1 7 0
1 4 0
1 12 8
1 5 5
1 21 -6
1 2 5
1 53 9
1 51 0
1 56 -4
1 59 -2
1 41 -4
1 32 0
1 64 5
1 17 -1
1 11 -7
1 26 7
1 22 -7
1 40 8
1 39 -1
1 43 -2
1 28 1
1 75 5
2 19 -9
2 5 7
2 18 -9
2 43 -1
2 65 -4
2 59 -1
2 54 7
2 56 -9
2 70 9
2 74 1
2 42 -3
2 23 -10
2 63 6
2 25 0
2 12 9
2 14 -2
2 58 7
2 29 2
2 27 3
2 22 6
2 39 9
2 34 4
2 62 9
2 47 7
2 64 -6
2 9 10
2 71 -5
3 54 0
3 63 -10
3 6 -4
3 33 -9
3 22 7
3 60 3
3 8 10
3 4 1
3 55 8
3 21 -3
3 12 5
3 26 7
3 24 2
3 46 -3
3 50 -1
3 75 -7
3 17 -5
3 10 -6
3 28 1
3 67 8
3 20 5
3 9 1
3 16 7
3 74 -2
3 51 -10
3 30 -2
3 32 8
3 39 -4
3 25 -1
3 14 -9
4 21 1
4 32 -9
4 20 -10
4 48 -2
4 5 2
4 27 9
4 45 -3
4 9 -7
4 44 8
4 52 -5
4 25 -7
4 42 -4
4 7 -6
4 55 2
4 18 -1
4 12 -2
4 43 -3
4 62 0
4 59 -1
4 35 3
4 49 -7
4 39 -4
4 50 3
4 36 -1
4 69 -4
4 58 5
4 72 -4
4 29 -3
4 60 4
4 28 0
4 8 1
4 64 4
4 57 8
4 71 6
4 38 -5
4 56 -6
4 51 5
5 74 10
5 57 -9
5 39 -8
5 37 8
5 21 1
5 55 3
5 47 -9
5 49 8
5 19 3
5 63 4
5 53 3
5 42 -9
5 67 6
5 52 5
5 34 -9
5 61 0
5 30 -3
5 69 -8
5 17 -4
5 6 4
5 40 -8
5 26 -6
5 25 1
5 44 -6
5 56 5
5 23 -4
5 33 -1
5 18 -2
5 50 7
5 46 4
5 22 0
5 68 -10
5 35 -6
5 32 10
6 63 -4
6 41 -3
6 17 -5
6 11 -3
6 15 -1
6 35 7
6 20 7
6 62 -5
6 39 -9
6 71 2
6 56 -4
6 65 -1
6 49 -2
6 34 6
6 52 8
6 50 4
6 8 9
6 73 10
6 26 -2
6 21 -3
6 74 -8
6 14 6
6 44 1
6 67 3
6 57 -5
7 57 10
7 23 -7
7 39 -2
7 75 7
7 68 2
7 16 7
7 29 -6
7 9 -5
7 69 -7
7 18 -8
7 14 9
7 12 -4
7 40 7
7 43 6
7 51 -8
7 35 -9
7 34 7
7 55 8
7 70 10
7 65 5
7 71 -6
7 30 3
7 63 2
7 67 3
7 26 2
7 17 0
7 56 6
7 49 -7
7 53 -7
7 73 8
7 24 -1
7 50 9
7 48 5
7 32 5
7 10 -8
7 45 8
7 36 -1
7 20 -5
7 22 6
7 64 -8
8 47 -1
8 22 8
8 42 9
8 39 8
8 40 -5
8 10 3
8 70 -1
8 37 -1
8 71 10
8 16 6
8 21 -7
8 62 -3
8 46 0
8 33 10
8 32 2
8 44 8
8 55 -10
8 9 3
8 23 -1
8 61 10
8 35 0
8 54 -10
8 27 -2
8 38 2
8 43 8
8 66 2
8 13 0
8 30 -10
8 51 3
8 60 -9
8 52 0
8 56 3
8 19 1
8 18 2
9 23 10
9 15 -1
9 13 -9
9 34 6
9 10 4
9 21 -6
9 47 -5
9 32 6
9 36 0
9 75 3
9 11 -3
9 40 -4
9 62 10
9 30 4
9 52 5
9 48 7
9 25 -7
9 69 -1
9 38 10
9 67 2
9 26 -4
9 56 -2
9 59 -4
9 19 -4
9 66 -4
10 25 10
10 70 -5
10 75 -9
10 15 -5
10 34 -6
10 51 -6
10 43 -9
10 48 -7
10 63 -9
10 49 3
10 39 -3
10 12 1
10 60 1
10 41 -8
10 21 -4
10 20 7
10 13 -10
10 19 -4
10 74 -6
10 73 9
10 23 -7
10 66 2
10 45 5
10 18 2
10 44 -2
10 61 -2
10 65 -2
10 50 -6
10 55 6
11 37 4
11 15 -6
11 54 -6
11 64 1
11 53 -3
11 62 -3
11 55 -3
11 26 0
11 35 3
11 23 -7
11 22 -5
11 40 0
11 41 5
11 28 -6
11 45 4
11 21 -4
11 25 1
11 58 3
11 49 -4
11 32 -7
11 50 -9
11 68 3
11 14 10
11 20 1
11 46 7
11 31 -7
11 67 1
11 24 1
11 29 10
11 75 -1
11 36 7
11 59 7
11 39 -5
12 17 9
12 33 6
12 16 -1
12 56 -5
12 27 0
12 39 -3
12 36 1
12 74 -2
12 20 3
12 19 -7
12 46 9
12 22 3
12 73 6
12 34 1
12 35 8
12 69 2
12 18 -5
12 53 -1
12 57 7
12 38 -6
12 52 9
12 13 0
12 26 -2
12 64 9
12 67 -3
12 48 -4
12 45 -4
12 29 -8
12 41 -7
12 63 -4
13 15 2
13 36 -10
13 54 -6
13 67 8
13 50 0
13 29 4
13 61 -5
13 38 -6
13 55 -3
13 46 1
13 66 6
13 34 2
13 74 3
13 56 8
13 24 5
13 43 -6
13 31 10
13 42 -6
13 58 -5
13 28 4
13 48 -2
13 70 0
13 40 6
13 52 -3
13 23 -2
13 72 -8
13 22 -10
13 25 -10
13 30 0
13 69 -9
13 73 8
13 64 -8
13 21 -6
13 45 -6
14 37 3
14 26 2
14 18 -1
14 19 8
14 50 -3
14 73 -3
14 54 10
14 72 10
14 49 -2
14 74 8
14 32 2
14 61 -9
14 24 -9
14 20 2
14 31 8
14 21 7
14 22 8
14 55 -1
14 36 6
14 41 -1
14 28 0
14 23 -1
14 56 -6
14 65 -1
14 64 1
14 44 -3
14 45 -4
14 40 9
14 46 -5
14 67 -3
15 67 8
15 73 4
15 59 8
15 65 -1
15 58 -7
15 24 2
15 61 -6
15 35 3
15 42 -10
15 36 -1
15 66 1
15 29 2
15 19 -7
15 37 -10
15 63 3
15 48 7
15 50 -1
15 47 9
15 22 10
15 57 -8
15 60 -2
15 75 3
15 23 -9
15 32 -8
15 44 6
15 54 -8
15 74 5
15 21 -4
15 27 5
15 20 -7
15 43 -10
15 45 -1
16 52 -4
16 47 7
16 56 -5
16 31 7
16 58 -1
16 60 8
16 29 5
16 28 4
16 44 4
16 23 -6
16 26 -9
16 34 -2
16 65 4
16 36 -5
16 62 -7
16 69 -6
16 17 -1
16 25 3
16 53 10
16 70 -5
16 18 -7
16 33 1
16 66 -10
16 51 5
16 30 -7
16 37 -10
16 64 -8
16 75 10
16 27 4
17 52 1
17 20 -9
17 75 -2
17 35 0
17 61 5
17 32 9
17 59 -4
17 71 -1
17 64 1
17 19 -7
17 48 -6
17 67 -3
17 34 0
17 43 8
17 54 5
17 31 -10
17 69 5
17 38 -3
17 49 -5
17 66 1
17 44 10
17 74 -1
17 60 -6
17 25 -10
18 46 6
18 43 2
18 28 5
18 58 10
18 57 7
18 35 6
18 70 8
18 73 4
18 60 -6
18 65 4
18 38 -3
18 63 4
18 72 2
18 26 -3
18 29 6
18 59 3
18 44 -3
18 61 6
18 67 3
18 30 4
18 32 8
18 23 8
18 21 3
18 36 -8
18 50 -3
19 67 8
19 65 7
19 29 -9
19 54 7
19 55 -2
19 35 -4
19 62 6
19 49 -6
19 44 9
19 59 1
19 39 -10
19 37 -8
19 34 -8
19 57 -4
19 53 -2
19 22 8
19 42 -3
19 38 -2
19 63 5
19 28 7
19 25 -2
19 60 9
19 72 1
19 33 6
19 23 10
19 50 -3
19 45 10
19 47 -4
19 40 4
19 68 0
20 51 6
20 42 10
20 66 2
20 26 -9
20 23 7
20 53 7
20 75 -4
20 38 -7
20 65 -7
20 52 -4
20 71 8
20 28 10
20 59 6
20 21 -9
20 46 -1
20 22 -6
20 68 -4
20 44 4
20 36 -4
20 72 -6
20 64 -10
20 27 -7
20 67 3
20 40 -10
20 47 -10
20 32 7
20 54 10
21 75 -4
21 36 -4
21 53 3
21 26 9
21 29 -3
21 31 -8
21 62 -7
21 30 1
21 45 9
21 32 4
21 67 -8
21 41 9
21 58 -1
21 24 0
21 48 9
21 23 -3
21 22 -9
21 69 8
21 34 -3
21 65 -8
21 33 -6
21 49 -3
21 72 -9
21 68 8
21 60 8
21 50 1
21 25 8
21 63 -2
21 40 1
22 67 -8
22 47 6
22 70 -8
22 66 -8
22 64 -1
22 23 -8
22 42 0
22 32 -9
22 72 0
22 52 -1
22 54 -9
22 46 4
22 71 -9
22 28 -7
22 75 7
22 59 -1
22 25 -1
22 24 -10
22 74 0
22 69 -6
22 33 8
22 50 7
22 40 8
22 62 -6
22 61 -1
22 36 1
22 51 8
22 58 -4
22 35 0
23 49 -1
23 29 9
23 57 7
23 65 -3
23 38 5
23 31 -6
23 52 6
23 47 9
23 63 6
23 33 -2
23 56 -7
23 64 -10
23 68 -4
23 74 -9
23 42 9
23 39 -10
23 48 5
23 72 -5
23 54 9
23 70 0
23 55 -1
23 59 -1
23 27 -10
23 51 -7
23 66 0
23 73 1
24 51 -2
24 48 9
24 43 7
24 37 7
24 36 9
24 25 -6
24 41 -7
24 33 -9
24 58 -1
24 67 -10
24 42 -7
24 28 -8
24 71 -9
24 31 -3
24 55 0
24 50 10
24 70 1
24 61 4
24 35 -1
24 62 -1
24 75 1
24 73 5
24 52 1
24 29 9
24 57 -1
24 27 2
25 30 -9
25 37 7
25 39 -1
25 42 7
25 69 2
25 45 8
25 61 10
25 33 6
25 71 2
25 73 -3
25 40 -7
25 67 1
25 57 -5
25 63 -9
25 75 5
25 29 -5
25 52 5
25 51 6
25 31 -1
25 54 3
25 46 -3
25 65 -2
25 70 -8
25 32 -9
25 36 7
25 27 0
25 48 -9
25 55 5
25 58 -3
25 53 10
25 56 -2
26 47 10
26 46 3
26 51 1
26 34 8
26 61 -3
26 45 -5
26 53 -8
26 57 -2
26 69 -9
26 74 -3
26 40 -7
26 50 2
26 28 -8
26 67 9
26 29 3
26 65 -2
26 30 0
26 56 3
26 48 3
26 75 -8
26 55 -9
26 72 -1
26 43 2
26 31 -4
26 73 -8
27 46 1
27 57 10
27 49 3
27 50 -9
27 44 -3
27 41 -7
27 63 8
27 71 8
27 69 -3
27 40 -8
27 42 6
27 34 8
27 72 7
27 70 -8
27 39 6
27 61 5
27 64 6
27 53 -2
27 60 6
27 29 0
27 54 0
27 28 8
27 65 -4
27 67 -9
27 47 -4
27 37 2
27 58 -4
27 45 1
28 50 3
28 58 9
28 29 -10
28 34 7
28 57 -8
28 54 -9
28 67 8
28 45 -2
28 74 -5
28 60 3
28 66 2
28 35 -8
28 73 -8
28 30 -7
28 44 10
28 37 10
28 52 9
28 33 -5
28 40 6
28 64 8
28 36 -6
28 68 2
28 55 5
28 56 8
28 38 -4
28 39 -5
28 62 -3
29 63 -7
29 42 -6
29 73 -2
29 62 10
29 43 -2
29 75 1
29 30 10
29 72 2
29 46 -8
29 33 2
29 44 10
29 34 7
29 55 5
29 69 -5
29 38 -9
29 61 8
29 36 4
29 54 9
30 52 4
30 40 -1
30 65 2
30 73 -2
30 71 -7
30 33 8
30 66 0
30 63 6
30 57 -5
30 59 -6
30 51 -9
30 55 3
30 54 9
30 70 -4
30 35 -5
30 68 1
30 37 7
30 50 -7
30 36 -8
30 47 8
30 61 5
30 45 8
30 62 -8
30 46 0
31 47 -8
31 51 -7
31 42 9
31 43 2
31 46 -7
31 72 -6
31 45 9
31 60 7
31 36 5
31 39 -9
31 55 1
31 70 -2
31 35 -10
31 52 4
31 73 2
31 53 10
31 67 5
31 63 3
31 61 -7
31 58 -2
31 66 -1
31 41 -9
31 33 -1
31 56 -8
31 74 -9
31 49 -7
32 64 -3
32 67 9
32 55 -6
32 41 -7
32 44 -2
32 47 -4
32 74 -10
32 58 9
32 57 8
32 37 8
32 60 -3
32 50 0
32 48 3
32 70 1
32 63 -3
32 61 8
32 59 0
32 65 2
32 66 -7
32 73 -7
32 56 -7
32 71 10
33 64 6
33 53 4
33 41 9
33 60 -5
33 69 6
33 61 1
33 70 1
33 72 -2
33 71 -1
33 51 6
33 49 3
33 48 -4
33 68 1
33 74 -10
33 75 -5
33 47 -10
33 42 4
33 36 0
33 57 5
33 55 -7
34 67 7
34 54 7
34 44 -7
34 58 -1
34 49 -4
34 43 -9
34 47 7
34 69 10
34 59 0
34 36 -7
34 38 8
34 64 7
34 52 3
34 75 7
34 71 -8
34 46 0
34 74 -9
34 41 10
34 72 10
34 57 7
34 37 0
34 65 -7
34 48 4
34 35 10
35 43 8
35 71 6
35 68 9
35 46 -4
35 60 -3
35 47 -6
35 55 4
35 67 2
35 64 2
35 75 -4
35 70 -5
35 53 -5
35 74 1
35 41 1
35 56 7
35 40 5
35 59 -6
35 42 1
35 45 -1
35 44 -4
35 63 -1
35 49 5
35 51 -6
35 58 -2
36 58 3
36 37 10
36 68 8
36 72 9
36 48 10
36 53 8
36 61 3
36 39 5
36 74 -9
36 55 -5
36 70 7
36 63 -3
36 73 2
36 49 -4
36 60 -4
36 41 5
36 75 -10
36 66 -9
36 59 6
36 56 -7
36 62 -8
36 50 -3
36 44 -5
36 40 -10
37 67 -2
37 68 -3
37 60 -5
37 53 6
37 65 1
37 71 10
37 54 3
37 62 -6
37 70 6
37 73 9
37 55 5
37 50 10
37 49 0
37 63 1
37 72 6
37 48 6
37 42 -5
38 57 9
38 67 -9
38 52 2
38 45 7
38 56 8
38 60 -3
38 65 -9
38 54 4
38 73 3
38 74 4
38 66 5
38 59 3
38 70 7
38 50 -1
38 48 6
38 42 -10
39 51 -5
39 69 6
39 52 9
39 63 2
39 65 -1
39 58 9
39 67 10
39 71 -8
39 60 9
39 42 -3
39 43 8
39 59 -4
39 54 -7
39 41 -10
39 55 -10
39 73 10
39 70 -9
39 44 -7
39 74 2
39 45 4
39 49 5
39 64 -9
39 53 6
40 48 0
40 73 3
40 66 -7
40 60 -7
40 70 -4
40 74 -6
40 43 7
40 45 -6
40 68 -7
40 49 9
40 41 -10
40 50 5
40 46 -10
40 65 -7
40 47 7
40 52 -10
40 44 -8
40 67 7
40 59 -8
40 62 1
41 74 4
41 47 3
41 63 -9
41 51 3
41 65 8
41 60 3
41 54 5
41 67 -2
41 75 4
41 72 -1
41 42 0
41 69 4
41 56 -8
41 55 6
41 44 0
41 50 -5
41 61 5
42 49 7
42 62 -9
42 64 -6
42 73 8
42 67 -7
42 61 5
42 51 5
42 65 9
42 55 -5
42 48 -8
42 52 8
42 72 2
42 57 9
42 63 -1
42 71 -7
42 54 -8
42 56 -10
43 62 -8
43 59 4
43 63 -7
43 65 -8
43 60 -1
43 75 -3
43 52 7
43 44 -6
43 48 -10
43 45 -10
43 66 -7
43 73 -6
43 54 -5
43 47 4
43 69 -5
43 51 8
43 56 -10
43 50 -6
43 64 0
43 61 -5
44 70 -5
44 47 3
44 53 3
44 57 -7
44 73 4
44 52 9
44 67 2
44 68 -7
44 56 5
44 54 -9
44 58 0
44 74 5
44 71 -6
44 55 1
44 50 0
45 55 3
45 72 6
45 61 0
45 62 -3
45 75 4
45 52 -6
45 53 0
45 57 -3
45 50 5
45 46 6
45 59 0
45 70 -1
45 68 -4
45 71 -1
45 49 -5
45 63 -2
46 55 9
46 47 1
46 67 7
46 72 10
46 64 -4
46 66 -1
46 68 2
46 74 -2
46 54 8
46 65 0
46 70 -3
46 62 2
46 69 -2
46 50 -10
47 61 -2
47 67 7
47 53 -8
47 48 -9
47 50 1
47 58 7
47 66 9
47 60 -1
47 72 -1
47 75 1
47 49 1
47 55 5
47 68 -2
47 69 -9
47 57 9
47 65 -3
47 63 4
47 52 5
48 50 4
48 52 10
48 69 2
48 73 3
48 64 3
48 61 -5
48 55 -10
48 68 -10
48 60 1
48 72 6
48 57 -6
48 53 0
49 69 7
49 50 2
49 52 -7
49 55 -2
49 61 -6
49 57 -2
49 63 -4
49 71 2
49 51 2
49 53 -5
49 60 2
49 68 -7
49 75 -2
49 59 8
49 58 -6
49 56 7
50 52 -3
50 65 -2
50 60 0
50 73 5
50 70 -3
50 61 5
50 63 -5
50 64 -6
50 53 0
50 74 -10
50 69 -4
51 61 -3
51 57 4
51 59 -6
51 75 -5
51 64 5
51 73 10
51 69 -8
51 66 9
51 74 8
51 55 -5
51 70 -9
51 53 8
51 62 2
51 65 -8
51 63 -4
51 54 9
52 69 -7
52 70 -5
52 73 3
52 74 -1
52 62 -6
52 68 2
52 66 -4
52 71 -9
52 65 2
52 58 2
52 53 2
52 55 -5
52 75 2
52 54 4
53 72 8
53 67 4
53 58 -4
53 63 -4
53 71 3
53 69 4
53 57 -6
53 54 -4
53 75 -9
53 65 0
54 65 1
54 59 -8
54 58 9
54 57 7
54 61 0
54 71 4
54 73 5
54 56 10
54 74 10
54 68 -4
54 66 3
54 55 -3
54 67 -3
55 69 -10
55 71 -4
55 72 7
55 61 9
55 59 -8
55 56 6
55 74 9
55 65 -2
55 73 10
56 69 1
56 61 4
56 59 10
56 70 6
56 74 -4
56 60 -10
57 70 10
57 66 5
57 59 6
57 61 8
57 75 0
57 68 1
58 68 3
58 65 10
58 67 2
58 71 10
58 64 1
58 75 -10
58 72 9
58 62 10
58 69 -2
59 60 7
59 65 -9
59 74 3
59 62 -3
59 71 10
59 70 6
59 68 -8
59 72 -3
60 72 0
60 61 -6
60 67 -6
60 64 -8
60 68 8
61 75 8
61 67 -4
61 68 -10
62 70 9
62 65 -10
62 66 -1
63 73 1
63 68 2
63 71 4
63 74 5
63 67 10
63 69 6
63 66 5
64 68 -3
64 69 -3
64 65 -1
64 67 3
64 66 3
64 71 -1
65 67 5
65 66 -8
65 73 10
65 71 0
65 72 4
66 72 -5
66 67 3
66 75 9
66 68 4
66 71 4
66 74 -2
67 72 -1
67 71 -2
67 68 5
68 70 9
68 73 0
69 73 -7
69 75 9
69 74 2
69 71 10
69 72 6
70 71 -7
70 74 -8
70 73 1
70 72 -4
71 72 9
71 73 -8
71 74 -1
72 73 -8
73 74 8
