75 1388 
1 14 0
1 30 8
1 48 -4
1 46 7
1 58 9
1 2 -1
1 38 6
1 3 -6
1 42 -6
1 6 -3
1 36 -5
1 24 9
1 72 -2
1 54 -10
1 56 0
1 5 3
1 28 7
1 31 2
1 17 -5
1 15 -10
1 52 -6
1 68 10
1 74 -7
1 67 4
1 23 8
1 22 -8
1 12 -8
1 44 6
1 8 8
1 71 -4
1 47 3
1 55 -5
1 29 -3
1 66 5
1 61 1
1 7 4
2 19 -5
2 6 1
2 42 5
2 66 2
2 23 10
2 36 9
2 46 6
2 59 -1
2 39 4
2 49 -9
2 58 9
2 44 -2
2 37 4
2 65 8
2 56 4
2 75 -6
2 68 3
2 31 9
2 51 6
2 38 5
2 24 0
2 48 10
2 61 -9
2 8 5
2 18 -10
2 3 -8
2 62 -1
2 40 5
2 28 9
2 70 1
2 67 -9
2 72 2
2 57 -5
2 29 10
2 33 -5
2 9 -8
2 63 -10
2 4 -2
2 25 -9
2 55 1
2 30 -2
3 46 6
3 56 -6
3 58 6
3 34 0
3 14 -1
3 27 6
3 8 -6
3 70 -1
3 18 6
3 4 6
3 47 0
3 31 -1
3 38 7
3 65 8
3 40 9
3 41 6
3 21 1
3 43 -2
3 71 5
3 25 4
3 30 8
3 75 -9
3 33 4
3 11 2
3 62 -2
3 64 2
3 22 -8
3 66 5
3 69 6
3 48 -10
3 37 6
3 23 8
3 52 -7
3 67 -7
4 13 -1
4 17 -3
4 24 6
4 42 9
4 26 4
4 71 -8
4 66 -2
4 51 5
4 5 -1
4 34 4
4 49 9
4 36 4
4 61 0
4 55 6
4 15 2
4 68 -4
4 67 8
4 25 0
4 47 2
4 31 -8
4 30 6
4 74 3
4 10 3
4 8 4
4 11 -7
4 46 5
4 6 -4
4 41 9
4 19 -3
4 59 -10
4 33 -7
4 37 -8
4 22 2
4 28 8
5 64 -7
5 68 -10
5 20 6
5 50 -6
5 42 4
5 30 9
5 63 -5
5 55 9
5 41 0
5 47 1
5 67 5
5 25 -7
5 43 2
5 8 -6
5 32 -3
5 23 7
5 59 0
5 37 -2
5 29 -6
5 49 7
5 65 9
5 57 -7
5 22 8
5 52 10
5 33 5
5 74 -10
5 13 -5
5 6 -2
5 27 -9
5 60 -6
5 36 4
5 48 2
5 11 -1
5 75 7
5 10 10
5 72 3
5 70 7
5 31 -2
5 54 2
5 38 4
5 66 -7
5 39 7
5 56 -9
5 15 -1
6 18 -3
6 70 -4
6 9 0
6 12 9
6 22 -6
6 21 6
6 75 8
6 15 -10
6 71 6
6 69 -5
6 52 -8
6 58 -3
6 34 -3
6 55 6
6 23 9
6 20 -9
6 43 0
6 35 2
6 11 -10
6 53 9
6 27 -9
6 59 10
6 60 4
6 74 -4
6 24 -3
6 45 10
6 30 -5
6 61 0
6 19 5
6 62 2
6 41 10
6 10 3
6 48 -3
7 56 -9
7 67 -2
7 54 -1
7 46 8
7 32 -6
7 22 -4
7 24 1
7 16 7
7 44 1
7 8 -9
7 23 -8
7 72 -4
7 19 -1
7 29 5
7 12 1
7 68 0
7 53 -7
7 34 -6
7 63 9
7 18 7
7 10 -8
7 13 10
7 45 -4
7 60 9
7 59 9
7 20 2
7 66 -4
7 57 -5
7 25 -7
7 74 -6
8 59 3
8 14 -2
8 31 -7
8 22 3
8 66 -3
8 67 1
8 13 1
8 23 -10
8 10 -2
8 72 9
8 47 -1
8 50 2
8 64 -5
8 15 -8
8 19 -9
8 36 2
8 25 -9
8 30 -2
8 33 2
8 70 -3
8 16 9
8 17 3
8 62 -7
8 54 9
8 55 6
8 73 3
8 35 -5
8 58 -3
8 57 -7
8 56 -10
8 29 5
8 61 -5
8 38 0
9 42 6
9 18 8
9 30 3
9 60 -9
9 58 -8
9 28 -7
9 70 10
9 31 -8
9 19 4
9 72 5
9 15 10
9 12 -7
9 67 6
9 38 9
9 34 7
9 71 2
9 46 -1
9 40 -5
9 23 -6
9 13 5
9 65 -6
9 64 2
9 36 -4
9 43 -1
9 49 8
9 25 -6
9 75 2
9 17 -3
9 61 -3
9 68 2
9 66 2
9 56 -2
9 29 0
9 22 0
9 50 10
9 14 4
9 63 -3
10 30 -9
10 12 2
10 33 -3
10 56 0
10 58 -1
10 26 -6
10 71 1
10 64 -3
10 74 4
10 52 10
10 47 10
10 44 0
10 51 -4
10 73 -4
10 50 10
10 23 10
10 72 5
10 31 4
10 48 -9
10 32 -10
10 25 -6
10 15 5
10 11 -2
10 75 7
10 36 8
10 13 0
10 24 10
10 57 6
10 53 -9
10 60 2
10 62 4
10 38 7
10 22 -3
10 40 9
10 14 4
11 17 6
11 20 -7
11 32 10
11 18 -7
11 52 6
11 43 3
11 69 7
11 45 5
11 51 10
11 57 -1
11 24 -1
11 68 5
11 60 -1
11 63 -6
11 64 5
11 25 5
11 13 10
11 37 -10
11 35 4
11 33 -6
11 14 -6
11 40 0
11 27 6
11 55 6
11 53 0
11 71 -9
11 49 8
11 22 10
11 65 -1
11 19 10
11 12 -4
11 56 -3
11 66 5
11 72 3
11 73 -7
11 15 8
11 50 -9
12 72 7
12 54 9
12 41 -3
12 17 -9
12 40 -5
12 15 3
12 58 -8
12 50 -1
12 68 7
12 67 -7
12 47 -10
12 69 4
12 21 -2
12 13 -6
12 37 0
12 25 -5
12 20 -8
12 64 4
12 30 -5
12 60 2
12 28 6
12 18 7
12 36 -6
12 57 4
12 66 10
12 44 -5
12 34 4
12 14 -7
12 42 2
12 56 8
12 19 7
12 32 1
12 26 4
12 49 7
13 50 8
13 31 -2
13 45 -4
13 69 0
13 52 -3
13 59 -8
13 29 9
13 24 -8
13 27 1
13 39 2
13 56 -4
13 51 -2
13 64 0
13 18 3
13 58 7
13 15 -9
13 33 -1
13 72 10
13 71 -6
13 23 -8
14 54 -1
14 62 -5
14 22 -10
14 25 0
14 57 1
14 56 7
14 40 3
14 32 -3
14 34 5
14 70 -9
14 15 4
14 75 -6
14 74 -1
14 47 5
14 55 7
14 72 2
14 39 10
14 44 -3
14 41 2
14 43 -2
14 26 -2
14 24 4
14 68 10
14 38 6
14 58 5
14 23 4
14 64 9
14 63 10
14 27 3
14 16 -1
14 48 -10
14 61 6
15 49 5
15 50 6
15 43 2
15 21 7
15 24 -5
15 55 4
15 71 0
15 25 -10
15 68 -4
15 23 6
15 59 -8
15 18 10
15 73 -4
15 27 -8
15 26 -6
15 17 8
15 64 -2
15 47 -7
15 56 -6
15 28 3
15 51 2
15 75 3
15 57 9
15 42 -3
15 35 -2
15 32 -7
15 67 8
16 34 8
16 58 0
16 36 5
16 21 -10
16 32 -7
16 49 -4
16 47 2
16 40 7
16 56 -10
16 67 4
16 69 6
16 23 -4
16 59 5
16 28 -5
16 51 4
16 27 8
16 71 7
16 18 0
16 35 4
16 73 -4
16 66 -8
16 54 10
16 72 10
16 43 3
16 53 4
16 70 -3
16 37 -10
16 26 -3
16 62 2
16 25 8
16 48 -6
16 24 -2
16 30 1
16 39 -7
16 45 -7
17 50 -4
17 30 -3
17 38 -8
17 54 -10
17 65 1
17 56 2
17 69 -4
17 63 -9
17 48 -6
17 64 6
17 19 6
17 18 -9
17 22 7
17 58 7
17 31 -9
17 21 -2
17 36 5
17 52 2
17 66 -2
17 73 10
17 44 6
17 55 4
17 51 3
17 53 -10
17 70 10
17 68 2
17 75 -3
17 23 -4
18 42 8
18 33 -5
18 43 3
18 48 -7
18 32 6
18 45 5
18 22 0
18 55 -5
18 26 9
18 39 8
18 71 2
18 49 1
18 37 5
18 27 7
18 67 6
18 35 -10
18 36 -6
18 30 7
18 58 -8
18 68 -8
18 34 -4
18 40 5
18 63 -3
18 64 3
19 50 -7
19 53 -1
19 43 -7
19 22 -7
19 52 -9
19 56 3
19 42 -6
19 64 3
19 36 -10
19 55 3
19 63 -8
19 23 9
19 68 -1
19 73 -6
19 26 0
19 48 6
19 71 10
19 38 1
19 54 -9
19 34 4
19 40 1
19 37 2
19 58 4
19 27 -2
20 27 9
20 24 9
20 49 3
20 38 -3
20 31 -5
20 56 8
20 65 -1
20 36 0
20 28 1
20 41 0
20 63 10
20 29 -4
20 52 -1
20 30 2
20 67 2
20 72 -7
20 69 8
20 23 1
20 35 -1
20 75 -9
20 37 -7
20 66 7
20 50 -4
20 53 0
20 58 6
20 22 7
20 25 0
20 55 5
20 62 -1
20 61 0
21 64 10
21 42 0
21 59 7
21 57 -7
21 23 -4
21 34 0
21 71 -2
21 68 9
21 22 6
21 62 6
21 45 -10
21 52 -8
21 63 -9
21 51 3
21 30 -6
21 54 -2
21 24 10
21 72 3
21 28 -8
21 73 1
21 31 -7
22 45 4
22 74 -3
22 43 -7
22 62 8
22 57 4
22 72 -7
22 64 9
22 41 -7
22 42 -2
22 25 -7
22 44 8
22 70 9
22 67 1
22 73 10
22 59 -10
22 68 10
22 32 9
22 29 -8
22 28 -6
22 53 7
22 40 -1
22 35 1
22 48 1
22 26 3
22 58 10
22 46 -3
23 38 3
23 70 1
23 51 -5
23 55 6
23 56 7
23 36 -6
23 26 8
23 30 7
23 50 4
23 64 4
23 75 -10
23 45 3
23 57 10
23 69 -3
23 63 1
23 54 2
23 59 -2
23 39 -3
23 49 1
23 41 9
23 71 -9
23 68 -8
23 48 7
23 58 4
23 44 10
23 52 8
24 30 6
24 40 -9
24 67 -9
24 65 7
24 48 -4
24 32 0
24 27 8
24 26 1
24 33 9
24 54 -5
24 75 3
24 72 8
24 51 2
24 63 -9
24 41 9
24 31 4
24 59 -5
24 37 -4
24 50 -10
24 28 1
24 52 -2
24 25 5
24 46 -10
24 70 6
24 71 -1
24 45 2
24 39 -8
24 35 8
24 60 -9
25 32 4
25 56 -10
25 65 -5
25 29 -3
25 64 4
25 68 3
25 30 3
25 70 4
25 58 7
25 47 -10
25 55 8
25 35 7
25 27 7
25 52 10
25 74 -2
25 34 7
25 54 2
25 50 9
25 48 4
25 57 -10
25 66 -7
25 26 0
25 46 -4
25 36 3
25 60 -6
25 37 1
25 75 -5
25 59 -1
25 40 -9
25 33 6
26 69 9
26 64 6
26 61 7
26 27 -9
26 60 3
26 48 3
26 42 7
26 41 1
26 34 -2
26 35 -8
26 39 1
26 32 5
26 73 4
26 47 -10
26 66 9
26 40 3
26 74 3
26 50 -9
26 28 8
26 38 -3
26 67 1
26 44 3
26 72 -8
26 46 -9
26 65 -2
27 47 5
27 39 -7
27 70 0
27 46 -4
27 54 3
27 64 9
27 74 -3
27 73 -6
27 29 10
27 66 0
27 45 -9
27 75 4
27 59 -4
27 58 -6
27 53 9
27 65 6
27 35 4
27 40 -5
27 71 1
27 51 0
27 34 7
27 41 -2
27 68 -5
28 63 7
28 50 10
28 34 -7
28 38 3
28 72 10
28 69 1
28 65 9
28 30 -7
28 46 -5
28 36 -6
28 53 7
28 40 6
28 67 -9
28 66 4
28 37 -8
28 62 10
28 75 10
28 59 -8
28 41 -4
28 71 3
28 73 1
28 60 -3
29 58 -8
29 66 -9
29 54 9
29 47 -3
29 50 0
29 56 3
29 65 2
29 57 3
29 70 8
29 53 6
29 69 3
29 67 3
29 60 -3
29 51 8
29 61 4
29 32 -7
29 40 1
29 68 -1
29 31 -5
29 41 -1
29 73 -1
29 75 -9
29 30 2
30 40 4
30 47 3
30 41 4
30 37 -5
30 39 1
30 35 8
30 63 8
30 52 -9
30 61 -9
30 75 9
30 33 -9
30 38 10
30 50 9
30 49 0
30 54 -6
30 43 -4
30 42 -4
30 57 -8
30 73 2
30 71 3
30 36 -6
30 69 8
30 55 9
30 53 1
30 70 5
31 67 6
31 46 9
31 39 0
31 32 5
31 50 3
31 52 5
31 65 8
31 69 -1
31 54 -3
31 56 8
31 57 -8
31 71 -5
31 33 -5
31 35 8
31 48 -5
31 64 5
31 63 -9
31 53 4
31 44 2
31 36 5
32 72 -10
32 42 -5
32 57 -5
32 48 -2
32 40 -4
32 61 -7
32 63 5
32 69 4
32 37 -8
32 51 9
32 65 2
32 66 4
32 47 5
32 59 -7
32 45 -3
32 53 -3
32 39 1
32 38 -7
33 37 1
33 44 0
33 40 8
33 74 2
33 64 0
33 69 -8
33 38 -2
33 54 -10
33 35 2
33 41 -8
33 39 8
33 58 10
33 60 10
33 45 10
33 72 10
33 59 2
33 75 -1
33 71 -7
33 57 0
34 75 10
34 60 7
34 59 -1
34 53 -3
34 68 -10
34 74 1
34 35 1
34 63 -6
34 58 0
34 36 1
34 38 0
34 42 7
34 73 -4
34 37 7
34 55 -8
34 71 7
34 51 4
34 66 -5
34 54 9
34 64 10
34 70 10
34 67 -2
35 45 5
35 67 1
35 48 1
35 49 9
35 36 -6
35 52 0
35 64 10
35 54 -10
35 71 9
35 55 4
35 70 3
35 68 5
35 66 -6
35 57 4
35 53 10
35 63 0
35 74 0
35 43 -10
35 44 -3
35 42 -5
36 58 5
36 49 -7
36 61 -5
36 53 10
36 62 3
36 56 6
36 66 9
36 48 1
36 42 9
36 60 -8
36 43 -7
36 63 -4
36 67 9
36 69 -2
36 57 10
36 39 -4
36 37 -1
36 71 0
37 68 2
37 66 -10
37 40 0
37 54 4
37 52 -5
37 41 10
37 42 6
37 71 8
37 38 -3
37 44 -5
37 59 -5
37 56 -4
37 49 -7
37 51 1
37 45 -9
37 64 0
37 73 -4
37 57 8
37 39 2
38 54 2
38 63 10
38 55 -5
38 75 -10
38 42 1
38 74 10
38 45 1
38 65 5
38 60 9
38 67 -4
38 61 6
38 48 2
38 59 -9
38 72 -8
38 43 -1
38 40 -4
38 68 -6
38 53 2
39 72 3
39 55 -3
39 49 -2
39 52 -6
39 42 -4
39 68 7
39 46 -10
39 48 3
39 57 -8
39 60 10
39 62 7
39 69 -9
39 73 -6
39 74 5
40 50 1
40 60 8
40 42 1
40 54 -8
40 67 9
40 48 0
40 52 -7
40 41 5
40 72 -7
40 61 6
40 63 -8
40 62 9
40 43 8
41 44 6
41 54 -3
41 67 -9
41 43 9
41 56 9
41 65 9
41 66 -5
41 72 -1
41 55 -3
41 49 7
41 42 6
41 58 1
41 63 -1
42 63 9
42 57 -2
42 73 6
42 58 3
42 60 -1
42 70 10
42 65 -8
42 47 -6
42 43 -7
42 54 10
42 62 -7
42 53 -10
42 45 -8
42 68 -4
42 52 2
42 64 -8
42 44 0
42 50 3
42 48 6
42 59 -5
42 66 10
42 74 2
43 56 -3
43 67 -1
43 73 -8
43 57 2
43 58 -10
43 65 -8
43 52 8
43 59 3
43 62 3
43 64 2
43 70 1
43 51 -6
43 55 10
43 61 -1
43 47 -4
43 74 9
43 60 -10
44 63 1
44 64 8
44 72 8
44 58 -1
44 49 -9
44 73 8
44 68 -1
44 59 -2
44 48 4
44 67 8
44 45 -3
44 65 -9
44 69 -8
45 49 8
45 69 9
45 66 -3
45 46 -9
45 53 4
45 52 7
45 71 1
45 65 5
45 61 1
45 64 -5
45 75 2
45 63 5
45 51 0
45 58 3
45 73 1
46 73 7
46 74 -6
46 68 6
46 47 5
46 55 2
46 64 9
46 52 -3
46 72 -4
46 65 -2
46 50 7
46 49 -9
46 57 -3
46 63 6
46 69 -10
47 58 -4
47 50 -9
47 48 2
47 60 -9
47 72 5
47 64 3
47 74 -1
47 62 0
47 61 1
47 56 2
47 54 -2
47 53 -6
47 71 9
47 52 0
48 53 -10
48 51 7
48 54 -1
48 57 -9
48 62 4
48 59 8
48 58 -4
48 74 -6
48 75 -3
48 60 2
49 63 7
49 61 -7
49 55 -4
49 69 4
49 71 9
49 70 10
49 68 -8
49 64 7
49 74 -1
49 67 10
50 67 9
50 73 5
50 61 -5
50 56 -2
50 65 3
50 54 2
50 71 -1
50 70 -2
51 59 -8
51 73 1
51 70 10
51 69 -9
51 75 5
51 53 -1
51 72 -9
51 60 9
51 52 5
51 68 -2
51 56 5
52 68 -3
52 64 8
52 53 6
52 70 -4
52 69 -8
52 75 -1
52 63 -9
52 62 -1
52 72 -3
52 74 10
52 58 -7
52 66 -6
52 71 -1
52 73 -8
52 67 -3
53 56 6
53 71 1
53 64 -6
53 57 -10
53 75 -3
53 72 2
53 59 -6
53 61 4
53 65 5
53 60 1
53 68 -5
53 58 1
54 66 8
54 60 2
54 61 5
54 70 4
54 65 -6
54 72 -8
54 68 1
54 63 0
54 75 -2
54 55 10
54 56 -8
54 62 4
55 60 -2
55 73 1
55 56 5
55 66 3
55 61 0
55 70 -9
55 63 -1
55 62 0
55 65 -5
55 64 -8
56 72 8
56 57 -8
56 69 -1
56 63 -9
56 74 4
56 67 -7
56 64 3
56 61 -9
56 75 -4
56 71 -3
56 68 -5
57 62 -8
57 63 -8
57 58 2
57 69 -8
57 65 -6
57 73 8
57 59 9
57 66 9
57 61 -9
57 75 -6
57 60 0
57 68 9
57 67 5
58 71 2
58 68 10
58 66 0
58 63 4
58 62 7
58 75 4
59 62 7
59 61 7
59 60 2
59 67 10
59 65 10
59 74 -3
59 63 -9
59 72 10
59 71 -3
59 75 8
60 62 -4
60 66 -2
60 75 3
60 68 -7
60 71 1
60 63 4
60 72 9
60 67 7
60 69 10
60 65 -6
61 74 -9
61 68 9
61 73 -2
61 75 6
61 65 -8
61 64 9
61 71 5
61 72 -10
61 67 5
61 66 -3
61 70 5
62 67 9
62 73 -8
62 70 9
62 68 7
62 71 -3
62 72 -1
62 74 -6
62 64 -5
63 74 5
63 68 3
63 67 9
63 66 4
64 75 -2
64 70 -8
64 73 1
64 68 -6
64 71 0
64 72 -10
65 72 -9
65 67 0
65 74 1
65 71 -3
65 69 -3
65 75 -1
66 75 5
66 68 -9
66 67 0
66 73 1
66 74 9
67 72 6
67 68 9
67 70 -1
67 75 -2
67 69 2
67 73 10
67 74 -5
68 69 1
68 70 -9
69 73 7
69 70 -3
69 72 8
69 74 -9
69 71 -6
70 72 9
70 74 9
70 75 9
71 72 10
71 73 -8
71 74 9
72 75 5
72 74 -3
73 74 -1
