75 1388 
1 36 -9
1 51 8
1 8 -2
1 5 -10
1 21 9
1 26 10
1 19 6
1 16 -3
1 73 1
1 49 6
1 50 6
1 52 -8
1 4 1
1 68 -2
1 62 10
1 29 -1
1 10 -9
1 6 -8
1 39 -7
1 22 4
1 17 10
1 24 -3
1 55 -3
1 46 -4
1 30 2
1 41 -10
1 9 10
1 66 -6
1 13 5
1 40 9
1 53 -5
1 74 -1
1 32 -1
1 64 -8
1 11 -7
1 34 -2
1 58 5
1 2 -8
1 65 8
2 35 -6
2 19 -4
2 68 -6
2 9 0
2 39 -6
2 73 4
2 55 10
2 54 7
2 63 3
2 75 -5
2 49 9
2 33 -6
2 65 -9
2 48 4
2 51 -1
2 45 9
2 40 3
2 34 5
2 25 -9
2 71 -10
2 24 3
2 17 -9
2 59 -9
2 52 10
2 31 10
2 29 -9
2 26 3
2 18 1
2 30 6
2 28 -9
2 10 -1
3 63 8
3 37 1
3 52 2
3 20 6
3 57 -8
3 17 4
3 34 -5
3 61 10
3 65 5
3 62 -1
3 9 -5
3 11 -1
3 12 -8
3 21 -2
3 15 9
3 59 5
3 38 0
3 42 2
3 26 5
3 31 -7
3 29 2
3 48 8
3 69 -1
3 55 1
3 60 4
3 8 1
3 51 1
3 73 0
3 56 4
3 24 -2
3 64 -8
3 27 0
3 36 2
3 46 -5
3 16 6
3 13 3
3 41 -6
4 64 -1
4 6 -8
4 43 -5
4 10 10
4 63 0
4 7 -5
4 73 -1
4 39 -1
4 55 -2
4 66 -5
4 46 -6
4 37 -8
4 12 -2
4 18 0
4 19 2
4 14 -9
4 52 4
4 35 6
4 51 -7
4 13 -9
4 26 6
4 17 7
4 57 -6
4 11 -3
4 70 2
4 30 -3
4 67 6
4 54 6
4 56 -5
4 25 9
4 53 2
4 72 -6
4 62 6
4 74 9
4 68 8
5 42 10
5 46 6
5 68 -5
5 59 -9
5 65 7
5 32 -2
5 53 4
5 17 5
5 43 2
5 69 9
5 15 10
5 25 9
5 39 -3
5 66 6
5 24 5
5 72 -9
5 16 4
5 26 -8
5 73 3
5 54 1
5 28 -6
5 21 -7
5 57 2
5 13 -8
5 29 3
5 75 8
5 48 -7
5 31 -9
5 33 -1
5 56 2
5 35 -6
5 14 5
5 67 8
5 6 2
6 47 10
6 73 3
6 53 1
6 36 -6
6 58 -1
6 23 8
6 19 -5
6 7 -1
6 27 -3
6 20 4
6 68 2
6 60 6
6 45 6
6 13 8
6 8 10
6 66 0
6 22 -2
6 65 0
6 61 10
6 72 4
6 55 -10
6 21 0
6 17 1
6 39 9
6 59 3
6 71 1
6 35 -5
6 50 2
6 24 5
6 12 -6
6 16 1
6 25 0
6 69 8
6 37 4
6 42 -10
6 49 4
6 15 -10
6 29 -10
6 38 -4
6 62 -1
7 46 -4
7 9 5
7 18 7
7 47 -9
7 57 -10
7 55 1
7 49 2
7 70 -2
7 13 7
7 16 1
7 12 -2
7 24 -2
7 21 8
7 45 -6
7 68 7
7 35 0
7 50 1
7 53 8
7 34 7
7 27 -1
7 41 1
7 75 -4
7 14 -10
7 10 -8
7 61 1
7 60 6
7 39 3
7 48 1
7 74 -8
7 37 -8
7 42 -2
7 54 6
7 58 -5
7 15 9
8 43 -6
8 11 9
8 75 8
8 29 6
8 30 8
8 17 2
8 9 -8
8 55 4
8 33 -2
8 62 -8
8 14 -1
8 57 10
8 31 1
8 65 -3
8 27 -5
8 24 9
8 25 -5
8 69 -5
8 53 6
8 73 8
8 71 -6
8 56 3
8 51 -5
8 12 -7
8 20 -5
8 36 0
8 15 -2
8 35 -2
8 38 5
8 44 -7
8 37 -5
8 34 -5
8 39 0
8 68 1
8 21 -10
8 74 -1
8 63 5
8 60 10
9 28 2
9 25 7
9 34 -6
9 13 -4
9 30 -7
9 44 10
9 35 -4
9 45 -5
9 65 4
9 66 7
9 69 9
9 26 3
9 31 -5
9 53 -6
9 46 4
9 61 6
9 68 -2
9 33 -5
9 20 9
9 64 -1
9 17 -4
9 22 0
9 19 8
9 10 4
9 37 -2
9 60 -8
9 16 -5
9 12 -5
9 75 -7
9 42 -7
9 55 7
9 39 -2
10 28 -8
10 25 7
10 75 5
10 33 2
10 63 10
10 64 -6
10 42 -6
10 44 2
10 37 3
10 15 6
10 62 -4
10 38 -5
10 48 -8
10 71 -8
10 41 -4
10 47 4
10 40 -5
10 59 10
10 39 0
10 67 -8
10 36 4
10 45 -10
10 31 1
10 56 -1
10 23 -6
10 18 -2
10 24 -9
10 65 -3
11 34 -1
11 38 -1
11 56 -1
11 51 -2
11 39 -6
11 21 0
11 23 -6
11 30 -7
11 44 -2
11 45 5
11 54 8
11 48 2
11 60 -8
11 25 1
11 27 -9
11 32 9
11 42 6
11 70 5
11 75 -1
11 18 -7
11 14 3
11 55 7
11 52 -3
11 72 7
11 29 1
11 64 10
11 66 7
11 37 -2
12 54 5
12 41 -1
12 70 -1
12 72 -8
12 38 9
12 58 -9
12 50 9
12 59 7
12 60 6
12 19 -6
12 14 4
12 69 -2
12 15 9
12 23 -9
12 64 7
12 20 9
12 36 5
12 75 2
12 40 -4
12 26 9
12 68 2
12 42 6
12 25 -1
12 34 1
12 45 -9
12 29 9
12 53 -8
12 62 -10
12 28 -10
12 24 -7
12 74 -6
13 38 10
13 44 -8
13 28 -8
13 51 2
13 37 7
13 56 -6
13 68 -5
13 27 10
13 23 -3
13 24 -3
13 40 9
13 34 9
13 53 6
13 45 -1
13 46 8
13 62 -10
13 35 4
13 61 -1
13 29 -5
13 16 -5
13 54 1
13 70 -1
13 69 -2
13 30 -4
13 58 -3
13 47 -2
13 22 -8
13 72 4
13 52 2
13 75 3
13 15 3
13 59 5
13 60 -5
13 39 -8
13 42 8
14 37 -7
14 36 -4
14 52 -3
14 64 5
14 67 -3
14 61 4
14 56 -1
14 43 4
14 46 -9
14 35 -6
14 34 5
14 62 -3
14 60 2
14 70 -6
14 45 8
14 19 6
14 59 10
14 21 -3
14 66 -6
14 49 -1
14 32 4
14 48 1
14 68 -8
14 53 9
14 18 -5
14 39 5
14 23 7
14 51 -6
14 72 4
14 24 -7
14 71 -5
14 44 3
14 38 8
15 73 0
15 60 -7
15 68 -6
15 21 -9
15 32 8
15 38 -9
15 19 -1
15 33 -9
15 18 6
15 70 10
15 69 6
15 74 -4
15 47 2
15 56 -8
15 71 6
15 75 4
15 35 0
15 39 1
15 27 8
15 51 -1
15 28 -3
15 45 6
15 52 -3
15 53 6
15 62 3
15 23 5
15 40 7
16 68 3
16 75 -9
16 55 -4
16 61 -2
16 63 -9
16 69 -4
16 50 0
16 27 -6
16 31 6
16 54 2
16 46 -2
16 66 -8
16 67 -6
16 36 4
16 65 -5
16 74 2
16 30 7
16 51 6
16 56 -8
16 29 9
16 34 1
16 40 5
16 43 -10
16 25 1
16 47 -9
16 41 -2
16 60 0
16 17 4
16 44 -7
16 42 1
16 18 10
16 33 -2
16 58 -1
16 48 -2
17 24 -2
17 46 8
17 68 -7
17 34 3
17 66 -4
17 44 -8
17 45 7
17 41 -3
17 18 7
17 63 -3
17 20 -4
17 39 -8
17 35 -6
17 47 10
17 25 3
17 28 -2
17 58 4
17 71 -9
17 37 8
17 27 -3
17 57 7
17 73 9
17 50 -1
18 33 -7
18 71 2
18 26 1
18 53 0
18 36 -3
18 42 -1
18 68 -2
18 61 -2
18 31 -2
18 64 -4
18 20 -3
18 28 -1
18 41 -7
18 47 -3
18 74 2
18 75 7
18 30 0
18 50 6
18 65 7
18 62 6
18 69 0
18 39 -8
18 27 5
18 51 5
18 63 -7
18 38 9
18 59 3
18 37 7
19 37 -7
19 39 8
19 73 0
19 58 -6
19 42 -10
19 57 9
19 45 10
19 63 -5
19 72 -8
19 32 -3
19 31 -3
19 47 -9
19 64 5
19 20 -5
19 75 5
19 62 10
19 65 3
19 53 -5
19 34 0
19 27 -3
19 41 7
19 40 3
19 74 -10
19 66 -5
19 43 4
19 68 7
19 61 -10
19 56 2
19 51 3
19 50 6
19 30 -10
20 49 -8
20 40 2
20 69 -3
20 62 -3
20 43 8
20 39 -10
20 72 10
20 27 1
20 35 -2
20 67 -2
20 42 5
20 48 -7
20 21 -9
20 31 8
20 32 1
20 22 10
20 38 -8
20 65 -5
20 34 -6
20 36 -1
20 73 2
20 59 10
20 68 6
20 71 2
20 60 -3
20 24 10
20 45 -9
20 53 -9
20 46 1
21 72 -2
21 63 0
21 52 -10
21 27 6
21 55 10
21 71 10
21 45 4
21 33 -1
21 42 9
21 22 -2
21 36 9
21 24 -2
21 39 -5
21 57 -7
21 44 7
21 49 9
21 32 10
21 31 2
21 23 -5
21 43 6
21 68 -10
21 50 -10
21 47 7
21 75 -4
21 64 -10
22 45 4
22 42 -1
22 69 -3
22 60 -4
22 64 8
22 70 -9
22 59 -2
22 58 -2
22 50 3
22 55 -6
22 29 6
22 56 -8
22 71 -1
22 49 1
22 41 9
22 35 4
22 65 -1
22 44 -8
22 30 -10
22 72 7
22 26 -8
22 25 6
22 66 -1
22 61 8
22 32 -3
23 73 6
23 42 -5
23 74 -9
23 46 2
23 72 9
23 41 3
23 63 2
23 30 9
23 45 -4
23 34 5
23 51 3
23 31 7
23 59 1
23 26 10
23 55 10
23 36 1
23 40 -8
23 28 7
23 47 2
23 39 1
23 70 2
23 60 5
23 54 0
23 66 2
23 37 -10
23 27 -3
23 62 5
24 46 10
24 69 9
24 72 5
24 65 0
24 60 -1
24 39 -6
24 34 -5
24 49 -6
24 59 -3
24 37 6
24 26 0
24 67 -9
24 70 -3
24 56 -3
24 61 -1
24 73 2
24 33 -2
24 42 -3
24 47 -3
24 25 -8
24 62 6
24 41 6
24 28 6
24 58 -2
24 44 10
25 41 0
25 36 -4
25 70 -6
25 61 -10
25 44 -5
25 59 -7
25 69 6
25 28 5
25 55 5
25 68 -10
25 40 2
25 37 10
25 47 -1
25 35 6
25 43 8
25 52 -5
25 63 4
25 39 -3
25 51 -3
25 34 -1
25 62 -9
25 66 3
25 57 3
25 42 1
25 64 6
25 75 -2
25 46 9
25 60 -9
26 33 -5
26 43 8
26 35 2
26 47 -7
26 42 9
26 39 6
26 52 -1
26 75 -4
26 49 5
26 61 -2
26 38 1
26 32 6
26 37 10
26 73 9
26 51 2
26 67 -7
26 41 8
26 44 -9
26 57 9
26 59 -7
26 62 10
26 34 -8
26 45 4
27 50 -9
27 65 -6
27 48 8
27 60 -2
27 55 6
27 71 9
27 53 5
27 37 -10
27 54 -10
27 51 1
27 73 7
27 72 9
27 57 -10
27 52 3
27 33 -5
27 64 6
27 43 -4
27 36 4
27 67 3
27 62 2
27 32 -4
28 47 -2
28 64 -8
28 51 -8
28 63 0
28 61 6
28 70 1
28 56 5
28 52 -2
28 71 7
28 57 -6
28 41 -9
28 72 4
28 29 3
28 66 5
28 33 -7
28 59 -2
28 45 10
28 30 0
28 73 1
28 67 -9
28 62 -7
28 68 6
28 36 4
28 74 -8
28 69 -6
28 38 -8
28 42 4
29 43 2
29 68 10
29 49 -6
29 57 7
29 44 0
29 65 4
29 58 7
29 33 -10
29 40 2
29 32 -5
29 71 10
29 47 -8
29 60 1
29 45 9
29 75 -9
29 64 6
29 59 6
29 31 -5
29 30 8
29 53 -6
29 42 8
29 38 7
29 52 2
29 51 2
29 50 -4
30 35 -8
30 66 7
30 75 -3
30 49 2
30 67 1
30 74 10
30 32 -9
30 65 -7
30 68 2
30 47 -7
30 43 -4
30 34 2
30 44 6
30 52 3
30 53 8
30 61 9
30 56 0
30 60 -1
30 51 4
30 71 -5
30 41 2
30 62 -3
30 38 9
31 42 3
31 70 -9
31 60 8
31 37 -4
31 43 8
31 48 -9
31 35 -7
31 56 1
31 39 3
31 75 -9
31 65 2
31 53 -8
31 67 -5
31 64 1
31 32 1
31 74 9
31 61 7
31 59 -5
31 63 5
31 52 7
32 75 7
32 43 -10
32 41 -6
32 47 -7
32 73 3
32 51 5
32 68 7
32 33 9
32 57 -3
32 56 -7
32 54 1
32 65 -7
32 50 -1
32 69 -7
32 49 -5
32 74 0
32 39 -1
32 48 -2
32 71 -7
32 66 -10
32 58 9
32 72 3
33 35 7
33 46 9
33 61 0
33 66 -7
33 69 -8
33 59 4
33 72 -2
33 74 -10
33 53 -1
33 67 -6
33 43 -8
33 62 -10
33 45 4
33 42 2
33 55 4
33 51 5
33 71 3
33 44 -8
33 37 -5
33 64 1
33 34 -10
33 52 -5
33 36 6
33 58 3
33 39 0
34 46 6
34 40 -4
34 38 0
34 35 6
34 56 -5
34 64 -6
34 50 1
34 62 -5
34 67 -7
34 65 0
34 74 -1
34 37 -3
34 47 -7
34 41 -2
34 53 -5
34 55 6
34 42 8
34 58 7
34 73 3
34 54 1
34 51 0
34 43 -4
34 75 -9
34 61 3
35 60 0
35 37 -5
35 43 -4
35 68 2
35 53 5
35 59 1
35 39 10
35 66 -2
35 64 9
35 61 7
35 48 -3
35 41 -3
35 69 7
35 74 -4
35 70 -10
35 52 1
35 44 6
35 54 4
35 65 -10
35 40 7
35 38 -6
36 63 9
36 42 -9
36 58 -3
36 68 -1
36 38 2
36 46 10
36 56 -1
36 60 -6
36 62 -8
36 45 10
36 50 1
36 49 4
36 57 -1
36 69 8
36 40 -1
36 65 4
36 75 5
36 72 -1
36 44 4
36 66 -1
36 51 -3
36 41 4
36 39 6
37 50 0
37 46 9
37 74 2
37 47 6
37 54 7
37 53 -9
37 55 -9
37 44 7
37 70 4
37 67 1
37 56 3
37 63 -3
37 52 5
37 62 2
37 72 6
37 73 -2
37 59 9
37 48 -2
37 75 6
37 45 -2
37 69 4
37 40 -7
37 71 3
37 39 4
38 64 3
38 57 10
38 39 4
38 71 -7
38 53 4
38 44 4
38 73 8
38 51 -8
38 58 -10
38 65 -10
38 72 -3
38 47 -4
38 46 1
38 67 5
38 60 9
38 63 -1
38 40 3
38 61 4
38 68 5
39 63 1
39 56 -7
39 65 -4
39 71 5
39 54 -7
39 44 6
39 70 -9
39 47 8
39 50 5
39 61 -8
39 73 -1
39 55 -9
39 40 -6
39 59 9
39 66 -7
39 45 -8
40 72 -5
40 61 -9
40 71 -5
40 53 3
40 42 8
40 60 2
40 69 -2
40 57 9
40 52 -5
40 46 -3
40 48 0
40 58 7
40 47 10
40 62 8
40 51 6
40 41 4
40 70 -10
40 49 3
41 58 -4
41 54 -1
41 74 -7
41 48 4
41 50 -4
41 68 -8
41 61 5
41 60 8
41 45 0
41 59 -1
41 53 -7
41 63 1
41 55 -2
41 42 5
41 71 -9
41 66 -5
41 52 -2
42 45 2
42 49 -9
42 75 3
42 54 -8
42 44 7
42 50 4
42 43 1
42 58 -3
42 65 -5
42 57 0
42 69 -2
42 59 0
42 73 -9
42 51 -9
42 60 9
43 45 -2
43 67 4
43 56 10
43 54 0
43 73 10
43 70 2
43 65 0
43 62 0
43 53 3
43 55 8
43 57 4
43 52 -9
43 49 3
43 50 5
43 44 -6
43 47 -4
43 46 -9
44 73 10
44 69 -10
44 45 4
44 64 1
44 72 4
44 56 0
44 57 8
44 54 -7
44 75 1
44 74 -9
44 61 0
44 63 -9
44 55 -4
44 60 -5
44 66 -1
44 50 9
45 48 8
45 49 -3
45 64 -1
45 53 8
45 60 -1
45 70 -5
45 69 -6
45 66 8
45 50 -10
45 51 8
46 66 -6
46 70 -7
46 50 -3
46 58 -7
46 56 1
46 63 -2
46 52 5
46 73 3
46 67 9
46 54 -7
47 70 -1
47 71 3
47 49 -9
47 54 1
47 62 -2
47 64 -4
47 50 10
47 68 10
47 56 5
47 60 -8
48 54 -6
48 68 7
48 52 -7
48 69 6
48 73 9
48 55 4
48 59 5
48 49 2
48 51 -7
48 72 6
48 57 0
48 67 3
48 62 5
49 58 1
49 72 3
49 71 -4
49 65 5
49 57 9
49 62 -10
49 56 -8
49 60 2
49 70 -5
49 73 0
49 59 1
50 66 9
50 63 1
50 56 1
50 67 1
50 65 -8
50 64 10
50 62 2
50 53 7
51 61 9
51 63 -4
51 59 1
51 54 -9
51 69 9
51 72 -5
51 67 8
52 70 2
52 57 -1
52 73 5
52 65 -9
52 66 -2
52 56 0
52 72 -9
52 62 6
52 67 -10
52 55 -10
52 64 -3
52 63 9
52 59 -10
53 68 6
53 66 0
53 59 4
53 73 -2
53 64 10
53 54 7
53 72 -3
53 71 -7
53 75 -3
53 60 -4
53 57 -7
53 67 4
53 69 6
53 55 8
53 70 5
54 65 -4
54 57 9
54 56 -5
54 64 6
54 72 -9
54 70 4
54 71 2
54 61 -1
55 72 1
55 58 7
55 56 -10
55 57 -5
55 75 7
55 71 -4
55 62 7
55 61 -8
55 73 4
55 68 10
55 60 -1
55 66 -1
55 65 0
56 66 -10
56 70 5
56 67 -10
56 63 1
56 65 3
56 58 -2
56 57 1
56 71 6
56 74 -5
56 61 1
57 74 4
57 67 -9
57 73 -1
57 66 2
57 59 -4
57 61 -6
57 64 -3
57 70 7
57 60 1
58 67 1
58 64 -10
58 72 -7
58 68 0
58 65 1
58 74 -4
59 72 9
59 70 -7
59 65 0
59 63 8
59 64 0
59 61 -1
59 69 -5
59 68 -9
59 75 -6
59 62 -4
60 63 4
60 73 -10
60 74 9
60 65 -7
60 61 -4
60 71 6
60 67 -9
61 71 0
61 68 3
61 69 -4
61 63 -10
61 75 -4
61 67 1
62 63 1
62 66 -8
62 65 10
62 70 10
62 64 1
62 69 6
62 72 -5
62 74 3
63 72 7
63 71 1
63 73 -10
63 67 -3
63 70 -5
63 64 10
63 75 -10
64 66 0
64 71 9
64 65 0
64 74 -7
64 69 -4
64 68 7
64 75 -3
65 72 1
65 74 6
65 69 -2
65 67 -10
66 72 5
66 70 -8
66 74 -10
66 71 6
67 68 -5
67 75 0
67 70 9
67 72 0
67 74 1
67 71 -1
68 73 -4
68 69 9
68 70 6
68 74 -9
68 75 -4
69 75 8
70 75 -6
71 74 -5
71 75 0
71 73 -2
71 72 8
72 75 -7
74 75 10
