75 1388 
1 45 7
1 21 2
1 70 -6
1 34 -5
1 37 -7
1 40 9
1 62 8
1 59 -6
1 17 4
1 7 4
1 55 7
1 43 10
1 54 -5
1 3 -5
1 32 -10
1 46 0
1 49 2
1 58 -7
1 16 -9
1 56 5
1 47 4
1 9 -4
1 71 -4
1 15 3
1 39 -10
1 28 9
1 41 4
1 74 1
1 2 5
1 33 -3
1 63 6
1 50 -3
1 35 0
1 65 -7
1 14 -8
1 27 -9
1 25 -7
1 19 3
1 52 10
1 38 -4
1 57 -5
1 23 5
1 29 -4
1 51 -2
1 53 6
1 26 9
2 29 -1
2 60 -9
2 46 -1
2 47 -2
2 3 0
2 21 -8
2 34 -6
2 49 -3
2 55 7
2 26 -6
2 12 -8
2 14 -4
2 38 -5
2 17 -1
2 74 3
2 8 10
2 23 4
2 24 6
2 48 3
2 50 -9
2 10 -9
2 63 -10
2 7 0
2 4 -7
2 71 8
2 39 -8
2 13 -5
2 5 5
2 67 2
2 33 -7
2 72 -4
2 52 -3
2 28 -7
2 59 5
2 22 0
2 27 9
3 41 -8
3 29 7
3 47 -4
3 36 9
3 5 1
3 6 9
3 39 -9
3 35 8
3 19 -10
3 49 -5
3 68 6
3 11 8
3 62 3
3 38 2
3 75 -10
3 20 -3
3 65 -5
3 37 3
3 60 -10
3 12 -9
3 46 0
3 33 -4
3 58 -1
3 17 8
3 18 -1
3 66 -10
4 35 -9
4 48 -7
4 6 3
4 64 -3
4 22 2
4 71 -1
4 40 -3
4 7 -7
4 37 8
4 41 -3
4 28 10
4 9 6
4 51 -3
4 75 0
4 14 -2
4 52 4
4 50 10
4 42 -8
4 12 -9
4 23 -4
4 73 -1
4 30 -3
4 8 -10
4 39 -3
4 32 -5
4 74 4
4 17 4
4 31 6
4 49 5
4 33 7
4 45 -8
4 36 2
4 10 -6
4 18 -1
4 5 9
4 69 8
5 35 5
5 37 2
5 58 5
5 18 7
5 75 -6
5 56 8
5 22 -9
5 67 -9
5 49 -2
5 64 -5
5 29 -7
5 61 10
5 28 -6
5 13 0
5 6 -7
5 21 7
5 19 -4
5 69 -2
5 8 5
5 60 7
5 11 9
5 20 9
5 59 10
5 68 7
5 72 -10
5 25 5
5 10 -7
5 46 5
5 42 1
5 50 -4
5 43 0
5 17 -9
5 23 -5
5 34 7
5 33 3
5 44 -8
6 31 -8
6 27 8
6 44 4
6 74 3
6 15 0
6 62 1
6 20 -3
6 40 -7
6 68 -5
6 65 7
6 55 0
6 32 6
6 72 -1
6 30 5
6 57 -10
6 41 -7
6 56 7
6 69 4
6 61 -4
6 49 -4
6 63 -3
6 10 2
6 66 -9
6 25 8
6 39 -10
6 45 -4
6 37 5
6 64 9
6 54 10
6 42 2
6 59 -10
6 23 -6
7 71 -1
7 60 10
7 62 -2
7 20 10
7 53 -2
7 55 0
7 19 2
7 56 -3
7 36 -2
7 38 -5
7 17 3
7 61 1
7 22 -9
7 10 4
7 26 0
7 37 1
7 67 2
7 39 -10
7 54 6
7 57 3
7 66 -2
7 40 -2
7 21 6
7 14 0
7 50 -9
7 31 -8
7 64 10
7 42 -5
7 74 2
7 72 -1
8 29 -9
8 47 4
8 57 1
8 28 5
8 61 -4
8 53 2
8 18 4
8 31 0
8 26 -3
8 65 -10
8 62 7
8 21 2
8 33 -2
8 27 3
8 55 -1
8 51 -3
8 9 -1
8 41 5
8 52 7
8 72 4
8 58 6
8 50 -5
8 22 10
8 73 -10
8 37 -8
8 20 4
8 35 -4
8 75 8
8 23 2
8 13 10
8 49 -7
8 39 1
8 36 -4
8 24 -5
8 25 1
8 48 4
8 17 -1
8 67 -6
9 45 4
9 56 2
9 32 -10
9 47 -8
9 33 -9
9 44 9
9 49 -9
9 42 5
9 19 1
9 25 10
9 10 -3
9 57 -3
9 31 -6
9 12 7
9 66 0
9 63 -10
9 35 -6
9 43 -1
9 74 -9
9 11 -5
9 64 5
9 13 10
9 18 -8
9 16 10
9 68 -8
9 39 -10
9 34 3
9 38 2
9 69 -9
9 46 8
9 67 4
9 15 6
10 27 8
10 23 9
10 50 -7
10 44 7
10 31 9
10 19 -7
10 20 8
10 15 4
10 16 -5
10 63 5
10 11 3
10 36 -4
10 29 -10
10 65 -3
10 74 0
10 21 5
10 58 0
10 71 5
10 33 -6
10 32 -10
10 18 4
10 68 7
10 64 8
10 41 5
10 17 8
10 59 1
10 37 -7
10 22 4
11 49 0
11 36 2
11 66 1
11 18 -7
11 64 -9
11 51 -4
11 21 0
11 39 -6
11 56 5
11 33 -3
11 72 8
11 31 7
11 46 -9
11 48 4
11 37 -7
11 42 3
11 44 -8
11 34 5
11 41 -1
11 28 10
11 13 5
11 52 0
11 32 -9
11 25 -2
11 68 1
11 26 0
11 12 -6
11 57 -2
11 65 9
11 50 -9
11 63 8
11 29 -10
11 24 -6
12 56 -5
12 41 -5
12 73 -2
12 57 -2
12 48 -2
12 35 -6
12 55 -6
12 25 10
12 39 0
12 42 3
12 28 -7
12 53 -9
12 60 -9
12 45 10
12 26 -4
12 65 5
12 43 -5
12 13 10
12 66 6
12 15 -3
12 47 -8
12 74 10
12 52 6
12 69 10
12 21 -7
12 30 1
12 19 4
12 34 -4
12 58 -4
12 54 4
12 46 -8
12 49 3
12 24 6
12 36 0
13 23 8
13 24 6
13 59 -7
13 58 -9
13 18 0
13 70 -8
13 52 3
13 28 8
13 21 -8
13 38 -4
13 25 -9
13 27 7
13 35 7
13 46 5
13 64 0
13 71 3
13 65 0
13 73 -10
13 17 -6
13 63 3
13 68 3
13 42 5
13 67 -8
13 51 -1
13 33 -6
13 32 -10
13 30 -10
13 55 2
13 61 5
13 69 5
14 65 7
14 69 -8
14 47 -10
14 59 -5
14 17 -2
14 62 -10
14 75 2
14 34 8
14 22 -3
14 71 5
14 54 -8
14 19 -10
14 67 -1
14 18 6
14 27 0
14 61 3
14 43 4
14 37 1
14 31 -2
14 68 -9
14 73 7
14 66 -1
14 20 -9
14 30 -6
15 23 5
15 63 -9
15 25 -9
15 33 9
15 72 2
15 37 -2
15 45 -5
15 46 -2
15 43 3
15 57 -7
15 50 -3
15 19 -8
15 71 3
15 24 -8
15 39 2
15 44 3
15 27 8
15 29 -7
15 52 9
15 28 -3
15 61 8
15 51 6
15 49 2
15 22 4
15 40 6
15 55 9
15 35 5
15 74 -3
15 68 0
15 26 -8
15 70 10
15 58 -3
15 21 -3
16 57 3
16 45 10
16 75 10
16 61 4
16 73 -6
16 19 -8
16 54 -10
16 23 4
16 52 -10
16 28 -2
16 41 7
16 65 -5
16 62 6
16 56 -1
16 30 3
16 38 -2
16 37 0
16 55 -7
16 68 5
16 74 -7
16 27 -6
16 71 -4
16 48 0
16 33 1
16 69 -2
16 49 -2
16 17 1
16 24 -3
16 53 0
16 72 6
16 22 -3
16 29 -7
17 42 -8
17 53 5
17 72 5
17 55 1
17 60 5
17 63 -4
17 68 -7
17 61 -7
17 44 9
17 34 9
17 25 -6
17 19 -2
17 35 10
17 45 -10
17 23 -3
17 24 1
17 65 4
17 39 1
17 43 -7
17 26 -9
17 54 6
17 33 3
17 62 -2
17 46 6
17 67 0
17 36 -1
17 31 -2
17 32 -4
17 21 0
18 20 3
18 21 -9
18 27 8
18 72 1
18 41 6
18 58 7
18 69 -7
18 44 -7
18 40 -9
18 59 -5
18 47 10
18 64 10
18 50 4
18 46 1
18 49 2
18 71 9
18 48 1
18 74 0
18 70 8
18 60 0
18 36 1
18 35 -2
18 42 9
18 62 3
18 19 0
18 24 3
18 66 -5
18 37 8
18 29 -9
18 38 -1
19 65 3
19 63 -4
19 68 2
19 72 -5
19 59 3
19 47 -6
19 27 -9
19 75 3
19 37 3
19 38 -2
19 29 10
19 32 -9
19 57 3
19 51 9
19 55 -10
19 23 10
19 54 2
19 70 -5
19 61 8
19 71 2
20 29 -5
20 47 -2
20 75 -2
20 61 -9
20 62 2
20 51 3
20 56 -4
20 66 -8
20 44 -10
20 34 -8
20 70 4
20 23 -8
20 32 0
20 31 1
20 71 8
20 72 6
20 74 1
20 49 1
20 42 -9
20 46 -8
20 68 0
20 40 5
21 69 -4
21 67 -4
21 64 -5
21 66 -9
21 26 -10
21 56 -5
21 27 -10
21 45 -10
21 44 8
21 58 6
21 22 1
21 55 6
21 60 -7
21 38 -7
21 65 6
21 24 1
21 53 -2
21 63 -6
21 37 1
21 49 -5
21 25 0
21 35 0
21 71 -1
21 39 7
21 28 -6
21 52 4
21 75 -5
21 61 2
22 37 0
22 73 6
22 54 5
22 74 0
22 48 1
22 58 9
22 29 6
22 70 8
22 56 -8
22 28 4
22 51 9
22 50 -8
22 71 2
22 75 8
22 40 5
22 64 2
22 39 1
22 53 -1
22 26 -4
22 61 0
22 27 2
22 59 -6
22 47 10
22 33 4
22 25 -8
22 24 4
22 62 6
22 63 6
22 57 -7
23 56 -1
23 35 3
23 55 3
23 58 -9
23 50 -10
23 24 7
23 53 -4
23 33 1
23 27 -5
23 47 -2
23 51 -6
23 37 2
23 67 -7
23 43 -3
23 68 -2
23 52 -6
23 30 -1
23 40 2
23 45 0
23 57 -8
23 39 9
23 28 -9
23 59 1
23 62 -7
23 38 7
24 58 1
24 40 -2
24 63 -4
24 49 -8
24 42 -4
24 74 1
24 39 -3
24 27 -8
24 68 5
24 53 4
24 73 -8
24 33 3
24 34 -3
24 69 10
24 32 -2
24 46 -4
24 47 2
24 57 3
24 31 -8
24 60 -7
24 26 6
24 37 -7
24 48 0
24 35 10
24 67 3
24 51 -3
24 30 -9
24 28 -6
25 75 7
25 44 -8
25 34 2
25 71 6
25 30 -5
25 68 -1
25 46 4
25 42 -4
25 37 6
25 47 5
25 43 0
25 28 1
25 73 -8
25 65 -10
25 66 -3
25 41 -5
25 36 7
25 59 -1
25 69 5
25 72 -10
25 54 -9
25 63 6
25 55 3
25 58 2
25 35 -9
25 27 -9
25 70 10
25 26 10
25 50 -2
26 62 3
26 49 -3
26 59 1
26 75 -10
26 37 6
26 40 4
26 52 1
26 35 7
26 74 2
26 55 10
26 36 -10
26 28 2
26 58 -10
26 61 -2
26 73 -9
26 53 5
26 71 -2
26 29 -7
26 67 9
26 42 -6
27 58 10
27 62 1
27 48 -6
27 34 6
27 69 2
27 64 0
27 35 -10
27 41 1
27 32 4
27 46 -1
27 39 -6
27 52 8
27 28 1
27 74 4
27 36 -3
27 67 -2
27 37 0
27 40 9
27 57 1
27 56 9
27 30 7
28 57 -10
28 54 8
28 40 -9
28 52 1
28 75 1
28 68 1
28 50 4
28 33 2
28 34 7
28 71 9
28 61 4
28 58 -10
28 74 -3
28 63 -9
28 38 2
28 73 -7
28 36 5
28 70 -4
28 45 4
28 31 0
28 42 7
28 32 10
28 43 7
28 29 -8
28 62 4
28 53 10
28 30 -6
29 50 -8
29 47 -3
29 72 -2
29 64 1
29 54 -7
29 41 3
29 70 -7
29 58 7
29 68 -9
29 69 -4
29 49 -2
29 75 -7
29 36 2
29 65 -4
29 67 7
29 48 -6
29 42 -4
29 37 7
29 53 8
29 73 8
30 35 10
30 60 -3
30 39 5
30 52 7
30 50 -2
30 46 7
30 70 -3
30 75 8
30 67 -8
30 71 -2
30 45 -7
30 41 -7
30 65 2
30 63 9
30 72 -2
30 38 -1
30 74 -10
30 47 7
30 69 5
30 51 2
30 73 -5
30 36 -2
30 33 -8
30 61 6
31 48 7
31 40 0
31 54 -8
31 46 -5
31 61 -8
31 41 -7
31 43 -3
31 53 6
31 65 3
31 55 9
31 33 8
31 32 1
31 66 2
31 75 8
31 72 8
31 73 5
31 71 -6
31 51 -6
31 44 6
31 45 7
31 47 8
31 35 1
32 54 8
32 62 -6
32 68 3
32 55 7
32 71 4
32 44 -3
32 36 7
32 52 9
32 49 2
32 56 -1
32 48 -7
32 65 -9
32 59 -1
32 64 4
32 61 8
32 50 3
32 33 6
32 40 -1
32 47 -1
32 73 10
32 53 -7
32 72 -5
32 41 1
32 58 8
33 47 -2
33 53 -2
33 45 6
33 61 -10
33 46 1
33 74 10
33 37 -8
33 62 10
33 55 -4
33 73 1
33 69 9
33 49 -7
33 34 -8
33 36 8
33 44 -1
33 63 8
33 51 -3
33 48 -9
33 42 8
33 56 4
33 70 10
33 66 8
34 48 0
34 64 8
34 65 9
34 59 2
34 35 -6
34 46 -7
34 39 -7
34 42 -8
34 37 1
34 40 -6
34 36 9
34 75 -7
34 68 4
34 61 10
34 43 -7
34 69 -5
34 49 5
34 47 0
34 51 1
34 62 4
34 73 -9
34 38 -4
35 38 2
35 69 5
35 54 -2
35 62 -8
35 59 9
35 47 3
35 66 -8
35 56 5
35 70 6
35 43 6
35 40 -8
35 45 4
35 57 -4
35 72 2
35 74 -5
35 53 7
35 64 -6
35 73 2
35 51 -6
35 39 -6
35 65 -10
35 36 1
35 58 10
35 75 -9
36 55 6
36 62 5
36 65 6
36 54 4
36 61 -4
36 49 10
36 40 0
36 63 -5
36 51 0
36 69 -9
36 47 -8
36 67 -7
36 71 9
36 42 6
36 48 -2
36 44 -5
37 47 7
37 73 -4
37 52 1
37 46 -4
37 45 6
37 49 0
37 65 -4
37 59 -9
37 44 -6
37 62 5
37 72 -6
37 74 4
37 64 6
37 53 9
37 75 -6
37 70 5
37 56 -2
38 69 1
38 53 6
38 54 8
38 52 6
38 45 -1
38 44 6
38 51 9
38 64 -4
38 62 -5
38 61 6
38 66 5
38 47 -2
38 74 -6
38 75 4
38 42 -6
38 68 -7
38 50 -8
38 70 -4
39 45 8
39 75 10
39 50 -8
39 46 -4
39 53 1
39 44 4
39 43 2
39 73 -8
39 66 -9
39 57 -10
39 40 -3
39 61 -4
39 58 9
39 63 -4
39 64 9
39 56 0
39 59 -8
39 69 7
39 52 8
39 47 7
40 66 4
40 55 -9
40 41 7
40 44 0
40 54 -7
40 67 2
40 61 8
40 53 6
40 56 -3
40 70 -7
40 71 -6
40 60 2
40 51 -5
40 52 -9
40 62 -5
40 47 -9
40 63 4
40 57 6
41 64 -6
41 73 4
41 54 7
41 69 -9
41 60 1
41 44 -1
41 51 -5
41 75 -5
41 66 5
41 42 9
41 49 5
41 50 9
41 56 -1
41 74 -2
42 56 8
42 53 4
42 64 -8
42 58 -6
42 61 -1
42 70 8
42 67 -5
42 60 -10
42 47 -2
42 65 -10
42 57 2
42 73 8
42 59 10
42 62 -2
42 48 6
42 75 9
42 71 -8
42 43 7
42 63 10
42 69 -4
43 72 -8
43 74 3
43 45 -4
43 47 3
43 51 7
43 60 4
43 46 4
43 73 -5
43 71 3
43 62 -5
43 68 -9
43 67 1
43 59 -2
43 44 2
43 52 1
43 54 -4
43 53 -9
43 64 10
43 66 3
43 65 -8
43 69 -4
44 54 -8
44 58 3
44 52 9
44 51 7
44 62 -5
44 63 3
44 55 -9
44 67 -3
44 57 -5
44 61 7
44 72 9
44 47 -9
44 45 5
44 46 7
44 49 7
45 46 8
45 59 3
45 70 -9
45 66 -5
45 55 -9
45 58 -2
45 52 2
45 61 -4
45 71 -2
45 68 10
45 63 9
45 53 8
45 74 4
45 64 -7
46 64 -6
46 51 7
46 56 -4
46 65 -6
46 69 -3
46 53 4
46 73 -7
46 52 0
46 48 6
46 74 -4
46 70 -2
46 60 -7
46 68 -3
46 47 -6
47 72 7
47 59 10
47 53 1
47 57 -6
47 66 5
47 60 5
47 62 10
47 64 -6
47 48 5
47 74 3
47 75 5
47 55 -4
47 49 3
47 73 6
48 60 10
48 68 -1
48 62 2
48 63 7
48 65 10
48 54 1
48 61 -4
48 55 3
48 69 9
48 71 -1
48 64 1
49 52 -6
49 67 -8
49 55 -4
49 69 10
49 72 9
49 61 -3
49 50 -4
49 68 10
49 51 10
49 70 -10
49 57 0
49 74 5
49 65 -4
50 69 3
50 59 -3
50 68 -8
50 53 4
50 63 9
50 54 3
50 70 -3
50 73 -5
50 56 7
50 65 7
50 55 8
50 58 3
50 64 -9
50 75 -4
51 72 10
51 67 -8
51 56 -10
51 65 8
51 57 1
51 64 3
51 74 -4
51 73 9
51 62 -5
51 69 5
51 58 -5
51 59 -1
51 70 -7
52 55 1
52 58 -10
52 53 4
52 65 10
52 60 -6
52 69 8
52 56 -1
52 61 5
52 59 -7
53 73 -3
53 72 -8
53 74 -4
53 58 -3
53 75 -4
53 59 -9
53 61 1
53 57 9
53 71 9
53 66 7
53 70 2
53 60 9
53 68 3
53 67 -3
54 56 -6
54 67 -3
54 64 1
54 60 10
54 57 9
54 63 4
54 71 6
54 74 7
54 73 -7
54 75 0
54 58 4
54 69 4
54 72 4
55 68 -4
55 60 0
55 70 9
55 61 -4
55 67 -3
55 58 1
55 64 9
55 65 4
55 66 -1
55 56 4
55 62 3
55 74 6
56 68 6
56 70 -9
56 60 6
56 66 0
56 71 -9
56 65 2
56 61 -4
56 64 3
57 58 1
57 61 -9
57 68 4
57 71 2
57 67 3
57 75 -1
57 63 -9
57 72 -3
57 69 5
57 73 8
57 74 -9
57 59 1
57 62 2
58 71 -6
58 68 9
58 75 10
58 72 3
58 59 10
58 69 0
58 65 4
58 61 -3
58 60 -1
58 73 10
58 67 4
58 70 3
59 71 -8
59 72 -1
59 69 -5
59 65 3
59 62 5
59 60 8
59 74 0
60 67 4
60 61 9
60 74 6
60 70 -1
60 62 8
60 71 -10
61 72 -1
61 74 -2
61 75 -1
62 70 1
62 66 -3
62 63 -3
62 71 -2
62 68 -10
63 65 -5
63 64 4
63 72 -10
64 70 10
64 66 2
64 72 -1
64 74 -5
64 71 -6
64 68 -2
64 67 -10
64 69 -8
65 75 8
65 71 -10
65 73 8
65 69 3
65 70 -10
65 68 10
65 74 -9
66 74 -6
66 71 0
66 75 -3
66 69 -6
67 75 -2
67 74 5
67 68 3
67 71 -8
68 69 -9
68 75 9
68 74 2
68 72 -1
68 71 5
69 71 10
69 75 6
69 74 -7
70 71 5
70 72 1
71 74 -7
71 73 5
72 73 0
72 75 -7
73 74 -8
74 75 4
