75 1388 
1 12 1
1 71 3
1 24 -7
1 59 -6
1 19 0
1 33 0
1 4 9
1 63 -4
1 11 2
1 32 -7
1 56 -6
1 38 -10
1 60 6
1 58 6
1 72 -3
1 61 -2
1 68 8
1 29 -10
1 20 -5
1 46 -10
1 16 3
1 28 -3
1 43 -1
1 21 3
1 6 -9
1 44 -3
1 37 -3
1 52 9
1 65 4
1 51 9
1 31 -9
1 55 -10
1 34 7
1 57 5
1 41 4
2 45 4
2 50 -5
2 26 1
2 59 -8
2 29 -6
2 52 -3
2 73 -2
2 38 4
2 53 -9
2 30 4
2 42 -2
2 60 -2
2 21 -2
2 6 -3
2 65 -1
2 64 -6
2 63 -2
2 8 4
2 58 7
2 55 3
2 62 9
2 15 2
2 75 -10
2 57 -7
2 69 -5
2 66 10
2 71 0
2 68 7
2 74 -2
2 19 2
2 31 5
2 24 5
2 25 -10
2 3 -7
2 17 1
3 66 4
3 37 4
3 49 7
3 43 0
3 27 5
3 57 5
3 10 -4
3 9 -1
3 34 -8
3 62 5
3 14 -7
3 30 -7
3 23 -9
3 39 -3
3 56 1
3 47 -1
3 72 2
3 16 -4
3 33 4
3 55 2
3 52 -4
3 44 8
3 75 5
3 67 7
3 71 5
3 41 -6
3 48 -6
3 61 6
3 5 -4
3 45 9
3 63 -7
3 13 -8
3 58 3
3 28 -1
3 8 -4
3 69 -6
3 15 8
4 12 -3
4 36 -2
4 59 0
4 58 9
4 63 -3
4 19 -3
4 15 -3
4 50 -9
4 62 2
4 38 4
4 6 -7
4 22 4
4 13 9
4 16 -4
4 48 4
4 26 -8
4 53 -10
4 27 1
4 51 -5
4 60 -9
4 35 -3
4 54 1
4 56 -1
4 25 10
4 70 4
4 42 -10
4 72 -7
4 64 -8
4 69 -3
4 30 6
4 66 9
4 49 -6
4 18 0
4 68 9
4 44 4
4 47 5
4 17 4
4 11 -1
5 61 -7
5 41 9
5 21 -5
5 49 -8
5 60 -1
5 36 3
5 22 2
5 50 -9
5 75 -2
5 71 8
5 44 5
5 19 -1
5 45 10
5 64 3
5 53 9
5 10 0
5 39 -5
5 65 -7
5 15 -9
5 67 -7
5 25 -6
5 47 0
5 34 5
5 43 7
5 8 -1
5 35 -7
5 30 -7
5 38 -2
5 27 -4
5 18 2
6 9 -6
6 71 2
6 38 6
6 46 -1
6 42 2
6 17 0
6 58 -3
6 60 -9
6 63 -9
6 19 -7
6 47 -8
6 73 0
6 52 7
6 41 -3
6 48 5
6 55 10
6 72 3
6 13 3
6 15 5
6 75 -1
6 20 1
6 35 8
6 53 -2
6 54 -1
6 29 -8
6 22 -6
6 30 -1
6 24 4
6 23 10
6 67 8
6 44 7
6 59 -4
6 49 0
6 36 -2
6 40 8
6 28 -4
6 69 -6
6 26 9
6 37 -2
6 65 -2
6 34 -7
7 34 -4
7 47 2
7 12 -7
7 17 0
7 28 9
7 36 8
7 51 -8
7 57 0
7 16 9
7 24 -7
7 23 8
7 33 3
7 41 -4
7 14 8
7 31 9
7 73 7
7 22 2
7 37 9
7 75 9
7 56 -10
7 15 -10
7 70 10
7 30 -7
7 32 1
7 54 2
7 21 6
7 68 -8
7 45 6
7 27 -2
7 18 3
7 38 3
7 46 -3
7 66 3
7 8 -8
7 43 -2
7 72 6
7 13 -10
7 40 5
8 40 -2
8 56 8
8 42 -4
8 24 1
8 30 4
8 25 2
8 57 -3
8 44 -8
8 10 -10
8 29 3
8 21 1
8 53 5
8 36 7
8 31 2
8 15 -1
8 41 -3
8 26 -8
8 34 -4
8 67 -6
8 17 -3
8 69 -4
8 35 -10
8 73 -1
8 70 -9
8 66 8
8 54 5
8 59 0
8 20 8
8 60 6
8 65 -7
8 51 -5
8 74 9
8 55 6
9 19 -1
9 46 -5
9 67 10
9 75 5
9 62 1
9 30 4
9 53 10
9 41 0
9 51 10
9 60 10
9 23 -6
9 72 -6
9 26 9
9 49 -1
9 52 -7
9 22 3
9 50 -6
9 21 6
9 10 -10
9 74 10
9 71 -5
9 61 3
9 59 -10
9 64 -9
9 37 -7
9 54 6
9 15 -9
9 56 -4
9 66 2
9 55 -4
9 48 -4
9 65 -7
9 16 5
9 28 7
10 33 9
10 32 4
10 22 0
10 74 -6
10 38 2
10 66 7
10 23 -1
10 11 -3
10 59 -5
10 69 9
10 67 -3
10 63 -6
10 25 -8
10 52 -8
10 26 8
10 34 -7
10 71 9
10 51 -3
10 36 4
10 17 8
10 70 1
10 43 6
10 50 -3
10 21 4
10 75 2
10 35 -6
10 60 -4
11 65 1
11 72 6
11 32 0
11 71 -8
11 46 -8
11 42 -9
11 57 -8
11 53 -6
11 13 10
11 49 6
11 15 5
11 75 3
11 28 5
11 35 10
11 14 9
11 51 2
11 21 -7
11 63 -3
11 36 6
11 25 9
11 74 -2
11 43 -5
11 33 -3
11 44 -2
11 52 1
11 39 5
11 18 0
11 41 10
11 12 -6
11 60 -7
11 73 9
11 59 -3
11 31 -6
11 19 8
11 62 0
12 30 -7
12 25 -5
12 59 -1
12 57 10
12 75 4
12 66 7
12 61 8
12 53 0
12 19 6
12 27 8
12 35 6
12 65 -4
12 43 7
12 15 -4
12 26 10
12 48 4
12 36 -6
12 21 4
12 18 1
12 29 6
12 13 1
12 50 9
12 46 -3
12 45 5
12 14 0
12 64 -8
12 62 2
12 49 -2
12 54 3
12 31 -2
12 63 -5
13 55 0
13 47 0
13 69 -9
13 48 2
13 63 0
13 74 -9
13 26 -3
13 68 9
13 37 6
13 31 0
13 49 9
13 51 6
13 45 3
13 43 -10
13 53 10
13 72 -5
13 67 -2
13 35 5
13 65 -9
13 41 3
13 17 9
13 25 -1
13 50 0
13 64 0
13 71 -7
13 36 4
13 59 9
13 62 10
14 18 4
14 24 4
14 54 -2
14 35 4
14 68 -1
14 74 -5
14 21 -7
14 49 -2
14 33 2
14 40 7
14 23 1
14 66 2
14 69 0
14 36 1
14 46 -9
14 65 8
14 57 7
14 75 9
14 51 4
14 58 1
14 72 -1
14 55 4
14 16 3
14 70 -10
14 17 -10
14 61 -7
14 45 0
14 22 7
14 37 -3
14 62 3
14 48 5
14 56 9
15 56 -3
15 62 0
15 27 1
15 24 -8
15 22 5
15 28 -5
15 20 0
15 34 9
15 73 7
15 66 -8
15 58 4
15 48 -4
15 46 -9
15 37 1
15 67 10
15 26 -2
15 54 3
15 40 -5
15 63 6
15 39 6
15 55 0
15 42 -4
15 47 3
15 64 0
15 53 -8
15 57 -7
15 52 -8
15 30 6
15 72 -1
16 44 -2
16 70 -5
16 60 -10
16 47 7
16 37 4
16 51 9
16 58 -10
16 72 -3
16 71 10
16 62 3
16 41 7
16 68 -3
16 36 4
16 23 7
16 67 9
16 17 -6
16 25 3
16 28 -1
16 59 -4
16 21 4
16 35 -5
16 26 2
16 31 6
16 43 7
16 53 6
16 61 -5
16 65 4
16 19 -8
16 32 8
16 74 6
16 39 0
16 27 -6
16 63 -6
16 55 -3
17 65 -10
17 33 2
17 37 -8
17 18 7
17 60 3
17 57 0
17 72 -8
17 55 4
17 29 7
17 42 2
17 45 -3
17 70 -3
17 19 9
17 27 -5
17 67 -9
17 59 4
17 22 -1
17 31 -1
17 71 10
17 35 0
17 63 9
17 68 -5
17 38 0
17 69 -1
17 75 6
17 47 9
17 32 9
17 28 -9
18 37 1
18 72 -10
18 43 -6
18 52 3
18 33 -1
18 29 -2
18 45 -10
18 31 3
18 67 4
18 26 -7
18 50 2
18 23 7
18 66 4
18 28 7
18 70 -7
18 71 -4
18 38 3
18 63 -7
18 36 8
18 39 2
18 40 -9
18 62 6
18 57 -8
18 41 -9
18 73 7
18 55 10
18 56 -1
18 44 -4
19 22 9
19 58 -4
19 60 7
19 63 -4
19 21 3
19 40 2
19 26 8
19 43 0
19 25 -10
19 33 1
19 54 -1
19 38 10
19 39 0
19 35 7
19 44 9
19 59 -2
19 47 -7
19 34 3
19 31 -6
19 73 1
19 53 -7
19 45 -4
19 56 -4
19 41 -5
19 37 -8
20 52 -4
20 45 9
20 63 -9
20 27 1
20 35 -8
20 60 -8
20 57 -1
20 34 9
20 22 -5
20 49 8
20 58 -9
20 51 6
20 55 -3
20 37 6
20 46 -9
20 61 -4
20 32 -3
20 40 -2
20 31 0
20 24 -6
20 73 -6
20 75 -5
21 54 3
21 38 9
21 24 3
21 52 -5
21 34 2
21 33 2
21 36 -8
21 70 1
21 63 -10
21 62 0
21 50 8
21 66 6
21 30 3
21 48 -2
21 23 -3
21 28 -9
21 32 3
21 31 1
21 69 7
21 42 -10
21 74 9
21 49 5
22 72 6
22 60 -7
22 38 -5
22 46 -3
22 47 4
22 68 1
22 74 4
22 44 -10
22 52 1
22 29 8
22 28 9
22 66 8
22 49 -6
22 65 1
22 26 -7
22 62 -4
22 32 7
22 75 1
22 37 5
22 39 -4
22 43 -9
22 54 10
22 41 2
22 50 -8
22 40 -5
22 56 -3
22 48 -10
22 42 -2
23 61 1
23 49 -10
23 32 0
23 43 -4
23 25 8
23 44 0
23 34 -4
23 41 1
23 60 5
23 33 1
23 72 -2
23 45 9
23 65 -2
23 63 -10
23 55 -6
23 68 -9
23 28 7
23 64 -6
23 70 -4
23 54 -5
23 24 3
23 39 7
23 42 -4
23 38 -9
23 59 -8
23 53 -1
23 35 -7
23 58 5
23 50 7
23 31 -5
23 30 8
23 27 -7
23 62 -1
23 51 -10
23 56 0
23 48 7
24 50 1
24 69 10
24 57 -10
24 51 -10
24 67 4
24 39 6
24 66 9
24 63 -4
24 28 -1
24 37 -2
24 45 -1
24 35 6
24 42 -10
24 52 2
24 40 2
24 49 -7
24 72 -3
24 36 -10
24 59 0
24 62 1
25 62 -6
25 56 6
25 64 3
25 73 5
25 57 -3
25 68 -9
25 46 8
25 66 -6
25 69 8
25 52 -2
25 50 0
25 44 3
25 34 -8
25 38 -1
25 33 8
25 35 -2
25 59 -9
25 40 -10
25 41 1
25 28 -6
25 75 -8
25 32 -8
25 54 -10
25 72 -2
26 65 -9
26 75 7
26 50 -3
26 74 -4
26 49 -10
26 30 5
26 67 5
26 62 6
26 33 -2
26 39 2
26 27 9
26 35 1
26 43 6
26 54 -4
26 59 -5
26 61 7
26 34 8
26 45 -5
26 64 -4
26 56 -6
26 42 10
26 46 4
26 32 -7
26 70 5
26 71 0
27 68 -1
27 54 -2
27 29 3
27 46 -3
27 36 -5
27 41 1
27 73 6
27 60 3
27 56 9
27 40 9
27 34 -8
27 35 -6
27 59 5
27 30 8
27 28 10
27 74 -10
27 38 4
27 52 -8
27 65 -5
27 62 -1
27 61 8
27 57 5
27 43 -4
27 69 -6
27 49 -5
27 71 6
27 50 5
28 52 4
28 41 -5
28 42 -6
28 39 1
28 73 -1
28 30 1
28 55 1
28 57 4
28 58 4
28 61 4
28 69 10
28 68 2
28 67 9
28 70 -4
28 38 -1
28 71 -4
28 74 -4
28 45 -7
28 48 -3
28 59 -3
28 50 0
28 66 5
28 36 5
28 54 7
28 56 -9
28 32 -5
28 60 -4
28 43 1
28 33 -2
28 35 9
29 35 8
29 53 -3
29 66 -9
29 47 -7
29 57 7
29 73 9
29 46 4
29 37 5
29 50 -6
29 36 2
29 69 -8
29 72 -6
29 70 2
29 34 1
29 44 8
29 62 2
30 65 2
30 42 -7
30 71 3
30 69 9
30 38 1
30 39 10
30 59 -9
30 68 2
30 31 8
30 37 -8
30 55 -6
30 41 -8
30 53 0
30 57 0
30 46 2
30 73 7
30 50 0
30 44 2
30 36 5
30 64 6
30 40 -6
31 58 8
31 64 -8
31 44 9
31 34 -2
31 55 8
31 49 -10
31 33 -1
31 38 5
31 70 9
31 60 0
31 54 1
31 40 10
31 46 0
31 50 4
31 72 -8
31 68 -9
31 69 -9
31 48 -9
31 65 7
31 73 -4
32 72 -8
32 45 -9
32 69 -4
32 71 0
32 48 -7
32 38 -6
32 42 1
32 36 -10
32 47 -1
32 67 -5
32 64 -10
32 75 3
32 44 2
32 54 -5
32 60 -4
32 46 10
33 73 2
33 48 2
33 37 -6
33 43 0
33 68 -1
33 35 8
33 53 -9
33 50 -7
33 64 -9
33 61 0
33 39 -10
33 38 -2
33 52 10
33 69 -8
33 55 8
33 62 10
33 47 6
33 66 10
33 44 -4
33 60 -4
33 45 3
33 41 8
34 53 10
34 65 -7
34 38 1
34 67 3
34 74 10
34 69 -1
34 36 -7
34 68 1
34 57 10
34 37 -10
34 56 -1
34 42 3
34 61 0
34 49 -6
34 59 3
34 40 5
34 44 5
35 75 5
35 47 10
35 65 7
35 56 -10
35 67 4
35 61 0
35 57 -9
35 41 -1
35 54 7
35 60 2
35 58 7
35 43 8
36 66 2
36 60 -3
36 62 -10
36 73 -8
36 48 2
36 61 -5
36 65 0
36 46 4
36 64 10
36 59 -1
36 52 -6
36 63 4
36 72 -2
36 44 -2
36 53 6
36 57 -10
36 58 -5
36 39 5
36 42 9
36 45 -4
36 67 -4
36 38 -7
36 47 2
36 43 4
36 49 -5
37 63 4
37 56 0
37 44 -8
37 48 9
37 39 -10
37 47 -2
37 53 0
37 68 6
37 43 0
37 70 -10
37 61 8
37 55 7
37 50 -8
37 49 -3
37 59 -2
37 74 5
37 45 0
37 40 -9
37 62 6
37 38 2
37 65 7
37 67 5
37 46 5
38 69 -2
38 51 -4
38 71 0
38 61 -9
38 55 3
38 75 3
38 42 2
38 62 10
38 64 0
38 74 -9
38 41 10
38 48 -7
38 67 5
38 60 3
38 65 -5
38 49 7
38 53 -10
38 56 -3
38 68 6
38 73 -9
38 47 1
39 61 -4
39 69 6
39 64 -7
39 74 4
39 47 6
39 62 8
39 65 -8
39 46 -8
39 68 8
39 49 -6
39 53 2
39 54 -6
39 44 -4
40 46 -5
40 58 -1
40 72 10
40 49 0
40 71 8
40 57 8
40 65 9
40 59 -7
40 75 3
40 53 -8
40 70 10
40 56 2
40 64 -3
40 67 -6
40 74 -7
40 44 -7
40 69 -1
40 68 -6
40 52 -9
40 45 5
40 43 0
40 61 6
40 50 0
40 73 -4
40 66 8
41 45 2
41 69 -7
41 60 -10
41 51 5
41 61 9
41 71 4
41 65 10
41 64 -5
41 44 5
41 53 -5
41 62 6
41 55 -7
41 73 1
41 47 -3
41 58 9
41 43 -3
41 63 -1
41 48 7
42 46 5
42 65 2
42 47 7
42 56 -10
42 52 4
42 50 -1
42 62 -3
42 57 7
42 72 6
42 43 2
42 64 0
42 63 8
42 70 0
42 59 10
42 51 6
42 58 4
42 73 5
43 75 -9
43 48 1
43 61 -1
43 56 7
43 45 -3
43 73 -6
43 74 2
43 65 -9
43 44 2
43 68 10
43 60 8
43 52 -6
43 67 6
43 54 8
44 64 -9
44 72 -1
44 50 -8
44 68 5
44 57 1
44 51 8
44 46 0
44 73 -4
44 74 9
44 47 -7
44 62 7
44 54 -2
44 70 5
44 53 9
45 54 8
45 47 6
45 68 -10
45 65 -2
45 75 5
45 50 -4
45 67 -2
45 56 -5
45 57 -1
45 46 3
45 52 -10
45 72 -6
45 66 5
46 66 7
46 60 0
46 58 -8
46 52 -4
46 53 0
46 69 9
46 47 -6
46 67 6
46 74 -10
46 59 -9
46 62 7
46 54 -4
47 68 1
47 72 -9
47 65 5
47 55 -10
47 69 -4
47 59 8
47 63 -5
47 62 -10
47 67 -6
47 66 5
47 61 -2
47 71 -8
47 49 -4
47 74 -6
47 58 -1
47 64 -9
47 70 -1
47 51 10
47 75 -2
48 60 7
48 54 8
48 75 1
48 61 -5
48 55 0
48 64 -7
48 65 4
48 73 -3
48 72 3
48 49 -5
48 71 10
49 57 -8
49 72 -6
49 75 -2
49 58 -3
49 52 -6
49 66 8
49 62 2
49 67 -10
49 56 -6
49 73 8
50 72 9
50 67 -8
50 51 -6
50 64 -3
50 60 -7
50 62 -8
50 54 10
50 53 -7
50 71 -5
50 61 -1
50 73 6
50 68 5
50 69 3
50 58 10
50 55 -4
50 65 -4
50 59 0
50 74 -7
51 56 -2
51 62 -10
51 54 7
51 68 -1
51 69 -3
51 66 8
51 65 -6
51 73 -6
51 55 1
51 72 2
51 70 -1
51 74 -10
51 53 -1
52 60 -1
52 70 6
52 64 6
52 67 -10
52 71 -2
52 61 1
52 72 10
52 55 -10
52 56 -5
52 68 2
52 58 4
52 65 3
53 54 -4
53 58 -7
53 72 7
53 73 6
53 65 -1
53 61 3
53 60 -4
53 67 4
53 66 7
53 57 8
53 55 -3
54 72 10
54 75 -6
54 73 9
54 61 -3
54 58 8
54 71 -7
54 56 -4
55 64 -2
55 68 3
55 58 2
55 74 8
55 56 -8
55 75 -2
55 60 -6
55 62 10
55 67 -1
55 61 -6
56 60 -1
56 74 -3
56 70 -2
56 71 -5
56 64 3
56 69 9
56 59 8
56 72 9
56 63 5
56 65 -4
57 63 8
57 61 2
57 62 -10
57 74 7
57 64 4
57 68 3
57 59 4
57 73 4
58 74 6
58 62 -3
58 75 -1
58 70 -8
58 64 10
58 67 -8
58 63 -7
58 61 9
58 66 -10
58 65 6
58 71 -6
59 69 1
59 66 0
59 63 10
59 61 0
59 72 -10
59 70 4
59 65 -10
59 67 -1
59 74 6
59 60 2
59 64 3
59 71 -5
59 68 -10
60 70 6
60 63 6
60 75 7
60 74 4
60 61 -6
61 67 7
61 68 3
61 72 -4
61 71 -6
61 62 -7
61 69 -5
61 74 -10
61 64 4
62 65 -7
62 63 1
62 72 8
62 71 4
62 68 -4
63 67 7
63 69 4
63 64 -2
63 68 2
63 73 4
63 72 -1
64 70 -8
64 67 0
64 71 2
64 73 5
64 66 -1
64 68 8
64 65 -3
65 74 9
65 66 -6
65 73 -7
65 71 5
65 67 -1
65 70 3
65 68 -4
65 75 7
66 67 3
66 72 2
66 75 -3
66 68 -6
66 69 -4
67 74 3
67 68 -5
67 75 3
67 69 1
67 72 0
67 71 3
68 69 5
68 72 4
68 75 8
68 71 -3
69 71 -1
69 73 10
70 75 -6
70 72 -10
70 71 3
70 74 -4
71 73 -6
71 74 -4
72 73 -7
73 74 6
