75 1388 
1 26 -4
1 32 -4
1 5 10
1 68 -1
1 58 7
1 29 -7
1 74 7
1 33 4
1 49 -6
1 52 -6
1 46 10
1 57 1
1 2 -1
1 41 -5
1 64 -2
1 48 9
1 63 0
1 24 6
1 16 -10
1 13 -3
1 38 9
1 9 1
1 4 6
1 22 8
1 42 -4
1 75 5
1 34 0
1 56 2
1 12 -2
1 15 0
1 55 3
1 72 8
1 6 -3
1 73 -4
1 19 3
1 35 1
2 60 8
2 57 -4
2 59 7
2 13 4
2 53 -3
2 62 -6
2 47 -8
2 6 0
2 67 -3
2 38 -4
2 11 -2
2 72 3
2 27 -4
2 29 -7
2 50 9
2 52 -1
2 40 0
2 21 -4
2 71 -10
2 51 3
2 28 7
2 22 -7
2 46 2
2 34 -2
2 75 -4
2 45 9
2 9 -10
2 10 -7
2 25 10
2 64 8
2 73 7
2 31 5
2 69 6
2 54 -7
2 39 -3
2 35 -3
2 14 1
2 36 -1
2 15 -4
2 3 7
2 8 1
3 39 -2
3 11 5
3 37 4
3 51 2
3 43 9
3 4 10
3 33 -1
3 75 10
3 69 -10
3 27 4
3 31 -9
3 22 -3
3 14 -6
3 61 7
3 15 5
3 58 0
3 18 -5
3 21 2
3 41 -5
3 59 -5
3 62 4
3 26 -9
3 68 -8
3 67 -10
3 34 0
3 6 -7
3 8 3
3 56 -5
3 36 2
3 10 3
3 48 10
3 5 3
3 7 -6
4 24 10
4 12 -7
4 5 3
4 44 -3
4 62 -2
4 52 2
4 72 9
4 48 10
4 61 7
4 68 6
4 67 -5
4 42 -2
4 32 -6
4 38 -6
4 25 -10
4 49 9
4 50 -9
4 71 -7
4 54 2
4 10 8
4 63 2
4 27 6
4 16 -5
4 51 9
4 46 4
4 53 6
4 17 1
4 19 -5
4 7 -10
4 73 5
4 59 -10
4 30 -7
4 43 -3
4 28 -6
5 48 5
5 43 -1
5 58 1
5 72 4
5 63 -5
5 23 1
5 71 -4
5 44 0
5 41 10
5 73 -1
5 61 -3
5 68 8
5 31 -7
5 29 7
5 36 -8
5 11 7
5 47 -2
5 6 7
5 27 1
5 22 -3
5 38 -7
5 20 -5
5 19 5
5 57 3
5 42 1
5 62 -5
5 45 10
5 13 -8
5 74 6
5 60 3
5 67 -6
5 69 10
5 21 -3
5 64 -5
6 64 1
6 14 5
6 69 -4
6 16 1
6 53 9
6 63 -10
6 11 3
6 24 -1
6 22 9
6 32 -10
6 20 -7
6 47 5
6 72 -1
6 66 -8
6 56 9
6 55 -5
6 34 5
6 10 9
6 59 -4
6 43 -4
6 61 2
6 62 -2
6 75 -9
6 33 -9
6 8 6
6 40 -2
6 12 5
6 15 3
7 50 -3
7 66 2
7 23 -5
7 75 -7
7 25 10
7 55 -5
7 18 8
7 26 10
7 28 -3
7 61 1
7 46 -3
7 19 6
7 68 -8
7 43 -3
7 57 4
7 27 3
7 65 1
7 69 3
7 70 10
7 31 -3
7 71 -3
7 20 5
7 59 -9
7 37 -5
7 24 -8
7 54 1
7 38 -5
7 51 8
7 10 -8
7 21 -6
7 36 -6
7 22 1
7 53 8
7 29 3
7 35 5
7 34 4
7 12 -9
7 41 7
8 66 4
8 23 -8
8 10 -6
8 73 -10
8 34 -2
8 39 3
8 71 8
8 19 -9
8 25 4
8 12 -9
8 31 8
8 52 9
8 45 -8
8 13 4
8 33 3
8 16 -8
8 69 -1
8 54 -2
8 38 -5
8 42 -8
8 43 5
8 56 -5
8 9 -9
8 37 -3
8 61 -7
8 40 -1
8 62 9
8 67 -10
8 11 10
8 74 -8
8 70 6
8 44 3
8 49 -6
8 41 5
8 15 9
8 60 10
9 61 8
9 63 9
9 31 -3
9 73 -8
9 35 7
9 41 6
9 39 2
9 52 0
9 50 1
9 51 -6
9 29 -7
9 58 -10
9 36 -5
9 43 -7
9 57 6
9 15 10
9 24 1
9 28 -6
9 16 2
9 64 -9
9 62 1
9 47 9
9 46 5
9 74 -10
9 48 2
9 20 1
9 27 0
9 67 -9
9 70 1
9 72 -3
9 34 -9
9 65 6
9 68 -3
9 33 9
9 60 -7
9 49 -6
9 75 -2
10 62 7
10 43 10
10 17 8
10 45 -5
10 49 8
10 68 -5
10 38 3
10 54 4
10 59 -4
10 41 -4
10 31 -2
10 58 -7
10 48 1
10 13 10
10 52 -6
10 24 -3
10 33 1
10 66 9
10 15 -5
10 47 -7
10 28 0
10 64 -5
10 14 9
10 32 -5
10 36 0
10 72 0
10 30 -8
10 51 3
10 46 -8
10 26 3
10 21 3
10 63 9
10 40 -4
10 60 3
11 12 0
11 59 0
11 50 -3
11 39 4
11 49 -10
11 42 -2
11 27 -2
11 58 -7
11 63 5
11 71 6
11 69 10
11 34 10
11 64 9
11 21 1
11 66 -8
11 67 -10
11 45 1
11 25 4
11 13 -7
11 32 0
11 28 3
11 57 -5
11 74 0
11 36 -3
11 29 -9
11 73 7
11 35 -3
11 19 0
11 47 1
12 50 3
12 52 -1
12 39 10
12 37 10
12 35 9
12 61 -5
12 49 9
12 53 -4
12 63 8
12 71 -5
12 33 -8
12 75 7
12 55 2
12 31 0
12 56 -1
12 45 -5
12 51 -4
12 64 5
12 18 3
12 25 -1
12 17 -8
12 34 -9
12 54 -7
12 48 -7
12 46 -4
12 68 -2
12 65 -9
12 74 6
12 69 3
12 14 5
12 27 -4
12 59 -7
12 67 4
13 55 4
13 37 -5
13 58 -3
13 44 -10
13 45 6
13 50 2
13 27 -8
13 72 -4
13 46 8
13 24 0
13 23 -6
13 39 -10
13 26 2
13 19 0
13 20 6
13 70 -10
13 28 -3
13 40 1
13 22 7
13 73 7
13 52 10
13 74 5
13 69 -3
13 68 7
13 34 0
13 48 0
13 66 -7
13 53 -3
13 67 -4
13 49 -4
14 21 5
14 53 -8
14 48 4
14 50 -2
14 26 7
14 49 5
14 42 -7
14 44 -10
14 63 -5
14 64 10
14 43 10
14 52 7
14 39 4
14 69 7
14 62 -10
14 28 4
14 57 -10
14 40 4
14 71 10
14 18 -9
14 35 8
14 60 -10
14 73 5
14 17 -8
14 23 -5
14 24 -5
14 59 -1
14 72 -1
14 47 6
14 34 8
14 37 -4
14 20 -5
14 30 -9
14 74 6
14 22 6
15 40 5
15 53 1
15 54 -5
15 64 -5
15 19 2
15 68 -2
15 73 7
15 26 -8
15 59 5
15 50 6
15 47 7
15 22 4
15 45 -9
15 23 1
15 25 1
15 74 7
15 30 -5
15 57 -7
15 44 2
15 62 -7
15 24 -3
15 37 1
15 56 -8
15 20 -8
15 33 -2
15 32 -9
15 55 -9
15 52 -2
16 46 -4
16 49 8
16 67 4
16 41 -10
16 37 8
16 51 7
16 40 4
16 71 -3
16 53 4
16 32 7
16 21 4
16 55 -10
16 24 9
16 75 -6
16 28 5
16 65 -7
16 17 -2
16 62 4
16 44 4
16 33 -2
16 45 1
16 22 4
16 42 -8
16 59 3
16 63 -9
16 27 -6
16 60 -2
16 34 9
17 48 9
17 56 -8
17 42 -3
17 58 -3
17 72 -1
17 31 8
17 52 -4
17 35 -7
17 71 10
17 37 9
17 55 -10
17 29 -9
17 47 10
17 20 2
17 63 8
17 19 2
17 60 -4
17 67 1
17 43 0
17 51 -6
17 34 8
17 22 -4
17 54 8
17 53 -8
17 49 10
17 65 -8
18 73 -8
18 33 6
18 59 6
18 38 -4
18 63 0
18 58 -10
18 40 6
18 27 7
18 47 -4
18 21 -8
18 64 1
18 67 -2
18 44 5
18 69 4
18 25 10
18 37 -9
18 39 6
18 74 -5
18 66 4
18 75 7
18 55 -5
18 53 -2
18 49 -6
18 68 -9
18 51 -2
18 54 1
18 41 -8
18 30 -2
18 24 1
18 60 8
18 23 -9
18 52 10
19 68 -7
19 55 2
19 49 -4
19 71 -2
19 37 -4
19 20 -5
19 39 -5
19 62 6
19 74 0
19 67 -7
19 65 -10
19 23 8
19 50 0
19 66 6
19 24 -9
19 73 -8
19 47 2
19 48 7
19 51 3
19 36 -4
19 43 9
19 63 -2
19 57 3
19 41 9
20 31 -8
20 73 10
20 41 8
20 74 10
20 22 -6
20 56 7
20 36 8
20 60 9
20 34 -4
20 27 1
20 44 0
20 72 -1
20 24 -6
20 75 1
20 39 2
20 50 -2
20 37 3
20 28 -7
20 54 6
20 38 4
20 40 -6
20 32 4
20 70 2
20 71 -4
20 64 6
20 62 9
20 59 1
20 51 1
20 47 9
20 35 -9
20 52 10
21 37 -2
21 24 7
21 54 -10
21 44 -10
21 60 -2
21 38 2
21 55 1
21 51 0
21 52 -2
21 56 5
21 31 3
21 47 -7
21 62 -7
21 30 9
21 63 -9
21 39 7
21 32 -9
21 69 9
21 43 2
21 40 -10
21 36 2
21 25 6
21 66 -9
21 28 -6
21 45 -7
21 34 6
21 42 3
21 70 -1
22 58 4
22 70 -2
22 43 7
22 52 3
22 67 1
22 73 -2
22 54 1
22 69 -3
22 56 -3
22 50 10
22 41 -10
22 37 -2
22 63 1
22 46 9
22 57 -9
22 38 -4
22 55 -1
22 32 5
22 60 2
23 26 5
23 35 -9
23 71 -4
23 47 -3
23 51 3
23 39 1
23 41 -1
23 67 -7
23 60 -2
23 57 8
23 32 -5
23 40 -9
23 24 -6
23 37 8
23 63 4
23 69 2
23 46 -8
23 52 -6
23 72 -5
23 73 5
23 44 -4
23 42 7
23 34 -10
23 33 -8
23 61 -3
23 75 9
23 59 -10
23 49 8
24 57 10
24 71 -8
24 37 -4
24 45 1
24 38 -10
24 62 -9
24 53 -2
24 35 -4
24 29 9
24 47 -10
24 54 8
24 59 -2
24 27 -3
24 61 8
24 74 9
24 52 7
24 26 8
24 75 -8
24 51 -9
24 40 5
24 44 7
24 32 -8
25 75 4
25 52 -5
25 68 3
25 66 4
25 64 8
25 27 4
25 47 -7
25 57 5
25 70 -3
25 30 -7
25 56 8
25 51 0
25 41 10
25 46 -3
25 37 -6
25 53 3
25 58 3
25 29 1
25 32 2
25 55 8
25 63 -9
25 69 4
25 60 7
25 36 7
25 54 0
25 74 -8
25 48 7
26 72 5
26 56 5
26 46 2
26 60 5
26 39 -8
26 57 -10
26 31 -7
26 34 -1
26 36 1
26 27 -6
26 61 6
26 30 -3
26 33 9
26 71 -8
26 45 -5
26 43 7
26 63 -1
26 66 -9
26 64 -6
26 73 1
27 64 2
27 34 -4
27 28 -4
27 39 -8
27 49 -2
27 69 0
27 29 8
27 67 -6
27 51 -10
27 74 10
27 42 7
27 33 6
27 35 8
27 45 -1
27 38 -3
27 43 5
27 47 0
27 65 -4
27 41 6
27 72 -6
27 32 1
27 50 -3
27 63 -7
27 37 -3
27 60 -1
27 31 3
28 49 4
28 54 -10
28 45 6
28 59 -3
28 58 -9
28 33 -10
28 66 4
28 68 2
28 75 -2
28 72 10
28 69 -2
28 48 -5
28 42 10
28 56 2
28 43 -7
28 37 -7
28 65 -2
28 55 -2
28 60 -3
28 41 -5
29 44 5
29 62 -1
29 34 10
29 58 9
29 56 -7
29 68 -8
29 32 2
29 45 0
29 75 -6
29 71 -5
29 72 7
29 52 1
29 53 1
29 69 6
29 41 -3
29 47 -3
29 36 8
29 49 1
29 64 10
29 46 -10
29 74 -7
29 40 -7
29 57 8
29 59 3
29 60 5
30 31 2
30 45 -7
30 58 -1
30 42 4
30 35 -3
30 46 2
30 74 7
30 60 -1
30 43 -3
30 44 0
30 37 8
30 34 4
30 51 5
30 39 -7
30 49 1
30 56 -1
30 69 0
30 66 8
30 59 -1
30 32 1
30 73 9
30 48 -5
31 50 -4
31 51 5
31 43 6
31 58 1
31 65 -6
31 62 3
31 69 5
31 46 0
31 36 2
31 37 -10
31 45 10
31 38 8
31 35 8
31 32 -8
31 72 -7
31 73 -4
31 42 -6
31 53 10
31 39 -5
31 61 7
31 67 10
32 38 1
32 60 2
32 46 -8
32 58 4
32 56 8
32 59 -2
32 70 5
32 72 -6
32 57 8
32 66 5
32 67 6
32 63 -7
32 36 1
32 45 -10
32 74 -9
32 71 -2
32 49 -8
33 65 -1
33 34 -6
33 69 -10
33 73 -2
33 45 4
33 68 5
33 70 2
33 35 -5
33 64 6
33 54 -3
33 42 -6
33 38 4
33 48 9
33 51 10
33 75 -10
33 36 7
33 37 -2
33 49 -9
33 57 -2
33 58 -5
33 71 -3
33 52 1
34 60 2
34 67 -5
34 54 -8
34 40 -7
34 35 -3
34 49 0
34 57 -10
34 48 -8
34 66 5
34 42 -4
34 36 4
34 73 -4
34 72 1
34 45 -1
34 55 10
34 51 2
34 41 1
34 68 -8
35 69 10
35 72 -3
35 41 -1
35 52 3
35 43 -4
35 53 6
35 40 -9
35 50 0
35 70 0
35 49 1
35 54 6
35 65 2
35 62 10
35 56 8
35 55 -2
35 44 10
35 75 3
35 46 -10
35 51 -1
35 66 7
35 37 10
35 45 0
35 73 -8
35 61 0
35 63 -7
35 42 -3
36 70 1
36 71 9
36 59 -5
36 42 0
36 72 1
36 51 -2
36 69 1
36 47 10
36 52 1
36 40 -8
36 61 8
36 56 -3
36 44 -7
36 58 4
36 66 -10
36 37 5
36 38 -5
37 67 4
37 60 7
37 68 2
37 49 -1
37 59 -6
37 69 1
37 38 2
37 54 3
37 72 -8
37 70 7
37 45 3
37 63 -4
37 75 -10
37 43 1
37 55 -1
37 52 5
37 64 -3
37 65 6
38 52 -3
38 49 -6
38 40 1
38 39 -5
38 43 3
38 42 -3
38 51 -1
38 63 -4
38 54 -5
38 46 10
38 59 2
38 47 6
38 56 -9
38 58 9
38 68 10
38 57 8
38 75 9
38 55 7
39 44 10
39 59 9
39 75 -8
39 46 10
39 63 7
39 48 -1
39 50 10
39 65 9
39 45 -1
39 53 -8
39 55 5
39 64 -10
39 43 2
39 72 3
39 73 -3
39 67 4
39 51 7
39 66 3
39 71 -10
39 47 -8
40 46 10
40 61 0
40 59 -7
40 64 3
40 65 0
40 60 6
40 53 -2
40 58 10
40 50 1
40 69 -7
40 56 4
40 54 2
40 52 -6
40 70 10
40 62 9
40 43 -8
40 49 -2
40 42 7
40 51 7
40 44 -10
41 50 -4
41 62 -6
41 57 -5
41 44 2
41 67 10
41 74 -8
41 46 -2
41 49 4
41 61 -9
41 64 7
41 69 -3
41 58 -7
41 56 -4
41 70 2
41 45 5
41 52 1
41 43 -1
41 42 0
41 47 -4
41 72 -6
41 65 7
42 51 -2
42 68 -2
42 58 9
42 44 -3
42 55 8
42 50 5
42 45 3
42 63 4
42 57 -1
42 61 -8
42 54 3
42 65 -5
42 53 6
43 65 -10
43 51 3
43 44 3
43 62 -1
43 72 6
43 70 -7
43 55 10
43 69 -7
43 52 6
43 56 5
43 57 3
43 64 2
43 59 3
43 60 1
43 47 6
43 71 10
43 58 -4
43 68 -9
44 49 10
44 56 -10
44 47 4
44 65 -6
44 45 0
44 62 -3
44 50 -8
44 46 -3
44 51 8
44 75 5
44 59 8
44 57 -1
44 58 7
44 63 -5
44 48 -6
44 72 9
44 73 1
45 64 -6
45 75 -9
45 68 4
45 65 -6
45 59 -6
45 67 6
45 61 -4
45 62 -5
45 51 6
45 57 -8
45 46 5
45 55 -6
45 63 3
45 66 -2
45 69 -6
46 50 7
46 67 -3
46 70 8
46 66 1
46 59 -7
46 54 1
46 68 10
46 51 -6
46 49 7
46 62 1
46 73 8
46 60 7
46 55 9
47 61 -6
47 64 -1
47 48 1
47 65 -7
47 56 5
47 62 7
47 59 5
47 50 4
47 67 -6
48 62 -5
48 65 2
48 55 3
48 74 6
48 71 8
48 53 5
48 59 3
48 70 2
48 56 6
48 67 1
48 61 5
48 51 -5
48 52 -4
48 60 -7
48 72 -5
48 49 4
48 66 -4
49 74 -6
49 54 -1
49 70 9
49 50 5
49 51 -7
49 62 7
49 71 -1
49 64 -7
49 68 -10
49 66 -6
49 73 -6
49 52 -5
49 69 3
49 67 -6
49 61 -1
49 55 8
50 58 8
50 69 6
50 71 5
50 57 -10
50 53 -9
50 65 -1
50 59 -2
50 56 0
50 62 -1
50 70 -7
50 66 -8
50 51 7
50 73 -6
50 74 0
50 54 -1
50 64 -7
51 53 -3
51 59 2
51 73 -10
51 67 2
51 58 2
51 74 -1
51 54 -9
51 66 -3
51 72 10
52 75 4
52 64 -5
52 68 3
52 71 -8
52 63 -6
52 69 4
52 67 7
52 70 -2
52 60 0
52 66 8
52 54 -8
53 74 5
53 59 7
53 54 -8
53 69 -2
53 55 9
53 72 -7
53 58 9
53 68 -5
53 62 8
53 57 5
54 69 -9
54 61 -1
54 66 4
54 64 -2
54 65 7
54 72 8
54 57 -8
54 59 3
54 74 -1
55 65 -8
55 62 -4
55 60 5
55 67 -10
55 73 -7
55 68 4
55 72 2
55 59 3
55 57 7
55 66 -2
55 61 -5
55 71 8
55 63 9
55 69 -9
55 56 5
56 57 -6
56 65 2
56 59 3
56 67 7
56 75 1
56 58 8
56 63 -8
56 68 9
56 71 -1
56 73 6
57 59 0
57 67 -10
57 58 -10
57 62 -10
57 69 6
57 65 7
57 74 10
57 60 5
57 64 6
57 71 8
57 72 -9
57 68 -2
58 74 -1
58 66 5
58 63 -9
58 68 6
58 64 -9
58 67 -6
58 59 -7
59 71 6
59 65 -8
59 72 -8
59 63 -3
59 75 8
59 61 9
59 60 1
60 71 8
60 66 7
60 62 6
60 63 1
60 64 -10
60 65 -6
60 67 -1
60 75 8
60 61 -3
61 67 1
61 62 -6
61 65 8
61 66 -2
61 73 -3
61 72 -2
61 69 10
62 68 -6
62 66 -8
62 71 5
62 67 10
62 72 -6
62 64 7
62 74 2
62 73 -4
63 67 -8
63 69 -2
63 68 8
63 66 -10
63 70 -6
63 72 -8
63 75 -4
64 65 -5
64 73 9
64 69 -5
64 67 -2
64 66 8
64 72 1
65 68 -7
65 69 10
65 67 9
65 75 5
65 66 10
66 67 -8
66 68 -5
66 74 0
66 72 7
67 73 -3
67 69 -5
67 68 1
68 73 7
68 72 -8
68 69 -4
68 74 2
69 70 7
69 74 0
69 72 1
70 71 1
70 73 -10
71 74 8
71 72 4
73 74 -10
74 75 4
