75 1388 
1 42 -4
1 20 8
1 17 2
1 57 -7
1 14 -8
1 75 6
1 52 -1
1 37 -2
1 31 -8
1 21 -1
1 41 -8
1 36 2
1 55 -4
1 7 0
1 40 -4
1 12 -8
1 47 10
1 15 10
1 30 9
1 24 -10
1 39 4
1 13 4
1 62 -1
1 56 -8
1 25 -3
1 38 10
1 33 8
1 29 -7
1 28 -10
1 32 3
1 59 -8
1 71 0
1 3 0
1 26 -9
1 73 0
1 16 9
2 35 7
2 45 -3
2 9 -4
2 26 2
2 68 -3
2 7 9
2 41 3
2 55 -2
2 15 -1
2 12 -1
2 11 -6
2 50 -8
2 14 -8
2 71 -10
2 60 10
2 42 6
2 70 -10
2 25 -10
2 75 4
2 52 -6
3 56 -10
3 18 4
3 55 -8
3 24 1
3 21 7
3 41 -9
3 33 -6
3 44 0
3 67 8
3 68 6
3 58 6
3 75 -3
3 69 2
3 20 -4
3 23 3
3 74 -9
3 60 -7
3 30 8
3 65 -10
3 66 5
3 38 -1
3 59 -5
3 34 -9
3 26 -6
3 46 8
3 9 9
3 13 -9
3 42 4
3 73 -9
3 53 0
3 22 -6
3 52 5
3 50 2
3 43 -1
3 40 7
3 10 -9
3 8 9
3 31 -10
3 47 0
4 36 -10
4 69 9
4 5 -9
4 50 -8
4 32 10
4 52 -5
4 51 -6
4 18 -7
4 49 -5
4 45 -6
4 33 10
4 10 -8
4 48 -3
4 17 4
4 64 5
4 8 -8
4 67 0
4 59 7
4 60 1
4 55 6
4 34 -6
4 19 -7
4 56 -6
4 35 4
4 63 -9
4 12 -1
4 27 0
4 58 -8
4 53 5
4 54 2
4 31 3
4 25 9
4 61 -10
4 13 2
4 71 -3
5 18 -3
5 33 2
5 60 4
5 69 10
5 73 -8
5 51 1
5 65 10
5 22 2
5 57 6
5 53 3
5 43 9
5 39 -8
5 12 7
5 20 9
5 72 -3
5 47 -2
5 68 -3
5 21 10
5 55 7
5 58 -8
5 49 -7
5 45 -7
5 23 -4
5 63 6
5 38 -2
5 13 10
5 64 4
5 66 -8
5 28 -8
5 50 -3
5 56 10
5 9 0
5 24 9
5 6 -1
5 74 8
5 10 -8
5 31 9
5 37 2
5 52 -6
5 16 1
5 36 -3
5 41 10
5 32 -4
5 54 -1
6 22 10
6 31 5
6 25 10
6 23 10
6 24 7
6 32 10
6 12 -6
6 63 9
6 14 -4
6 11 6
6 55 4
6 37 2
6 58 -8
6 28 3
6 72 8
6 69 -10
6 49 4
6 75 -3
6 67 -1
6 70 -3
6 9 8
6 8 -4
6 73 -10
6 44 -3
6 21 -6
6 54 7
6 64 3
6 26 -7
6 36 9
6 19 3
6 16 -1
6 59 -8
6 17 5
6 42 9
6 68 4
6 38 6
6 46 0
7 44 -9
7 53 -6
7 27 -6
7 69 8
7 54 5
7 73 -5
7 52 -1
7 15 8
7 50 0
7 32 -10
7 36 -3
7 30 -4
7 58 -3
7 40 1
7 61 7
7 25 1
7 75 -2
7 55 -10
7 28 -3
7 9 -10
7 13 8
7 56 -7
7 68 8
7 11 3
7 21 -6
7 14 4
7 63 -6
7 38 7
7 26 10
7 62 3
7 29 2
7 59 4
7 23 0
7 31 -6
7 24 2
8 59 -4
8 22 8
8 58 -10
8 27 3
8 49 -1
8 60 -10
8 74 1
8 75 5
8 32 5
8 61 -8
8 25 9
8 70 -9
8 30 -1
8 35 -8
8 11 -5
8 37 -8
8 56 10
8 46 5
8 40 10
8 64 3
8 47 10
8 14 -2
8 38 9
8 51 -6
8 13 -9
8 16 4
8 9 -1
8 66 -3
8 24 3
8 36 1
8 44 -5
8 33 -4
8 15 3
8 41 0
8 20 10
8 10 2
8 48 -2
9 30 7
9 15 9
9 43 3
9 18 -4
9 75 -7
9 54 -3
9 60 0
9 70 -8
9 61 6
9 34 -6
9 63 5
9 26 0
9 50 1
9 16 2
9 64 9
9 71 8
9 19 0
9 51 -6
9 56 -8
9 25 7
9 32 -7
9 44 10
9 42 -9
9 22 -10
9 36 -6
9 31 -1
9 72 -2
9 68 4
9 41 -8
9 69 1
9 24 -7
9 59 -8
9 33 -10
9 45 -8
9 58 -6
9 37 2
9 38 -6
9 67 -10
9 52 8
9 27 5
10 57 5
10 71 0
10 29 -6
10 66 -9
10 68 8
10 35 4
10 72 7
10 20 4
10 44 7
10 56 9
10 21 -1
10 45 3
10 61 6
10 32 -7
10 49 9
10 54 6
10 11 6
10 52 8
10 15 -8
10 63 -10
10 31 -2
10 50 5
10 24 7
10 18 6
10 42 3
10 48 7
10 36 10
10 43 6
10 13 -9
10 19 -5
10 47 9
10 70 10
11 33 -1
11 17 -2
11 39 -4
11 52 8
11 18 -6
11 31 -1
11 20 0
11 61 -9
11 53 -5
11 37 8
11 42 -6
11 27 -5
11 72 -9
11 64 8
11 59 -2
11 32 -8
11 45 2
11 66 9
11 47 1
11 36 8
11 30 3
11 63 6
11 38 -9
11 46 3
11 15 6
11 67 5
11 70 3
11 71 -4
11 29 6
11 58 -4
11 34 7
11 16 -1
11 43 -4
11 55 -8
12 45 -8
12 58 -6
12 16 1
12 53 -8
12 73 3
12 22 -1
12 46 -1
12 24 -1
12 27 3
12 36 0
12 47 8
12 15 -6
12 18 -1
12 48 -10
12 67 -10
12 51 -1
12 65 -6
12 69 -7
12 71 -6
12 13 3
12 60 10
12 62 0
12 17 3
12 54 -3
13 32 3
13 69 4
13 46 5
13 27 9
13 67 -5
13 36 -1
13 43 1
13 56 4
13 25 0
13 35 -10
13 53 10
13 14 3
13 45 -3
13 28 5
13 68 9
13 23 1
13 73 2
13 19 9
13 31 -9
13 49 -4
13 60 -10
13 51 -9
13 22 8
13 42 10
13 64 -3
13 50 3
13 58 3
13 54 8
13 30 -10
13 41 -8
13 39 -1
13 66 4
14 45 -9
14 43 -8
14 17 -10
14 25 5
14 31 -4
14 58 9
14 62 8
14 74 -3
14 16 -10
14 24 9
14 61 -6
14 30 1
14 32 3
14 68 3
14 75 -1
14 63 -6
14 70 -8
14 33 -1
14 47 4
14 15 10
14 49 -1
14 41 -4
14 44 4
14 22 -1
14 19 -5
14 26 -1
14 59 -6
14 53 9
14 66 -7
14 29 1
14 39 4
15 61 -4
15 31 0
15 41 10
15 72 -8
15 54 -10
15 39 -2
15 73 0
15 75 -10
15 62 -8
15 29 -7
15 18 8
15 49 10
15 74 -8
15 58 -9
15 38 -1
15 52 6
15 40 -6
15 37 -1
15 50 0
15 46 -2
15 70 -10
15 66 9
15 67 -1
15 71 -1
15 63 9
15 47 -4
15 64 4
15 32 5
15 33 -7
15 48 9
15 68 6
15 21 -10
15 23 5
16 40 10
16 17 5
16 36 7
16 33 -5
16 52 -10
16 21 4
16 20 -8
16 18 8
16 37 4
16 35 -5
16 34 2
16 43 -10
16 19 -4
16 68 -8
16 61 -5
16 29 -7
16 71 9
16 53 -3
16 51 -10
16 75 -7
16 63 -8
16 45 -8
16 72 -3
16 54 -2
16 38 -9
16 44 0
16 59 5
16 28 0
17 48 5
17 64 6
17 37 -8
17 69 -5
17 45 6
17 58 1
17 57 0
17 62 1
17 43 -10
17 42 4
17 26 -6
17 55 -8
17 54 -9
17 36 -7
17 71 3
17 56 10
17 53 -10
17 70 3
17 22 -4
17 50 8
17 68 7
17 47 5
17 60 9
17 35 -5
17 75 -6
17 19 2
17 18 3
17 20 4
18 64 -9
18 45 -5
18 32 4
18 43 -9
18 51 9
18 21 3
18 26 0
18 73 3
18 27 -1
18 19 -3
18 49 0
18 54 10
18 29 1
18 47 9
18 52 5
18 55 -1
18 48 10
18 33 -10
18 28 -3
18 38 6
18 39 4
18 62 1
19 28 -8
19 65 -2
19 52 6
19 33 4
19 42 4
19 57 10
19 73 8
19 20 0
19 41 -2
19 48 -9
19 45 7
19 60 -5
19 70 3
19 47 -3
19 25 4
19 39 -1
19 49 1
19 35 -6
19 74 0
19 62 3
19 53 3
19 63 1
19 38 4
19 54 0
20 59 0
20 65 9
20 72 -3
20 21 3
20 34 0
20 31 -7
20 37 -3
20 56 -2
20 28 -8
20 29 -8
20 32 0
20 70 -5
20 41 -2
20 43 3
20 45 4
20 68 6
20 35 3
20 52 8
20 30 4
20 62 -10
20 47 -1
20 40 0
20 48 10
20 39 7
20 33 0
20 67 9
20 38 0
20 64 -2
20 57 6
21 22 -9
21 70 -5
21 71 -5
21 62 4
21 34 -9
21 73 6
21 72 -1
21 24 6
21 28 -2
21 38 10
21 55 7
21 29 -8
21 63 4
21 52 4
21 74 2
21 43 1
21 61 -9
21 65 10
21 51 9
21 67 3
21 45 -5
21 33 -10
21 68 -8
21 75 1
21 36 -10
22 32 -9
22 36 -6
22 63 0
22 39 0
22 54 6
22 37 -5
22 45 8
22 67 2
22 26 1
22 60 -1
22 53 -4
22 58 -3
22 47 -4
22 57 6
22 55 4
22 72 -8
22 51 -9
22 64 3
22 65 4
22 41 -5
22 35 5
22 70 1
22 52 -8
22 34 6
22 69 1
22 27 -4
23 52 -1
23 30 10
23 66 8
23 43 -3
23 72 -2
23 42 6
23 37 8
23 24 6
23 48 7
23 34 -5
23 51 -9
23 60 3
23 70 -9
23 63 4
23 31 5
23 50 -10
23 53 -6
23 54 1
23 35 -4
23 41 9
23 68 -2
23 47 -4
23 75 -4
24 45 9
24 28 -5
24 35 7
24 75 9
24 52 5
24 29 0
24 61 -6
24 72 1
24 27 -4
24 57 1
24 60 -10
24 69 -3
24 55 -2
24 48 8
24 74 10
24 63 -7
24 51 10
24 40 8
24 54 0
24 39 9
24 67 -6
24 49 -9
24 64 4
24 68 9
24 26 7
24 34 -10
24 65 -6
24 53 -4
25 43 7
25 73 3
25 36 8
25 75 6
25 41 -6
25 59 10
25 26 8
25 58 9
25 27 0
25 53 7
25 34 4
25 38 -4
25 67 -1
25 54 0
25 30 9
25 29 8
25 44 0
25 33 -7
25 47 -2
25 49 7
25 56 10
25 35 -5
25 61 3
25 65 -3
25 63 -2
25 42 -5
26 64 6
26 51 -4
26 53 -8
26 39 -3
26 47 6
26 31 -3
26 73 -1
26 40 -6
26 42 2
26 69 -3
26 65 -4
26 50 -9
26 43 -5
26 30 -2
26 70 -5
26 33 7
26 72 -5
26 38 -9
26 41 -4
26 34 9
26 54 -1
26 32 2
26 74 8
26 29 -1
26 55 -9
26 49 3
26 36 -5
26 63 0
27 67 -7
27 55 -2
27 72 -9
27 58 -10
27 68 10
27 33 -9
27 46 -5
27 42 -9
27 61 -6
27 57 -8
27 74 5
27 49 -5
27 32 -10
27 60 -10
27 39 2
27 34 2
27 44 0
27 31 5
27 63 -4
27 48 -3
28 47 8
28 74 -6
28 38 8
28 64 5
28 33 -7
28 41 -1
28 46 2
28 52 8
28 66 4
28 67 7
28 69 -7
28 56 -2
28 39 3
28 36 1
28 61 -8
28 73 9
28 40 0
28 65 -2
28 75 6
29 45 0
29 63 5
29 33 7
29 34 -7
29 66 4
29 41 -3
29 30 6
29 32 4
29 35 -3
29 58 -8
29 42 -2
29 51 -1
29 54 -7
29 67 5
29 56 -4
29 48 -6
29 72 0
29 61 7
29 74 -10
29 55 -6
29 43 4
29 38 10
29 44 -10
30 60 -4
30 48 8
30 49 4
30 73 1
30 53 4
30 45 4
30 68 5
30 57 3
30 74 -3
30 61 -6
30 54 2
30 58 0
30 44 -8
30 55 9
30 39 9
30 64 10
30 33 -2
30 71 4
30 67 4
30 37 -7
31 38 9
31 44 -6
31 35 9
31 39 -10
31 36 0
31 70 -10
31 42 -3
31 60 4
31 41 7
31 75 -3
31 64 1
31 52 8
31 63 -7
31 54 2
31 73 -2
31 53 0
31 46 -2
31 40 9
31 51 -10
31 47 5
31 57 10
31 34 -3
31 37 -9
32 47 9
32 49 2
32 37 2
32 62 -10
32 63 -5
32 58 9
32 57 3
32 73 -6
32 70 1
32 52 -8
32 44 -7
32 64 8
32 35 -10
32 46 -3
32 59 -5
32 56 -1
32 75 6
32 51 -4
32 53 -1
32 54 8
32 60 10
32 67 0
32 71 8
32 42 -1
33 51 1
33 70 4
33 41 -5
33 49 -2
33 57 -9
33 65 4
33 66 -4
33 36 7
33 63 6
33 75 10
33 52 2
33 47 10
33 67 9
33 54 7
33 68 -7
33 38 -1
33 37 9
33 39 -10
33 48 4
33 40 -3
33 46 9
34 61 4
34 44 1
34 72 1
34 39 1
34 57 -8
34 68 -10
34 60 -10
34 67 -9
34 65 8
34 74 -10
34 73 6
34 54 7
34 63 -5
34 64 -3
34 56 -9
34 53 2
34 40 -4
34 75 -4
34 51 -5
34 71 -10
34 59 -3
35 45 10
35 37 1
35 52 -3
35 38 9
35 67 8
35 48 10
35 69 10
35 44 9
35 60 -10
35 61 7
35 39 9
35 71 0
35 57 -9
35 41 -7
35 66 6
35 74 -3
35 43 4
35 65 -6
36 41 -3
36 57 -3
36 47 -10
36 50 -4
36 49 10
36 71 9
36 68 -9
36 67 9
36 51 8
36 74 -10
36 38 4
36 61 6
36 72 -7
36 69 4
36 48 5
36 42 -2
36 56 7
36 63 -8
36 54 -2
37 70 0
37 52 8
37 73 -1
37 48 -10
37 56 5
37 43 9
37 42 0
37 46 -9
37 51 -9
37 74 -10
37 54 4
37 61 9
37 45 -8
37 44 10
37 58 -7
37 65 6
37 63 -7
37 55 8
37 71 -10
37 40 5
37 50 3
37 67 8
38 47 1
38 65 -7
38 56 -9
38 69 -5
38 71 4
38 40 -10
38 42 -3
38 67 10
38 52 1
38 54 5
38 48 6
38 39 -3
38 63 6
38 59 -5
38 73 2
38 50 -3
38 49 -5
38 41 2
38 58 10
38 44 -10
38 51 6
39 56 2
39 75 8
39 51 -7
39 62 -1
39 49 4
39 60 -6
39 40 7
39 47 9
39 74 5
39 67 10
39 63 -5
39 53 -8
39 46 4
39 57 -4
39 71 -2
39 70 -2
39 41 -6
40 48 10
40 54 -3
40 45 7
40 72 -7
40 59 -8
40 75 -10
40 69 -2
40 73 -1
40 68 -8
40 65 10
40 52 -3
40 49 -6
40 43 -9
40 70 10
40 51 7
40 42 6
40 53 10
40 67 10
40 47 -2
41 42 9
41 64 2
41 57 -9
41 48 3
41 63 3
41 71 10
41 59 -7
41 56 -3
41 47 -10
41 60 -10
41 51 6
41 58 1
41 75 4
41 43 10
41 69 -6
41 66 1
41 44 2
41 74 -2
42 59 5
42 74 8
42 70 -2
42 71 2
42 55 2
42 62 -1
42 60 -7
42 47 1
42 56 2
42 45 7
42 72 -7
42 43 5
42 69 -4
42 64 10
42 52 -1
42 44 -3
42 65 0
42 58 1
42 54 -5
42 68 -4
42 49 -7
42 63 -1
43 65 0
43 50 3
43 54 -9
43 66 5
43 57 2
43 61 2
43 72 8
43 46 -5
43 75 -9
43 64 -4
43 71 -3
43 52 9
43 68 9
44 59 1
44 60 7
44 46 5
44 66 8
44 47 -7
44 73 -10
44 74 4
44 49 7
44 54 -7
44 75 4
44 56 5
44 65 3
44 50 -2
44 71 -1
44 45 5
44 57 3
45 68 -2
45 55 0
45 57 -2
45 50 4
45 66 4
45 74 5
45 58 -7
45 75 -5
45 63 8
45 52 6
45 65 0
45 69 10
45 59 -8
45 70 -4
45 62 7
45 56 6
46 58 9
46 65 -2
46 55 -8
46 69 6
46 56 -4
46 50 9
46 73 -5
46 71 -1
46 64 -1
46 70 -7
46 52 -6
46 48 5
47 50 -7
47 58 -5
47 54 -5
47 64 -1
47 67 7
47 61 6
47 69 6
47 72 2
47 71 2
47 66 3
47 63 -3
47 53 -9
47 62 -2
47 49 2
47 59 -1
48 61 2
48 53 -4
48 55 3
48 69 -8
48 50 8
48 67 7
48 66 -4
48 49 -4
48 63 -10
48 52 -10
48 65 2
48 68 -3
49 74 -5
49 63 -7
49 66 5
49 64 6
49 72 3
49 51 7
49 53 9
49 71 5
49 62 -9
50 61 -4
50 72 -2
50 71 10
50 66 -5
50 75 7
50 67 3
50 73 2
50 69 -4
50 74 -4
50 51 5
50 63 -4
51 63 -4
51 68 -8
51 61 9
51 67 0
51 64 -10
51 60 10
51 74 4
51 66 -10
51 58 -9
51 54 9
51 53 -3
51 72 1
51 56 9
51 57 0
52 55 -8
52 68 -10
52 74 8
52 64 0
52 60 -6
52 66 -4
52 72 5
52 57 -6
52 71 0
52 56 2
53 62 -10
53 60 9
53 67 -1
53 73 10
53 74 -1
53 66 -4
53 75 1
53 71 7
53 58 -8
53 55 -3
54 56 -10
54 71 9
54 55 -10
54 59 -4
54 65 -4
54 66 2
54 74 1
54 69 -8
54 72 -8
54 68 -6
55 61 3
55 74 -9
55 60 2
55 68 -6
55 65 -7
55 63 -9
55 59 -3
55 72 8
55 70 0
55 62 -6
55 69 -9
55 56 -8
56 57 7
56 73 -9
56 67 5
56 69 8
56 72 -2
56 70 -1
56 71 0
57 67 -9
57 68 -2
57 70 7
57 74 5
57 59 8
57 65 6
57 58 -1
57 63 0
57 66 -9
57 64 4
58 74 2
58 73 -5
58 60 -1
58 75 7
58 61 1
58 64 -3
58 69 -4
58 71 -4
59 65 8
59 61 6
59 72 -5
59 70 2
59 68 -3
59 74 1
59 66 -8
59 71 1
59 75 1
59 60 9
59 73 -9
59 69 -7
60 63 -5
60 69 7
60 70 3
60 65 -10
60 68 1
60 67 -8
60 66 -9
60 75 -10
61 74 6
61 70 4
61 63 2
61 69 2
61 68 -4
61 67 10
61 72 7
61 64 -5
61 66 -10
62 66 10
62 64 2
62 68 -1
62 74 7
62 75 -8
62 72 9
62 69 -5
62 63 -9
62 65 6
62 71 9
62 73 -8
63 66 2
63 70 -6
63 64 2
63 73 -7
63 69 9
63 71 3
63 72 4
64 71 2
64 66 -7
64 73 9
64 69 6
64 67 -9
64 68 -7
64 74 -7
65 72 -3
65 73 3
65 68 -10
66 72 6
66 67 0
66 74 -4
66 69 1
67 70 -4
67 68 2
67 69 7
67 74 -7
67 71 4
67 73 -4
67 75 6
68 72 8
68 69 -9
69 70 -8
69 72 -10
69 74 4
70 75 3
70 71 -8
70 72 4
70 73 4
71 75 9
72 73 1
73 74 -5
