75 1388 
1 71 3
1 21 6
1 10 8
1 47 -2
1 52 -9
1 75 -3
1 20 -7
1 42 10
1 58 10
1 12 -3
1 30 5
1 54 -4
1 62 -6
1 19 -8
1 38 8
1 64 -1
1 69 4
1 22 0
1 6 0
1 51 -6
1 44 10
1 16 9
1 36 -6
1 49 6
1 7 -7
1 28 7
1 66 4
1 5 -10
1 60 -9
1 59 7
1 13 10
1 37 6
1 8 -5
1 73 -9
1 18 4
1 29 -9
1 11 -1
1 2 -6
1 43 -9
2 26 -8
2 56 6
2 22 -1
2 4 3
2 65 5
2 72 -10
2 16 -3
2 19 -10
2 49 7
2 46 5
2 50 -5
2 30 -9
2 66 -1
2 17 5
2 51 -10
2 18 9
2 6 5
2 52 5
2 32 -7
2 13 8
2 7 7
2 57 -1
2 29 1
2 36 9
2 64 0
2 31 -7
2 3 -1
2 10 -4
2 34 -8
2 40 10
2 23 6
2 5 -4
2 15 -5
2 47 6
3 49 -5
3 59 4
3 74 -9
3 17 -3
3 61 3
3 45 3
3 65 9
3 44 -9
3 57 7
3 34 1
3 72 -5
3 38 -10
3 53 3
3 56 -7
3 50 2
3 18 -6
3 5 -2
3 20 -8
3 64 -8
3 21 -7
3 6 -8
3 67 -7
3 36 -1
3 22 5
3 47 -3
3 40 1
3 43 -10
3 31 2
3 35 4
3 15 -5
3 4 -3
3 32 8
3 42 8
3 13 2
3 7 9
3 75 9
3 69 -2
3 54 -2
3 37 -2
3 9 1
4 25 8
4 8 -7
4 11 7
4 55 7
4 50 0
4 30 5
4 59 -10
4 45 9
4 62 -10
4 40 -1
4 41 -3
4 63 2
4 61 1
4 31 8
4 60 0
4 24 -8
4 57 -5
4 28 -10
4 10 3
4 34 -5
4 6 3
4 42 -1
4 71 -1
4 75 3
4 27 -10
4 67 6
4 73 3
4 15 7
5 64 -1
5 48 8
5 53 -7
5 24 1
5 11 -2
5 56 6
5 55 5
5 22 -4
5 16 6
5 12 -2
5 65 -2
5 26 -7
5 19 1
5 67 -9
5 13 7
5 54 -2
5 21 -10
5 36 2
5 31 5
5 9 -4
5 57 1
5 34 2
5 25 -2
5 61 -10
5 46 -9
5 14 2
5 43 -9
5 18 -2
5 37 -1
5 45 -1
5 35 -2
5 59 -1
5 44 -7
5 74 0
5 49 -5
5 47 6
5 66 2
5 27 -1
5 15 6
5 73 0
5 30 2
6 20 -8
6 43 10
6 18 -7
6 41 -4
6 36 -2
6 67 -2
6 42 -2
6 75 -3
6 31 9
6 14 2
6 53 2
6 68 5
6 30 0
6 8 1
6 59 -9
6 52 2
6 24 3
6 65 4
6 71 -5
6 45 10
6 27 -10
6 62 7
6 32 -7
6 74 -2
6 23 0
6 16 -5
6 28 -8
6 63 7
6 13 -5
6 12 8
7 54 -5
7 12 -8
7 34 3
7 62 -9
7 11 1
7 55 -9
7 73 -5
7 59 -6
7 41 7
7 27 -1
7 42 -4
7 26 -7
7 74 -2
7 29 7
7 60 8
7 61 -1
7 45 -7
7 10 7
7 17 10
7 66 8
7 8 10
7 22 7
7 43 -2
7 37 2
7 51 4
7 75 8
7 67 0
7 9 3
7 69 9
7 13 9
7 49 -10
7 57 7
7 72 -3
7 47 -7
7 64 6
8 14 -5
8 57 -9
8 23 5
8 49 1
8 10 -8
8 19 -8
8 71 4
8 20 -2
8 72 9
8 53 3
8 16 3
8 38 0
8 21 -10
8 30 -10
8 33 -5
8 44 2
8 24 3
8 75 -2
8 39 2
8 59 -2
8 52 4
8 26 -8
8 64 6
8 32 9
8 36 -3
8 74 6
8 47 8
8 51 0
8 65 5
8 63 2
8 29 -10
8 58 -3
8 9 -6
8 34 -9
8 28 1
8 25 -5
8 12 -2
8 22 1
9 21 5
9 52 -3
9 40 -7
9 34 -9
9 28 -1
9 72 3
9 46 0
9 10 2
9 35 6
9 57 10
9 29 -3
9 70 5
9 59 -8
9 24 7
9 16 -6
9 38 8
9 39 -2
9 67 9
9 58 -6
9 65 8
9 44 -3
9 14 -4
9 19 6
9 37 -2
9 63 -5
9 17 3
9 32 7
9 71 8
9 13 -9
9 12 10
9 69 -6
9 48 -4
9 64 5
10 58 4
10 41 4
10 36 -6
10 26 9
10 39 -8
10 49 -5
10 22 -2
10 48 -2
10 47 -1
10 74 10
10 63 8
10 17 -4
10 70 -6
10 59 -3
10 11 -7
10 54 1
10 56 -5
10 73 -9
10 27 4
10 28 4
10 61 -6
10 46 -7
10 44 7
10 57 9
10 19 -2
10 23 5
10 33 1
10 38 -9
10 21 9
11 59 -10
11 21 -4
11 38 -1
11 68 5
11 18 10
11 27 7
11 63 -6
11 55 1
11 48 -5
11 17 10
11 15 7
11 30 -9
11 14 -10
11 37 10
11 32 4
11 64 -4
11 50 0
11 66 -10
11 72 -1
11 39 8
11 56 -3
11 70 9
11 36 2
11 16 4
11 47 4
11 12 0
11 71 3
11 19 3
11 57 8
11 61 -2
12 43 3
12 49 4
12 40 5
12 50 1
12 32 -8
12 44 -5
12 71 8
12 55 9
12 45 -3
12 75 1
12 48 -2
12 62 -8
12 54 2
12 20 -10
12 18 -8
12 31 -6
12 33 -3
12 72 7
12 19 -3
12 65 7
12 36 0
12 57 -9
12 64 -4
12 17 4
12 24 -4
12 67 -7
12 21 5
12 39 -8
12 23 7
13 71 3
13 33 2
13 18 0
13 39 10
13 73 7
13 26 6
13 25 1
13 27 6
13 49 -9
13 65 4
13 53 0
13 64 10
13 42 -3
13 36 0
13 47 -6
13 37 9
13 54 6
13 48 -3
13 19 0
13 67 3
13 29 8
13 24 4
13 20 -3
13 32 -10
13 17 -3
13 70 -3
13 63 7
13 60 4
13 14 -1
13 31 -6
13 34 -2
13 15 -4
14 49 -9
14 35 10
14 15 -10
14 56 1
14 66 5
14 16 -5
14 61 0
14 52 -1
14 34 -3
14 24 -7
14 54 9
14 68 8
14 33 8
14 72 -8
14 18 2
14 41 -4
14 21 -7
14 58 1
14 42 0
14 73 3
14 48 8
14 46 -3
14 22 8
14 36 2
14 28 -10
14 53 10
14 64 -1
14 75 -10
14 69 6
14 20 10
14 39 -8
14 43 2
15 48 6
15 18 -7
15 29 -1
15 28 -9
15 70 0
15 17 5
15 69 -10
15 37 6
15 16 -7
15 50 -5
15 65 9
15 60 3
15 75 8
15 38 8
15 39 -9
15 41 -7
15 47 4
15 22 1
15 66 1
15 24 7
15 42 -8
15 20 2
15 30 4
15 49 0
15 26 -7
15 35 2
15 19 2
15 40 7
15 27 -8
15 54 0
15 25 -1
15 62 1
15 33 9
15 36 -10
15 34 1
16 49 3
16 61 8
16 25 -10
16 37 8
16 64 -9
16 39 -6
16 19 -1
16 68 8
16 34 -8
16 55 10
16 44 -6
16 43 2
16 26 8
16 56 7
16 32 -1
16 17 -9
16 31 9
16 63 -7
16 70 -10
16 21 -8
16 45 7
16 58 -5
16 65 -10
16 54 -3
16 74 -5
16 73 -3
16 48 2
16 29 1
16 41 -8
16 57 -3
17 21 -7
17 50 6
17 36 8
17 38 -2
17 69 6
17 22 -10
17 20 -7
17 41 -7
17 75 -10
17 51 -9
17 46 8
17 55 7
17 71 -6
17 18 2
17 24 -7
17 60 -4
17 28 2
17 59 9
17 64 2
17 27 -6
17 34 -7
17 58 8
17 25 -5
17 30 2
17 44 -8
17 29 0
17 33 -8
17 26 8
17 62 8
18 41 8
18 20 8
18 49 7
18 35 5
18 54 -8
18 59 2
18 40 -2
18 27 3
18 52 9
18 24 -8
18 32 -4
18 74 -10
18 28 -10
18 46 3
18 66 -2
18 50 -4
18 61 6
18 69 4
18 75 -1
18 63 1
18 26 -5
18 67 8
18 56 -7
18 34 -10
18 29 -6
18 48 -1
18 45 3
18 33 -7
18 68 -10
18 44 -2
18 43 9
18 72 -9
18 22 10
18 55 7
19 39 -5
19 45 -9
19 68 9
19 64 3
19 56 3
19 46 7
19 42 -7
19 57 1
19 55 1
19 71 -5
19 62 -2
19 67 7
19 51 8
19 31 -3
19 70 8
19 21 5
19 52 -2
19 36 7
19 22 -1
19 23 8
19 63 5
19 61 9
19 73 -10
19 24 -4
19 26 -9
19 34 -6
20 67 -9
20 36 -3
20 25 1
20 32 5
20 61 -8
20 42 8
20 55 -7
20 33 4
20 62 -4
20 54 -2
20 58 -2
20 66 3
20 74 0
20 63 10
20 28 5
20 48 4
20 24 6
20 56 -10
20 37 -5
20 47 -9
20 68 8
20 27 3
20 43 6
20 53 -10
20 73 3
20 57 -9
20 38 -6
20 44 -6
20 40 -8
20 69 1
20 71 10
20 60 -1
20 46 -3
20 41 -8
20 31 -10
21 64 10
21 38 -5
21 63 -5
21 45 10
21 52 -8
21 72 -10
21 51 6
21 69 8
21 33 9
21 42 -6
21 44 9
21 34 1
21 61 0
21 70 5
21 71 5
21 62 5
21 26 6
21 43 -7
21 68 -8
21 58 3
21 73 -2
21 37 -10
21 27 -5
22 57 1
22 61 -4
22 53 -4
22 63 -4
22 52 -2
22 64 -4
22 44 7
22 26 -8
22 30 0
22 49 10
22 75 1
22 50 2
22 65 -2
22 45 10
22 27 -5
22 24 -10
22 36 -6
22 31 -5
22 32 -5
22 29 10
22 37 4
22 66 6
22 41 -1
22 40 -4
22 39 -4
23 30 7
23 28 2
23 61 8
23 65 -2
23 47 -10
23 69 2
23 24 -4
23 44 -3
23 29 -1
23 26 -4
23 34 4
23 40 9
23 75 1
23 60 -1
23 70 -3
23 72 -8
23 45 -10
23 55 -4
23 50 -5
23 64 1
23 33 -3
23 36 4
24 65 -3
24 27 5
24 47 7
24 36 4
24 62 -1
24 48 -3
24 37 -2
24 64 4
24 58 -8
24 28 3
24 60 7
24 49 -9
24 32 -4
24 30 -6
24 51 0
24 68 -1
24 35 3
24 56 7
24 55 -4
24 46 3
24 43 -4
24 34 10
24 39 0
24 50 -7
24 38 -2
24 73 -7
25 64 -3
25 47 1
25 27 -6
25 49 -9
25 58 5
25 45 4
25 51 1
25 52 6
25 28 0
25 53 -3
25 56 -8
25 71 -8
25 55 -1
25 48 6
25 31 4
25 46 1
25 63 -5
25 70 -7
25 42 1
25 60 7
25 66 6
25 65 -7
25 57 7
25 72 -10
25 38 -3
25 30 8
26 41 -8
26 51 -4
26 27 8
26 45 -7
26 28 2
26 29 8
26 39 -2
26 68 8
26 65 3
26 30 -5
26 40 -1
26 34 -4
26 58 6
26 31 -10
26 73 -7
26 38 1
26 70 0
26 63 7
26 61 4
26 67 -4
26 60 -2
26 62 -10
27 52 -9
27 75 0
27 32 1
27 35 -9
27 51 9
27 41 -4
27 38 -7
27 69 -9
27 31 -2
27 70 4
27 57 7
27 71 -7
27 48 -3
27 49 7
27 45 10
27 56 9
27 65 9
27 36 6
27 33 7
27 72 6
27 37 6
27 74 -10
27 63 -7
27 66 -5
27 54 8
27 68 3
27 58 -1
27 39 4
27 59 -1
27 47 10
28 68 -5
28 58 1
28 40 9
28 66 0
28 43 -10
28 69 -8
28 46 2
28 50 1
28 53 -7
28 38 8
28 72 -4
28 60 -8
28 61 10
28 73 -5
28 63 -9
28 49 4
28 74 -2
29 51 -8
29 40 -2
29 47 9
29 38 0
29 56 -6
29 74 5
29 68 10
29 75 8
29 61 9
29 73 -9
29 32 5
29 70 -4
29 54 6
29 45 2
29 63 -7
29 39 5
29 42 1
29 48 2
29 50 1
29 58 -2
29 57 -4
29 62 -5
30 36 -6
30 72 3
30 49 -7
30 54 -5
30 67 2
30 59 -1
30 73 0
30 47 0
30 68 3
30 64 -10
30 46 5
30 53 -3
30 57 -7
30 45 9
30 41 5
30 37 -7
30 56 3
30 69 2
30 75 0
30 65 -8
31 71 -2
31 37 4
31 60 10
31 36 1
31 64 10
31 73 -7
31 69 -8
31 41 2
31 50 6
31 67 3
31 43 -5
31 44 3
31 32 3
31 48 -5
31 49 -7
31 58 -2
31 75 -4
31 33 6
31 42 5
31 63 7
32 63 5
32 74 -9
32 62 -1
32 41 -2
32 69 5
32 70 -1
32 75 5
32 38 -10
32 73 -4
32 57 5
32 36 -6
32 50 1
32 54 -4
32 46 5
32 35 7
32 55 -9
32 72 8
32 66 8
32 45 -5
33 41 3
33 43 -6
33 58 1
33 63 -9
33 73 5
33 51 3
33 69 -5
33 47 9
33 54 1
33 44 -3
33 35 0
33 55 8
33 64 -10
33 62 -3
33 61 -4
33 68 10
34 65 2
34 68 -9
34 57 -2
34 53 -7
34 42 -5
34 71 7
34 52 -8
34 46 -3
34 51 -7
34 47 8
34 67 10
34 74 -1
34 73 9
34 37 0
34 50 2
34 41 -1
34 72 3
34 49 2
34 54 -3
34 70 -4
34 43 5
34 75 -3
34 36 -6
34 38 -5
34 40 9
34 56 5
34 35 2
34 58 -2
35 47 5
35 56 -3
35 72 -8
35 37 -5
35 63 3
35 51 6
35 57 -4
35 50 -6
35 39 5
35 46 6
35 62 4
35 58 10
35 44 4
35 54 -4
35 66 4
35 49 7
35 74 9
35 67 -10
35 59 -4
35 45 7
35 52 -8
36 68 -6
36 45 -4
36 69 9
36 46 -5
36 40 -10
36 37 -5
36 38 -10
36 64 7
36 49 4
36 66 6
36 62 8
36 63 6
36 41 8
36 70 4
36 47 0
36 39 0
36 60 7
36 48 0
36 75 -10
36 56 5
36 44 -5
37 50 3
37 61 7
37 45 -3
37 53 -4
37 69 4
37 56 -8
37 42 -8
37 66 -2
37 52 5
37 63 2
37 59 -3
37 51 7
37 70 0
37 54 0
37 72 -7
37 71 -5
37 44 6
37 75 4
37 73 0
38 65 -5
38 74 -9
38 67 -10
38 57 6
38 45 -3
38 73 9
38 69 9
38 42 -3
38 64 -2
38 43 -9
38 54 -6
38 40 1
38 47 -6
38 61 -1
38 59 -4
38 60 2
38 71 -1
39 56 7
39 74 -7
39 54 9
39 70 -3
39 65 1
39 53 6
39 52 -7
39 58 -6
39 51 1
39 60 3
39 40 8
39 71 9
39 67 1
39 63 4
39 66 -3
39 59 -4
39 72 6
39 47 7
39 68 2
39 73 -6
40 65 -2
40 61 7
40 73 5
40 50 8
40 64 -6
40 69 -8
40 68 -8
40 46 -10
40 54 0
40 42 -7
40 67 1
40 43 2
40 60 -3
40 52 -5
40 56 -8
40 62 6
41 62 10
41 54 7
41 55 2
41 48 -4
41 56 -3
41 75 -10
41 47 6
41 61 -1
41 63 1
41 49 1
41 73 8
41 60 -8
41 46 3
41 68 7
41 70 9
42 53 9
42 66 4
42 58 -3
42 60 3
42 62 7
42 70 0
42 44 -10
42 51 6
42 46 -3
42 75 -6
42 68 -7
42 69 -3
42 65 -1
42 49 -4
42 56 -8
42 67 6
42 71 -3
42 73 -10
43 70 10
43 50 3
43 44 -9
43 46 4
43 72 7
43 63 -4
43 75 1
43 49 3
43 53 -3
43 60 7
43 69 -10
43 74 4
43 52 -10
43 66 2
43 62 -4
44 63 2
44 54 -8
44 61 8
44 67 -6
44 55 -3
44 59 6
44 47 -5
44 48 -4
44 50 4
44 51 0
44 74 6
44 52 5
44 75 -7
44 71 8
44 45 9
44 65 8
44 46 -6
44 69 4
44 73 2
45 65 -8
45 61 -6
45 57 -4
45 56 -5
45 73 -2
45 63 10
45 72 9
45 49 -1
45 53 3
45 74 9
45 50 -8
45 71 7
45 59 -9
45 64 4
45 69 -4
46 73 5
46 62 10
46 52 -8
46 67 8
46 55 -3
46 47 -2
46 60 9
46 57 -6
46 75 3
46 64 1
46 63 3
46 74 5
46 68 4
46 50 -2
46 70 0
46 58 7
46 49 0
47 68 10
47 67 -8
47 54 6
47 59 3
47 71 -5
47 62 2
47 70 -7
47 61 5
47 58 -1
47 72 -8
47 56 9
47 74 -8
48 49 3
48 71 -7
48 74 -1
48 70 1
48 75 -7
48 51 -6
48 55 4
48 58 10
48 53 -3
48 59 -6
48 66 1
48 50 5
48 62 9
48 73 -10
48 63 -7
48 61 -1
48 52 -7
48 64 2
48 68 -7
49 53 10
49 61 -6
49 64 2
49 70 0
49 68 4
49 71 -10
49 62 2
49 63 3
49 50 -1
49 75 -10
49 54 4
49 60 -4
49 72 -1
49 66 10
50 67 2
50 62 -9
50 55 0
50 51 -4
50 53 -2
50 66 -6
50 69 10
50 54 7
50 57 -3
51 58 -2
51 60 6
51 71 7
51 66 1
51 68 -3
51 65 -2
51 52 4
51 70 5
51 75 -8
51 57 1
52 59 -8
52 57 -6
52 63 -7
52 54 -9
52 61 10
52 62 5
52 65 2
52 64 -7
52 72 -1
52 56 -3
52 69 2
52 74 1
52 58 9
53 58 5
53 62 -2
53 59 -2
53 66 6
53 60 -4
53 56 -9
53 65 3
53 64 8
53 55 0
53 61 -6
53 57 -4
53 71 -4
53 75 4
54 55 1
54 70 9
54 74 -10
54 65 0
54 61 -8
54 63 0
54 64 10
54 60 7
54 59 -4
54 73 4
55 63 -2
55 70 9
55 72 -3
55 62 3
55 61 -5
55 75 10
55 68 -2
55 65 3
55 73 7
55 59 4
56 75 8
56 67 9
56 58 -2
56 70 9
56 64 -5
56 72 -8
56 57 4
57 66 -5
57 67 -1
57 73 1
57 60 5
57 68 0
58 72 -7
58 62 -2
58 61 -6
58 64 -5
58 75 -7
58 63 6
58 59 -7
58 74 -5
58 71 2
58 60 -3
59 65 -9
59 63 7
59 61 2
59 62 8
59 74 -4
59 71 4
59 67 9
59 68 4
59 66 -6
60 72 5
60 65 -7
60 69 -6
60 61 7
60 74 9
61 75 2
61 63 9
61 67 -1
61 65 10
61 70 -5
61 72 9
61 73 8
62 74 -7
62 69 -4
62 67 4
62 68 6
63 68 4
63 66 7
63 69 9
63 74 -10
63 70 0
63 64 7
64 68 -6
64 67 -4
64 74 0
64 70 -5
64 69 -8
64 65 8
64 71 5
64 73 -3
65 71 -6
65 69 -9
65 75 -7
65 67 -3
65 72 -7
65 73 -9
66 75 -5
66 67 -2
66 73 7
67 68 -7
67 69 6
67 73 7
67 70 -3
67 74 10
68 71 9
68 70 -7
68 75 0
68 73 4
69 70 4
69 71 -1
69 75 -6
70 72 7
70 75 -1
70 74 1
71 72 5
72 74 7
73 75 8
73 74 -4
74 75 1
