75 1388 
1 62 -7
1 64 1
1 6 -6
1 72 -9
1 17 -5
1 55 -8
1 12 4
1 53 0
1 5 7
1 16 -4
1 52 -8
1 2 -3
1 19 -9
1 38 0
1 3 1
1 7 -7
1 49 -1
1 10 -1
1 11 -10
1 42 -5
1 14 2
1 13 -9
1 51 -2
1 35 9
1 54 -8
1 46 0
1 22 -5
1 30 -1
1 74 4
1 45 10
1 20 -6
1 59 -8
1 71 8
1 75 -6
1 73 0
1 63 1
1 28 8
1 58 -6
2 9 -1
2 55 -9
2 48 -9
2 21 5
2 72 -8
2 17 8
2 67 -3
2 7 8
2 14 7
2 66 1
2 16 5
2 20 2
2 52 -2
2 10 -5
2 57 -3
2 25 -2
2 35 -5
2 29 -1
2 61 5
2 19 -8
2 13 -2
2 5 8
2 45 -5
2 11 -1
2 22 3
2 62 2
2 63 -4
2 6 4
2 18 -9
2 15 -4
2 31 10
2 27 2
2 49 9
2 34 6
2 23 5
2 32 -5
3 14 1
3 70 5
3 4 3
3 54 5
3 27 7
3 33 7
3 49 9
3 30 -8
3 69 4
3 9 -2
3 20 10
3 28 -5
3 23 10
3 44 -3
3 12 -8
3 17 -1
3 51 -4
3 55 8
3 6 3
3 16 10
3 26 -5
3 72 6
3 36 5
3 37 6
3 18 7
3 73 8
3 10 -1
3 19 6
3 39 -6
3 25 -4
3 65 2
3 31 -7
3 38 6
3 34 -2
3 68 -8
3 41 8
3 8 -6
3 48 -7
3 61 3
4 59 8
4 7 -5
4 25 6
4 49 -1
4 37 -8
4 68 8
4 30 -4
4 31 3
4 67 3
4 42 6
4 61 6
4 73 -3
4 38 -5
4 20 -4
4 27 4
4 21 1
4 46 -10
4 52 5
4 41 8
4 65 8
4 53 -2
4 12 -5
4 6 2
4 22 0
4 69 3
4 11 5
4 71 2
4 14 -8
4 13 1
4 60 5
4 35 -10
4 64 -9
4 36 1
4 72 3
4 23 -6
5 69 -3
5 35 6
5 53 2
5 28 -9
5 50 5
5 10 1
5 31 -10
5 19 8
5 33 8
5 58 -1
5 47 2
5 71 -3
5 14 5
5 51 -7
5 13 6
5 43 -2
5 26 5
5 44 10
5 34 0
5 6 8
5 56 4
5 68 1
5 45 5
5 39 -6
5 67 6
5 64 -2
5 29 9
5 16 -3
5 74 -1
5 62 9
5 12 9
5 46 -8
5 25 -1
5 8 -10
6 59 -5
6 15 -1
6 45 -5
6 42 0
6 18 -5
6 16 -5
6 9 -7
6 13 -3
6 52 6
6 51 8
6 20 -6
6 7 7
6 24 -9
6 48 -5
6 65 -3
6 26 2
6 32 0
6 47 -4
6 70 -4
6 64 10
6 21 8
6 38 -5
6 71 9
6 43 -4
6 11 1
6 22 -6
6 31 8
6 40 -3
6 49 3
6 61 3
6 33 -5
6 73 9
6 23 9
6 57 5
6 69 -1
6 10 9
6 66 1
6 34 7
6 29 -2
7 61 -8
7 36 0
7 71 1
7 18 2
7 42 -9
7 74 6
7 66 -2
7 59 -6
7 58 -4
7 27 5
7 56 6
7 16 6
7 60 -3
7 11 3
7 9 9
7 75 3
7 31 -9
7 34 6
7 19 -4
7 54 -7
7 26 5
7 53 -9
7 28 -10
7 43 2
7 69 -2
7 73 0
7 65 -5
7 10 -9
7 72 6
8 41 1
8 24 0
8 58 -6
8 45 5
8 22 5
8 20 6
8 33 -5
8 73 4
8 25 2
8 18 1
8 16 0
8 29 -6
8 37 6
8 67 10
8 10 -1
8 54 3
8 27 -4
8 26 -5
8 48 6
8 75 0
8 56 0
8 47 -9
8 13 6
8 42 -4
8 70 3
8 74 1
8 31 1
8 65 -6
8 64 -6
8 57 2
8 11 1
8 19 -9
8 17 -4
8 34 -8
8 30 -9
8 23 1
8 15 2
8 40 2
8 46 -3
9 34 -3
9 23 2
9 12 -1
9 57 4
9 25 6
9 28 -8
9 14 -9
9 67 5
9 68 6
9 29 -4
9 64 10
9 31 4
9 62 -4
9 26 -3
9 27 -10
9 11 1
9 56 5
9 36 -6
9 53 -8
9 10 -3
9 51 -6
9 74 -4
9 18 -6
9 58 -10
9 19 -4
9 40 -1
9 65 -6
9 71 0
9 13 -10
9 39 -4
10 19 -6
10 29 -8
10 11 -2
10 54 5
10 42 5
10 51 5
10 61 -6
10 48 -10
10 12 -7
10 25 -3
10 24 3
10 21 5
10 71 9
10 44 -6
10 23 9
10 52 -8
10 28 4
10 75 8
10 74 3
10 47 1
10 67 9
10 50 1
10 58 10
10 46 9
10 16 -2
10 37 -3
10 35 -3
10 31 -4
10 63 5
10 26 -3
10 60 -4
10 45 -6
11 58 10
11 38 10
11 41 -8
11 56 9
11 39 5
11 12 -8
11 35 -2
11 70 2
11 37 10
11 19 -6
11 29 4
11 50 4
11 66 -7
11 47 -8
11 40 5
11 72 4
11 43 -9
11 25 -10
11 32 -3
11 27 -5
11 64 10
11 74 1
11 44 7
11 73 8
11 54 6
11 69 7
11 30 -4
11 21 -7
11 15 -9
11 20 -6
11 53 -9
11 36 1
11 16 2
11 63 3
12 41 -5
12 24 9
12 69 -10
12 19 -2
12 20 -8
12 42 -5
12 70 -6
12 43 2
12 72 8
12 47 10
12 25 -3
12 51 -3
12 37 7
12 63 -6
12 40 10
12 65 1
12 16 10
12 29 -4
12 14 6
12 22 0
12 74 5
12 52 3
12 36 0
12 45 -10
12 60 0
12 75 -10
12 56 -6
12 17 1
13 73 -10
13 50 -1
13 29 4
13 56 -9
13 38 6
13 69 -9
13 67 -4
13 55 3
13 21 -8
13 26 -6
13 75 0
13 39 7
13 43 -3
13 27 1
13 48 2
13 34 9
13 54 2
13 33 -1
13 66 2
13 51 -8
13 24 -1
13 71 5
13 42 9
13 61 8
13 60 2
13 59 3
13 35 8
13 31 -10
13 20 10
13 28 -3
13 18 -10
14 68 -7
14 20 -9
14 74 -7
14 38 4
14 16 -10
14 34 -10
14 49 -1
14 69 7
14 19 10
14 40 -6
14 57 10
14 35 2
14 42 0
14 41 -8
14 18 1
14 48 -2
14 43 -3
14 24 -7
14 66 -1
14 47 6
14 53 -3
14 75 -9
14 44 6
14 61 -2
14 67 -9
14 27 -4
14 39 -7
15 32 9
15 36 8
15 34 -9
15 38 9
15 59 1
15 44 10
15 65 -8
15 74 -10
15 61 -9
15 57 0
15 48 -6
15 33 -3
15 37 -8
15 68 -2
15 47 2
15 24 -7
15 16 -5
15 20 -5
15 35 10
15 40 1
15 26 -5
15 51 -9
15 73 -5
15 17 8
15 43 5
15 49 -3
15 30 9
15 22 1
15 45 -10
15 67 2
15 42 8
16 62 6
16 63 -10
16 34 -6
16 19 1
16 25 -1
16 65 -9
16 41 -5
16 57 3
16 18 1
16 43 -10
16 72 -1
16 46 -8
16 35 -7
16 75 -7
16 66 1
16 61 8
16 59 -8
16 49 -4
16 27 3
16 28 1
16 29 2
16 47 -7
16 51 0
16 74 -4
16 38 -10
17 60 -10
17 61 7
17 68 -10
17 20 0
17 54 -10
17 75 10
17 19 -3
17 55 -9
17 35 2
17 52 6
17 22 1
17 28 -5
17 65 -4
17 37 3
17 26 2
17 38 6
17 42 -7
17 21 1
17 30 -5
17 34 9
17 46 9
17 36 7
17 41 3
17 18 -5
17 63 -5
17 70 0
17 64 5
17 47 -5
17 74 -9
17 31 1
17 32 2
17 58 -1
17 73 -4
17 51 -9
18 50 8
18 43 3
18 41 -7
18 35 -7
18 20 0
18 64 3
18 26 -6
18 29 -10
18 22 10
18 33 -8
18 39 3
18 68 5
18 74 -5
18 45 2
18 61 -6
18 30 -1
18 48 7
18 42 6
18 54 1
18 27 -1
18 72 -4
18 75 4
18 31 -10
18 23 2
18 28 2
18 53 -1
18 69 -8
18 55 2
18 65 -9
18 60 -2
19 41 -5
19 75 -8
19 30 -4
19 48 -7
19 54 -10
19 21 -7
19 68 8
19 64 5
19 74 1
19 52 -6
19 26 6
19 38 0
19 39 -9
19 35 3
19 43 -6
19 24 4
19 33 -2
19 69 4
19 73 -3
19 61 8
19 28 5
19 20 -1
19 25 -10
19 66 8
19 34 -6
19 58 1
19 65 -5
19 32 0
19 42 -9
19 53 6
19 50 3
19 55 -10
19 70 6
19 47 -4
19 29 -8
19 57 4
20 44 -7
20 65 -8
20 75 -9
20 33 4
20 60 -6
20 38 -7
20 58 9
20 68 -4
20 64 7
20 62 -7
20 27 -1
20 72 1
20 32 8
20 40 -1
20 39 -2
20 70 4
20 48 -8
20 69 5
20 47 -8
20 54 -4
20 25 -3
20 49 4
20 52 -10
20 31 10
20 36 4
20 53 -5
21 46 3
21 24 1
21 53 -5
21 72 6
21 75 10
21 57 -3
21 69 -5
21 30 10
21 74 8
21 37 -7
21 25 -4
21 26 5
21 32 10
21 28 -1
21 60 2
21 34 -5
21 22 5
21 36 -10
21 23 -1
21 51 5
21 45 -1
21 44 -2
22 72 -9
22 29 -2
22 75 9
22 24 10
22 44 6
22 59 2
22 42 6
22 35 -7
22 62 0
22 49 -3
22 31 9
22 26 -5
22 55 -2
22 28 5
22 66 -10
22 36 -4
22 64 10
22 73 8
22 25 -5
22 47 -4
22 60 -8
22 40 3
22 69 -9
23 32 6
23 52 7
23 34 -3
23 55 -8
23 66 7
23 45 1
23 53 3
23 29 -10
23 74 -10
23 33 5
23 48 5
23 60 8
23 59 -9
23 51 6
23 27 -4
23 58 -4
23 46 -8
23 50 -1
23 62 10
23 75 -6
23 26 -6
23 70 3
23 31 -10
23 61 0
23 71 0
23 25 -5
23 65 3
23 36 -10
24 53 -9
24 40 -9
24 61 9
24 27 -6
24 28 0
24 35 6
24 72 7
24 39 2
24 63 10
24 73 -2
24 37 -7
24 42 -4
24 54 -7
24 49 1
24 32 -10
24 41 -9
24 71 -6
24 34 -6
24 59 10
24 69 -9
24 29 -8
24 62 -10
24 64 -8
24 44 -10
24 68 0
24 48 4
24 75 3
24 50 -6
24 65 4
25 37 3
25 32 -8
25 66 -2
25 63 9
25 49 -6
25 62 3
25 60 10
25 47 -3
25 71 7
25 30 9
25 40 -4
25 54 -4
25 46 3
25 56 -7
25 59 3
25 29 9
25 72 -4
25 31 2
25 43 9
25 33 9
25 36 -10
25 74 1
26 41 9
26 62 -8
26 50 7
26 53 -6
26 36 -8
26 55 -2
26 30 4
26 69 0
26 54 -9
26 37 6
26 46 5
26 70 -7
26 56 -6
26 44 -8
26 65 3
26 71 7
26 49 2
26 47 3
26 48 4
26 28 5
26 38 -4
26 29 5
26 66 -8
26 64 10
26 52 4
26 45 -7
26 59 9
27 50 9
27 61 10
27 72 6
27 40 -5
27 65 5
27 66 1
27 68 -10
27 71 -6
27 64 -1
27 56 8
27 31 -4
27 33 1
27 63 2
27 36 4
27 43 -10
27 55 -1
27 70 -3
27 45 9
27 49 0
27 48 8
27 29 10
28 69 4
28 49 9
28 53 -8
28 68 1
28 39 -5
28 45 -9
28 74 -8
28 52 -7
28 48 -5
28 72 -2
28 51 -6
28 34 -9
28 30 3
28 37 10
28 44 4
28 57 3
29 63 0
29 37 5
29 50 7
29 38 3
29 45 0
29 34 2
29 47 -6
29 35 6
29 61 -3
29 55 0
29 59 0
29 33 0
29 69 6
29 57 10
29 53 -1
29 49 8
29 73 8
29 74 -1
29 32 -10
29 40 -9
29 36 6
30 32 7
30 54 9
30 49 -1
30 65 -4
30 66 -8
30 43 -1
30 50 2
30 53 5
30 31 -7
30 60 3
30 40 9
30 41 -4
30 56 -4
30 57 -5
30 58 9
30 52 10
30 61 -7
30 63 1
30 71 -10
30 72 -10
30 44 -5
30 34 0
30 38 6
31 37 -9
31 65 3
31 50 10
31 64 -4
31 73 -9
31 45 5
31 55 -7
31 46 9
31 43 -3
31 75 7
31 70 -3
31 61 2
31 44 9
31 32 -1
31 40 6
31 67 7
31 47 -8
31 74 -6
31 42 -1
31 63 4
32 47 -10
32 49 8
32 58 -9
32 60 0
32 59 -10
32 64 2
32 48 -6
32 36 -9
32 50 -1
32 38 0
32 66 9
32 46 7
32 42 5
32 41 8
32 74 -4
32 33 -10
32 65 9
33 50 -2
33 48 10
33 34 6
33 56 2
33 41 -8
33 54 -1
33 62 4
33 69 0
33 66 3
33 39 -1
33 63 -2
33 68 10
33 37 -9
33 71 -8
33 65 -5
33 40 -3
33 49 -7
34 58 6
34 40 9
34 51 2
34 75 6
34 68 -5
34 52 8
34 56 5
34 37 -8
34 35 -7
34 70 -7
34 57 -10
34 59 -3
34 50 3
34 63 5
34 53 -6
34 46 3
34 54 -4
34 66 -1
34 61 1
34 60 2
34 73 -10
34 39 8
35 61 -10
35 60 -1
35 49 -8
35 63 -5
35 70 -9
35 50 -4
35 72 -9
35 51 -6
35 73 -8
35 71 -7
35 52 6
35 75 -6
35 41 9
35 55 -8
35 46 10
35 74 -6
35 36 -3
35 40 -7
35 37 1
35 38 6
35 48 6
35 58 8
36 49 6
36 42 -7
36 50 10
36 44 5
36 74 -2
36 41 8
36 37 5
36 63 -7
36 53 -1
36 57 6
36 69 -7
36 38 3
36 58 -10
36 51 2
36 55 2
36 65 -1
36 75 -10
36 40 6
36 73 3
37 61 -4
37 70 1
37 50 8
37 71 2
37 48 1
37 42 -5
37 40 10
37 52 3
37 69 -10
37 44 4
37 55 -8
37 72 -3
37 75 10
37 68 7
37 63 4
37 51 -10
37 73 -7
37 43 9
38 68 -8
38 74 -6
38 59 9
38 53 10
38 48 10
38 73 0
38 44 10
38 67 5
38 43 -5
38 56 8
38 69 -6
38 51 2
38 41 -5
38 57 -10
38 49 -2
38 46 8
38 66 -1
38 47 -5
38 60 -9
38 40 -9
38 70 -1
38 52 -1
39 73 -9
39 72 -3
39 70 -6
39 71 -8
39 41 5
39 68 9
39 59 4
39 50 10
39 61 -1
39 47 -6
39 51 1
39 63 -9
39 43 7
39 42 8
39 40 6
39 75 -3
39 45 -2
40 52 -6
40 53 -7
40 57 -1
40 63 -1
40 74 -5
40 51 9
40 75 -9
40 54 4
40 61 -7
40 66 3
40 43 -7
40 59 5
40 62 8
40 44 2
40 42 6
40 69 4
41 47 -2
41 58 -7
41 53 0
41 44 -6
41 62 9
41 57 8
41 72 10
41 64 -5
41 75 4
41 55 -1
41 71 -6
41 49 7
41 73 5
42 62 7
42 49 10
42 57 -10
42 47 10
42 67 7
42 72 9
42 61 -6
42 44 7
42 70 1
42 54 0
42 56 -3
42 65 -9
42 71 1
42 53 10
42 51 10
42 60 4
42 46 -10
42 69 -9
43 47 -10
43 68 0
43 50 -4
43 71 1
43 65 3
43 53 8
43 62 7
43 58 -3
43 60 -9
43 56 6
43 61 -9
43 75 2
43 49 -2
43 55 -3
43 52 0
43 69 8
43 67 -1
44 68 -7
44 74 4
44 61 8
44 63 10
44 49 -8
44 45 10
44 48 0
44 69 -6
44 73 -9
44 64 6
44 52 -2
44 62 -3
45 70 -10
45 58 3
45 48 -9
45 59 -5
45 50 0
45 49 -2
45 61 10
45 64 10
45 52 2
45 73 2
45 63 9
45 56 7
45 55 0
45 62 0
45 57 10
45 67 -10
45 60 0
45 69 7
46 70 -6
46 53 -3
46 55 8
46 72 6
46 47 4
46 48 2
46 71 -8
46 52 -3
46 65 8
46 62 10
46 67 0
46 60 -8
46 51 10
46 50 8
47 52 -5
47 75 -4
47 66 -4
47 63 2
47 58 -6
47 68 -5
47 64 -4
47 73 2
47 62 -5
47 74 -10
47 71 -2
47 67 7
47 69 6
47 57 -6
47 53 -2
48 72 -8
48 75 -10
48 66 5
48 71 -7
48 62 3
48 64 7
48 50 -1
48 61 6
48 51 -10
48 57 4
48 74 -7
48 70 6
48 54 -6
48 60 10
48 53 -3
48 52 -8
49 60 6
49 71 -3
49 61 8
49 75 -7
49 64 -1
49 55 -10
49 70 4
49 67 4
49 57 -8
49 58 -9
49 65 8
49 73 6
49 63 10
50 71 10
50 75 0
50 70 -1
50 72 -5
50 73 -6
50 51 -9
50 54 -6
50 74 -1
50 64 -3
50 63 8
51 64 10
51 70 9
51 72 -8
51 66 0
51 73 8
51 60 -1
51 62 6
51 53 -9
52 73 -9
52 63 -6
52 64 -1
52 75 7
52 57 2
52 58 9
52 55 9
52 53 -4
52 60 -5
52 59 8
52 62 -5
52 70 9
53 58 8
53 70 -7
53 74 6
53 71 -6
53 72 -10
53 65 -3
53 68 -4
53 62 7
53 55 7
53 54 8
53 73 0
53 60 -5
53 69 3
53 66 -9
53 75 2
54 71 2
54 57 -5
54 63 8
54 60 -2
54 75 -8
54 72 8
54 65 -7
54 59 0
54 55 -6
54 56 -7
55 60 -2
55 69 -5
55 57 8
55 66 -8
55 65 3
55 63 9
55 68 -4
55 70 -5
55 56 -9
55 73 -8
55 71 -4
55 61 6
55 75 6
56 72 8
56 70 -2
56 67 9
56 57 -5
56 63 6
56 60 -3
56 75 -5
56 74 -3
56 64 -10
56 65 4
56 68 9
56 73 4
57 69 -5
57 62 2
57 73 -5
57 68 2
57 74 -7
57 61 9
57 71 -6
57 59 -2
57 60 6
57 63 6
57 72 -5
57 66 -3
57 67 5
57 70 0
57 75 1
58 65 3
58 72 -2
58 60 5
58 70 -9
58 62 -8
58 61 7
58 75 9
58 73 -8
58 69 -3
58 64 -7
58 67 4
58 74 5
59 61 6
59 72 1
59 66 -6
59 71 -2
59 69 9
59 67 7
59 75 -3
59 63 7
59 68 10
59 70 1
60 61 -1
60 67 9
60 63 -6
60 65 3
60 73 -7
60 74 -1
60 75 -1
60 69 -5
60 62 -1
61 70 5
61 62 6
61 65 -4
61 68 10
61 64 -8
61 75 4
61 67 4
61 71 10
62 65 -8
62 63 -1
62 69 -7
62 74 8
62 71 7
62 67 -9
62 75 8
63 72 9
63 64 -7
63 68 -10
63 74 4
63 69 3
64 71 -1
64 73 1
64 74 -5
64 75 2
64 69 1
65 75 -8
65 67 -9
65 66 -4
65 73 -3
65 72 -1
66 71 -8
66 74 10
66 68 2
66 70 7
67 73 1
67 72 -2
67 68 6
67 75 1
68 75 0
68 69 -6
68 70 -10
68 72 -3
68 74 8
68 71 -6
69 72 -1
69 71 8
70 74 7
71 73 2
72 73 -8
72 74 -6
74 75 -1
