75 1388 
1 38 -3
1 70 -3
1 30 -8
1 62 -7
1 45 6
1 44 8
1 21 4
1 60 6
1 59 6
1 43 5
1 34 3
1 10 4
1 4 -7
1 20 2
1 24 3
1 36 -8
1 29 -5
1 75 -4
1 28 7
1 32 7
1 40 -2
1 22 8
1 5 -5
1 66 -6
1 41 -10
1 9 10
1 74 1
1 67 10
1 72 -6
1 23 -3
1 31 -6
1 65 8
1 33 1
1 13 9
1 46 -3
1 27 5
1 15 -7
1 52 -2
1 54 3
1 73 7
1 6 -1
2 30 -9
2 24 4
2 50 8
2 36 -3
2 31 -7
2 55 2
2 41 -8
2 6 10
2 34 -5
2 66 -1
2 26 -8
2 17 7
2 3 0
2 45 4
2 57 -10
2 60 9
2 27 -6
2 71 9
2 11 1
2 37 6
2 59 0
2 8 -5
2 54 2
2 10 9
2 33 -1
2 40 3
2 46 8
2 14 6
3 44 6
3 10 -7
3 8 1
3 14 8
3 15 7
3 61 -8
3 25 3
3 32 -3
3 57 8
3 50 -3
3 6 -3
3 17 1
3 18 9
3 34 -5
3 35 -5
3 52 -8
3 59 -4
3 23 3
3 11 -4
3 49 9
3 28 -6
3 54 -9
3 33 -2
3 7 7
3 51 8
3 47 -9
3 66 7
3 72 1
3 37 -8
3 29 7
3 20 8
3 73 3
4 43 0
4 31 8
4 14 4
4 13 -1
4 28 5
4 58 7
4 65 10
4 74 -5
4 49 6
4 52 2
4 75 -8
4 6 9
4 21 8
4 27 9
4 32 -7
4 42 8
4 71 3
4 45 -6
4 23 -6
4 25 -9
4 53 -8
4 72 -5
4 12 -1
4 55 -7
4 34 4
4 73 1
4 56 4
4 64 -3
4 18 -7
4 66 1
4 10 2
4 37 -1
4 33 9
4 57 -1
4 47 7
4 51 -2
5 20 -9
5 73 3
5 47 3
5 10 3
5 74 3
5 15 -2
5 43 5
5 53 -2
5 12 3
5 56 3
5 51 -1
5 62 5
5 6 0
5 65 -10
5 22 -6
5 16 0
5 23 10
5 34 -8
5 50 8
5 48 -1
5 61 -1
5 60 9
5 31 5
5 36 3
5 75 -6
5 46 3
5 9 0
5 72 6
5 70 -2
5 63 4
5 24 -10
5 66 0
5 8 -1
5 45 2
6 12 -8
6 35 2
6 33 9
6 19 -2
6 56 1
6 64 -2
6 11 6
6 38 8
6 62 -9
6 71 -2
6 7 5
6 16 3
6 60 10
6 55 -1
6 37 8
6 52 6
6 75 6
6 29 -8
6 68 -4
6 14 -1
6 53 9
6 42 -2
6 20 2
6 48 2
6 26 8
6 59 -9
6 28 -2
6 17 9
6 44 3
6 22 7
6 65 0
6 61 2
6 25 -8
6 18 -2
7 65 7
7 38 -7
7 49 -2
7 56 7
7 40 6
7 42 7
7 72 6
7 14 9
7 33 -5
7 20 -2
7 34 0
7 8 6
7 47 -7
7 11 -9
7 41 10
7 71 7
7 73 6
7 69 -5
7 64 -8
7 10 -3
7 52 -2
7 45 9
7 46 9
7 63 -6
7 48 0
7 53 -2
7 74 -10
7 31 8
8 16 -4
8 54 1
8 51 9
8 17 -4
8 53 9
8 37 10
8 30 0
8 29 -9
8 73 -10
8 19 -2
8 67 9
8 61 2
8 10 -10
8 33 8
8 42 0
8 21 -8
8 69 -4
8 27 -6
8 66 6
8 57 5
8 56 9
8 52 -7
8 64 -2
8 68 9
8 59 2
8 50 3
8 18 0
8 20 1
8 65 5
8 31 -8
8 45 -9
8 35 9
8 24 8
8 55 -2
9 46 -6
9 20 5
9 35 1
9 55 -7
9 47 9
9 70 0
9 71 -2
9 16 10
9 19 -9
9 43 -3
9 29 -9
9 36 2
9 62 5
9 59 -8
9 12 4
9 57 -9
9 15 -5
9 58 7
9 67 -3
9 37 10
9 54 -3
9 32 5
9 34 7
9 13 3
9 18 -5
9 60 4
9 74 8
9 39 -4
9 33 -1
9 72 4
9 64 9
9 11 -10
9 42 8
9 73 -1
9 21 -6
9 65 1
9 50 5
9 69 -4
10 12 -3
10 24 10
10 39 -9
10 38 6
10 28 -7
10 18 -7
10 65 3
10 42 4
10 75 5
10 31 -2
10 15 -9
10 29 -3
10 33 -6
10 19 -6
10 67 3
10 71 -1
10 16 2
10 23 -10
10 73 7
10 46 2
10 35 6
10 64 10
10 45 0
10 55 -10
10 34 7
10 44 -1
10 57 5
10 62 -3
10 48 2
10 63 -10
10 30 -10
11 51 -2
11 12 -7
11 22 3
11 23 -8
11 38 4
11 74 -1
11 37 5
11 44 3
11 69 -7
11 36 0
11 24 -10
11 70 2
11 25 3
11 15 -3
11 35 1
11 16 -9
11 21 10
11 42 -5
11 33 3
11 63 3
11 39 5
11 46 -10
11 19 7
11 66 -6
11 28 -2
11 57 9
11 65 5
11 26 5
11 50 4
11 45 1
11 71 3
11 30 -8
11 55 6
11 29 -7
11 53 -3
11 43 -8
12 55 -3
12 28 10
12 19 -10
12 74 3
12 68 10
12 62 6
12 46 -5
12 69 7
12 57 0
12 21 3
12 72 9
12 37 -6
12 75 -3
12 73 0
12 70 -2
12 43 6
12 56 6
12 36 -7
12 18 -9
12 64 7
12 39 4
12 34 3
12 17 7
12 20 4
12 32 9
12 49 -8
12 29 -10
12 53 1
12 42 10
12 27 6
12 33 -7
12 71 5
12 51 -6
12 24 -7
13 26 2
13 72 0
13 48 0
13 22 10
13 44 -1
13 19 4
13 42 9
13 60 10
13 39 10
13 51 2
13 49 0
13 20 -10
13 74 -2
13 30 -8
13 32 3
13 21 5
13 66 5
13 37 3
13 34 3
13 53 -5
13 24 1
13 50 9
13 43 -5
13 58 -2
13 16 2
13 27 2
13 67 8
13 68 6
13 40 -4
13 71 -7
13 69 -6
13 29 10
14 75 -5
14 58 10
14 36 -7
14 72 1
14 55 -5
14 46 9
14 38 2
14 30 10
14 48 2
14 28 4
14 71 -10
14 18 -6
14 41 -5
14 50 -1
14 69 -1
14 27 -8
14 47 2
14 22 10
14 59 -3
14 21 -4
14 49 7
14 17 10
14 19 6
14 43 1
14 56 8
14 42 0
14 33 -1
14 45 8
14 73 3
15 26 8
15 44 2
15 68 -6
15 50 -5
15 35 -10
15 75 3
15 72 3
15 32 -1
15 73 2
15 43 4
15 34 9
15 38 10
15 45 -10
15 21 1
15 22 8
15 47 -10
15 27 -5
15 64 0
15 18 -9
15 48 3
15 37 -8
15 29 3
15 42 2
15 67 -9
15 54 -9
15 58 -2
15 28 8
15 53 -3
15 74 -5
15 57 1
15 40 3
15 62 -3
16 29 10
16 50 6
16 72 -4
16 63 7
16 44 9
16 48 5
16 53 5
16 52 1
16 42 3
16 36 6
16 41 -4
16 46 10
16 19 -10
16 30 4
16 56 -5
16 58 -7
16 62 0
16 43 -7
16 70 -6
16 26 5
16 32 -10
16 64 -8
16 22 3
16 67 4
16 27 5
16 54 -4
16 34 -2
16 61 10
16 21 -8
16 33 0
16 71 3
16 38 -10
17 24 7
17 68 -1
17 33 -2
17 52 -10
17 36 -1
17 49 5
17 34 2
17 54 7
17 72 -2
17 31 0
17 32 6
17 41 6
17 21 -1
17 43 8
17 58 -8
17 22 -4
17 65 8
17 23 -10
17 37 -2
17 74 -8
17 57 -9
17 18 -9
17 53 2
17 70 -9
17 59 -4
17 63 -5
17 67 -8
17 39 -3
17 60 8
17 35 -1
17 42 0
17 66 0
17 51 3
17 50 5
18 53 8
18 44 -4
18 34 4
18 21 -6
18 46 10
18 58 6
18 71 10
18 68 0
18 57 10
18 47 -5
18 59 2
18 37 4
18 73 6
18 50 9
18 55 0
18 63 -7
18 24 5
18 39 4
18 56 10
18 26 -2
18 25 -9
18 31 -7
18 28 -7
18 36 2
18 29 -6
18 43 5
18 49 -10
18 51 -7
18 33 -4
18 40 5
19 55 -4
19 67 7
19 45 6
19 52 8
19 30 3
19 56 10
19 38 9
19 24 7
19 33 7
19 66 9
19 40 -9
19 32 -10
19 41 -2
19 59 -9
19 51 -8
19 71 -5
19 22 0
19 64 -2
19 65 5
19 75 10
19 23 5
19 74 2
19 44 3
19 68 5
19 54 -5
19 60 -10
20 60 -1
20 31 -8
20 40 3
20 41 -5
20 56 4
20 21 -2
20 54 1
20 73 0
20 42 -9
20 43 -9
20 75 4
20 72 3
20 23 -9
20 29 -7
20 53 6
20 37 5
20 65 3
20 58 9
20 22 7
20 57 -10
20 24 10
20 34 9
20 59 2
20 51 8
20 68 10
20 38 4
20 69 4
20 33 7
20 39 -8
20 45 2
20 26 -9
20 70 2
20 47 -4
20 67 1
21 60 -10
21 31 -5
21 30 10
21 45 -1
21 49 2
21 44 -4
21 37 8
21 66 2
21 72 -10
21 40 5
21 56 -8
21 61 1
21 57 5
21 74 -8
21 65 -3
21 28 8
21 36 4
21 52 9
22 26 -4
22 68 -7
22 25 8
22 43 -3
22 75 -9
22 60 -1
22 54 10
22 28 -4
22 23 -9
22 59 0
22 45 -1
22 50 8
22 63 -7
22 58 9
22 51 -9
22 47 0
22 65 -5
22 64 10
22 48 4
22 32 5
22 67 3
22 74 8
22 38 -10
22 73 7
22 33 1
22 52 -6
22 56 -5
22 49 -8
23 26 -9
23 64 -6
23 62 -4
23 51 0
23 68 -3
23 63 -9
23 59 -7
23 49 -4
23 65 -10
23 30 8
23 34 2
23 43 4
23 56 -10
23 27 -9
23 69 4
23 38 -6
23 46 4
23 28 -5
23 67 10
23 58 -2
23 66 -7
23 75 -3
23 39 -5
23 54 -2
23 57 -8
23 36 -2
23 72 -6
23 35 -4
23 70 4
23 55 5
23 50 4
24 47 10
24 26 9
24 63 2
24 69 -8
24 71 6
24 43 -2
24 32 3
24 57 3
24 39 4
24 56 -10
24 75 6
24 60 8
24 45 5
24 54 0
24 51 0
24 53 8
24 38 -9
24 66 8
24 37 -4
24 72 5
24 30 -10
24 62 0
24 33 -5
24 28 6
25 74 -6
25 42 1
25 26 -2
25 39 -4
25 40 -4
25 71 -6
25 38 7
25 30 -5
25 68 2
25 62 9
25 32 -2
25 60 3
25 46 1
25 34 4
25 72 -3
25 45 -6
25 47 -10
25 28 8
25 29 10
25 67 7
25 43 3
25 54 3
25 50 2
25 59 9
26 37 2
26 56 -9
26 68 6
26 61 -1
26 51 3
26 70 5
26 55 -4
26 30 8
26 43 6
26 49 -2
26 62 -8
26 45 -7
26 63 9
26 33 -2
26 59 -1
26 42 -8
26 32 4
26 53 0
26 46 -10
26 69 2
26 44 1
26 29 7
26 72 6
27 41 0
27 59 3
27 63 -1
27 72 -1
27 49 10
27 38 -7
27 68 -10
27 40 0
27 73 -8
27 32 -5
27 46 -4
27 29 -10
27 54 5
27 66 2
27 61 -5
27 56 -4
27 75 4
27 36 -3
27 58 -4
27 69 8
27 47 -5
27 57 -5
27 43 -3
27 74 9
28 42 -2
28 38 2
28 33 6
28 62 4
28 72 6
28 36 -7
28 34 -10
28 75 -3
28 40 5
28 64 4
28 45 -5
28 74 -8
28 46 -8
28 31 -6
28 73 5
28 49 -3
28 52 4
28 71 8
28 70 1
28 65 -9
28 59 -9
29 74 -1
29 67 -10
29 56 -4
29 66 5
29 31 -4
29 75 -4
29 57 -5
29 71 10
29 40 0
29 68 2
29 50 2
29 36 8
29 55 0
29 30 3
29 65 -3
29 72 1
29 39 1
29 59 4
30 60 3
30 41 -6
30 69 1
30 62 4
30 38 -8
30 66 8
30 39 10
30 67 -1
30 31 9
30 46 -9
30 55 -4
30 32 7
30 75 -3
30 37 -7
30 33 -1
30 40 10
30 73 10
30 71 -9
30 45 -5
30 53 5
30 65 -7
30 35 -10
30 42 -3
30 54 -5
30 50 -1
30 56 10
30 64 -6
30 47 3
30 68 5
30 70 4
30 57 0
30 43 -1
31 63 -7
31 66 0
31 67 -9
31 36 10
31 61 0
31 53 -6
31 45 9
31 38 -9
31 55 -1
31 44 3
31 33 1
31 42 10
31 72 5
31 57 -5
31 73 6
31 43 -6
31 32 -4
31 74 5
31 60 -9
32 40 2
32 59 -2
32 46 3
32 50 -3
32 39 9
32 52 3
32 62 -2
32 47 2
32 56 -8
32 36 4
32 63 -3
32 45 -6
32 65 -3
32 37 -4
32 34 6
32 51 6
32 44 -2
32 49 9
32 61 -4
32 74 -6
32 64 -3
32 70 -7
32 72 1
33 38 6
33 75 0
33 39 -4
33 67 1
33 41 9
33 40 -6
33 55 0
33 52 8
33 49 -8
33 56 -5
33 65 -4
33 61 -2
33 60 10
33 50 0
33 74 -4
33 73 -8
34 44 2
34 72 -2
34 58 -3
34 54 -7
34 45 8
34 52 3
34 71 9
34 47 7
34 48 -9
34 57 4
34 42 7
34 67 7
34 64 -3
34 73 -3
34 75 2
34 61 -3
34 65 1
34 51 0
34 63 -2
35 43 -6
35 58 0
35 64 4
35 67 -4
35 62 -9
35 72 0
35 63 -8
35 41 10
35 39 6
35 46 -6
35 66 7
35 61 5
35 68 7
35 60 -10
35 40 -5
35 71 -9
35 73 -7
35 49 -3
35 42 10
35 54 -9
35 59 -3
36 46 5
36 70 6
36 49 -10
36 58 -10
36 51 -10
36 62 -1
36 69 -4
36 45 -9
36 54 -9
36 75 1
36 74 -8
36 55 2
36 72 -4
36 44 8
37 52 -5
37 60 -3
37 49 4
37 59 4
37 66 -3
37 68 -9
37 71 -8
37 74 -4
37 61 0
37 54 1
37 39 8
37 69 1
37 43 3
37 67 -10
37 65 -4
37 47 -9
37 41 4
37 70 -7
37 40 -4
37 48 8
37 46 -4
37 51 -2
37 38 -4
38 59 -1
38 43 10
38 47 -5
38 44 7
38 52 4
38 56 9
38 72 7
38 50 3
38 75 5
38 48 -3
38 49 3
38 57 -9
38 60 -7
38 45 5
38 39 -8
38 68 -5
38 42 2
38 61 8
38 65 -8
38 41 -4
38 67 1
38 46 -3
38 51 4
38 62 1
38 64 8
38 74 3
39 57 1
39 73 2
39 68 7
39 52 -6
39 48 1
39 70 3
39 63 -3
39 44 -7
39 55 -4
39 61 -6
39 54 -10
39 46 1
39 64 -5
39 65 5
39 59 2
39 60 0
39 56 5
39 75 0
40 73 0
40 57 4
40 68 -3
40 46 -10
40 64 -1
40 72 -1
40 69 1
40 60 10
40 41 -4
40 51 0
40 49 8
40 75 -5
40 44 9
40 53 -4
40 43 -2
40 45 2
40 55 -3
40 71 1
40 63 8
40 58 2
40 54 -10
40 59 -9
40 47 3
40 67 0
41 75 -6
41 68 -8
41 69 6
41 52 10
41 43 -9
41 53 1
41 44 10
41 46 4
41 62 6
41 47 0
41 73 -10
41 61 -2
41 65 -6
41 60 -4
41 67 -7
41 63 8
42 63 -4
42 71 -6
42 43 -3
42 46 10
42 54 -2
42 64 2
42 50 1
42 55 6
42 73 1
42 72 -8
42 44 0
42 68 3
42 74 7
42 65 4
42 58 -1
42 67 8
42 52 2
42 61 -6
42 62 1
43 67 2
43 54 -1
43 59 -3
43 51 1
43 62 -9
43 66 9
43 44 -1
43 52 -2
43 68 -2
43 73 6
43 48 7
43 71 6
43 50 -5
43 74 -8
43 56 -5
43 61 -3
43 64 10
43 69 6
44 46 -8
44 52 4
44 48 6
44 57 -10
44 47 6
44 63 -10
44 67 -1
44 71 0
44 49 9
44 68 -10
44 75 -4
44 55 -7
44 65 1
44 59 6
44 72 -4
44 60 7
45 67 -4
45 66 4
45 53 10
45 50 6
45 57 -5
45 56 8
45 73 7
45 69 9
45 62 3
45 74 7
45 72 1
45 70 -8
45 64 -8
45 55 -9
45 61 3
46 71 -9
46 49 -9
46 54 6
46 69 2
46 60 -1
46 61 2
46 62 3
46 70 -10
46 67 0
46 72 10
46 58 -4
46 75 -1
46 52 -1
47 62 -8
47 64 -6
47 61 2
47 71 6
47 65 9
47 66 -9
47 58 -10
47 55 -10
47 75 -2
47 51 2
47 60 -6
47 70 5
47 57 -9
48 67 2
48 74 4
48 49 -6
48 66 5
48 57 -6
48 52 1
48 61 3
48 62 -10
48 58 5
48 59 0
48 55 8
48 70 4
48 75 6
49 74 -5
49 52 -3
49 58 2
49 66 4
49 56 8
49 62 9
49 67 10
49 60 -9
49 72 -1
49 69 -2
49 53 5
49 57 -4
49 70 -1
49 68 2
50 53 -4
50 54 -3
50 68 -9
50 57 -2
50 75 -10
50 51 2
50 72 6
50 67 4
50 63 -6
50 73 3
50 71 2
51 66 -9
51 63 -8
51 61 -2
51 70 -10
51 55 -3
51 58 -10
51 73 8
51 52 0
51 62 -3
52 56 -8
52 68 -3
52 72 6
52 74 3
52 70 8
52 75 -2
52 61 -8
52 71 8
52 73 8
52 67 -6
52 55 0
52 60 -5
52 69 -10
53 73 -6
53 71 -4
53 54 2
53 64 7
53 72 9
53 59 9
53 62 6
53 63 4
53 74 -4
53 69 -4
53 68 -4
53 60 6
53 70 5
54 65 -5
54 75 5
54 57 1
54 72 -6
54 66 5
55 59 -6
55 65 7
55 60 0
55 74 7
55 69 2
55 61 -4
55 72 -3
55 68 -1
55 66 1
55 70 -10
55 64 2
56 57 -9
56 68 -10
56 60 -8
56 71 -9
56 59 -9
56 64 -2
56 65 9
56 74 -7
56 67 4
56 63 -5
56 69 3
57 60 -5
57 63 6
57 58 1
57 75 2
57 69 10
57 71 6
57 74 7
58 63 -9
58 61 -9
58 73 -1
58 62 9
58 69 -3
58 60 5
58 67 10
58 66 4
58 74 -9
58 75 5
59 75 9
59 62 -10
59 72 7
59 70 -8
59 63 6
59 69 6
59 68 -1
59 61 7
60 66 3
60 69 6
60 67 0
60 75 -3
60 70 -9
61 64 -6
61 72 -5
61 71 -7
61 68 -1
61 67 10
61 74 8
61 62 6
62 73 -4
62 66 -1
62 72 -5
62 69 2
62 67 4
62 75 7
62 70 -6
62 74 7
63 66 -10
63 74 -10
63 67 8
63 73 0
63 70 4
63 64 -8
64 66 -5
64 68 -10
64 69 4
65 67 -1
65 69 -9
65 71 2
65 75 8
65 68 8
66 75 5
66 72 -7
66 74 -2
67 75 10
67 69 8
67 70 -8
67 68 -3
68 72 10
68 69 -7
68 73 10
69 74 10
69 72 6
69 71 2
69 70 -7
69 73 1
70 72 -3
70 73 -5
71 74 -1
