75 1388 
1 20 8
1 71 -7
1 36 6
1 37 3
1 61 8
1 2 -4
1 9 -3
1 45 -2
1 22 3
1 74 -10
1 15 1
1 5 1
1 53 1
1 21 -3
1 67 6
1 30 -5
1 44 -6
1 57 -2
1 12 -8
1 58 -4
1 56 -6
1 43 -3
1 32 -6
1 54 -5
1 8 -6
1 16 -7
1 70 -6
1 66 -2
1 11 -7
1 52 4
1 55 8
1 28 -4
1 75 -1
1 38 3
1 24 -10
1 49 1
2 43 9
2 59 -5
2 26 -9
2 72 8
2 35 -7
2 15 -8
2 6 -8
2 10 -3
2 60 -3
2 12 0
2 61 6
2 57 -3
2 25 -3
2 37 0
2 63 -9
2 31 8
2 47 -1
2 58 2
2 42 3
2 62 5
2 39 -2
2 53 -1
2 21 -10
2 75 7
2 71 -8
2 51 -8
2 7 10
2 23 -1
2 8 -7
2 50 -5
2 67 8
2 30 9
2 5 -1
2 48 -8
3 30 -10
3 38 -7
3 11 9
3 55 -1
3 13 0
3 63 -6
3 23 3
3 47 4
3 37 -10
3 15 -5
3 16 8
3 17 -3
3 8 5
3 25 -9
3 18 -4
3 59 -3
3 22 -1
3 33 -4
3 35 10
3 40 -2
3 75 4
3 28 3
3 12 -10
3 4 4
3 71 -5
3 56 -7
3 54 2
3 19 4
3 41 9
4 46 -8
4 8 7
4 10 3
4 48 -5
4 53 -9
4 23 -2
4 51 8
4 22 6
4 36 -8
4 59 0
4 58 5
4 7 3
4 57 2
4 75 0
4 38 10
4 16 -3
4 30 5
4 70 -2
4 34 -5
4 54 1
4 65 5
4 29 6
4 18 9
4 74 -2
4 44 1
4 52 -2
4 40 -8
4 21 -7
4 61 2
4 62 3
4 45 0
4 73 -1
5 29 9
5 50 -9
5 11 9
5 56 -8
5 52 9
5 6 10
5 47 -9
5 32 2
5 63 0
5 72 5
5 67 7
5 61 9
5 20 1
5 62 0
5 54 10
5 38 3
5 31 9
5 49 7
5 58 9
5 16 -10
5 9 -3
5 70 9
5 22 -10
5 71 6
5 39 5
5 27 3
5 14 -8
5 36 -7
5 12 10
5 43 0
5 24 4
5 25 2
5 8 7
5 51 8
6 18 -8
6 12 -8
6 51 3
6 53 -9
6 61 1
6 34 -6
6 65 0
6 24 -9
6 56 -8
6 25 4
6 42 -5
6 64 -2
6 15 2
6 32 -10
6 75 7
6 8 5
6 57 8
6 60 -10
6 14 5
6 68 10
6 58 -4
6 55 2
6 38 1
6 59 10
6 11 3
6 44 0
6 48 10
6 17 9
6 36 7
6 72 3
6 21 -10
6 13 -6
6 62 -1
6 50 -7
6 22 1
6 43 3
6 7 9
6 10 3
6 71 4
6 35 0
7 29 -2
7 12 4
7 33 -10
7 46 3
7 54 -5
7 38 -1
7 27 1
7 61 -9
7 15 2
7 39 -1
7 70 -10
7 28 -5
7 52 6
7 59 8
7 24 -8
7 34 -7
7 66 -1
7 37 7
7 32 -6
7 53 9
7 51 -10
7 62 -5
7 57 -9
7 42 8
7 68 -7
7 35 6
7 22 -4
8 52 8
8 50 8
8 69 -4
8 73 -1
8 57 -7
8 35 4
8 46 -10
8 72 9
8 24 10
8 75 10
8 14 5
8 44 6
8 37 10
8 27 6
8 36 9
8 47 10
8 22 3
8 51 -4
8 26 -5
8 62 -8
8 63 -3
8 11 1
8 58 2
8 74 -8
8 71 7
8 59 -7
8 41 3
8 48 -2
8 9 7
9 10 -1
9 22 5
9 44 -9
9 37 -3
9 24 3
9 46 9
9 49 -6
9 50 4
9 12 7
9 68 -7
9 30 -9
9 54 -6
9 41 -1
9 63 -2
9 75 -6
9 31 0
9 53 -5
9 13 -3
9 66 3
9 25 -1
9 57 -10
9 71 -8
10 11 8
10 66 -3
10 68 0
10 75 -8
10 45 -9
10 22 8
10 38 3
10 67 9
10 55 0
10 47 -8
10 42 2
10 61 5
10 46 0
10 62 1
10 35 -3
10 33 5
10 19 -9
10 25 10
10 71 4
10 21 8
10 31 -2
10 29 2
10 72 -5
10 64 10
10 36 -10
10 20 7
10 56 -2
10 65 -6
10 40 7
10 17 -10
10 37 4
10 51 1
10 44 4
10 32 4
11 40 1
11 26 -4
11 36 2
11 12 -1
11 52 0
11 75 -7
11 47 -10
11 16 7
11 24 -5
11 18 -8
11 21 -3
11 67 5
11 61 1
11 27 -7
11 44 6
11 42 -6
11 64 -8
11 45 -9
11 70 -3
11 43 -5
11 53 -3
11 63 -3
11 35 6
11 49 -1
11 30 -1
11 71 2
11 54 10
11 29 -7
11 39 -3
11 41 -7
12 30 9
12 67 -9
12 49 0
12 22 8
12 15 5
12 17 6
12 21 10
12 34 -7
12 48 5
12 19 -9
12 68 -3
12 45 2
12 54 -6
12 51 8
12 23 8
12 53 3
12 36 4
12 33 -9
12 57 4
12 50 0
12 61 -10
12 29 2
12 24 4
12 71 -3
12 39 -6
12 20 1
12 44 -5
12 55 5
12 69 7
12 70 2
12 31 6
12 25 -10
12 13 -3
12 16 3
13 66 3
13 37 7
13 46 0
13 42 -6
13 47 -6
13 73 -3
13 54 -4
13 25 3
13 61 2
13 74 8
13 57 7
13 69 3
13 62 2
13 15 -4
13 19 2
13 51 9
13 28 -1
13 36 -8
13 60 7
13 58 -10
13 22 0
13 21 -7
13 72 -9
13 14 7
13 24 -8
13 35 -9
13 16 1
13 53 -3
13 64 -9
13 17 -1
13 44 9
13 59 0
13 26 2
13 34 0
13 20 -1
13 40 5
13 30 8
14 66 2
14 69 10
14 43 3
14 31 -5
14 27 8
14 47 -3
14 63 -1
14 25 4
14 55 6
14 74 -8
14 52 4
14 22 8
14 42 6
14 72 -3
14 37 5
14 17 -8
14 49 -4
14 48 -5
14 39 8
14 75 -8
14 24 5
14 56 -10
14 44 -6
14 51 -5
14 67 9
14 61 9
14 53 -5
15 72 4
15 55 2
15 56 -10
15 50 -9
15 30 -8
15 19 -5
15 59 8
15 18 -7
15 74 -9
15 45 -8
15 21 -7
15 54 -8
15 73 8
15 58 8
15 48 2
15 22 -1
15 52 -10
15 47 -6
15 35 -6
15 16 -8
15 61 -6
15 46 0
15 49 7
15 37 -1
15 41 -4
15 75 -3
15 44 3
15 71 1
15 70 -4
15 27 -3
15 53 -7
15 36 -2
15 64 -9
15 26 7
16 24 8
16 17 -2
16 18 -4
16 19 -4
16 40 -3
16 48 6
16 30 -9
16 33 -1
16 38 -5
16 26 -9
16 60 -3
16 73 -1
16 32 6
16 29 -7
16 42 -6
16 72 10
16 50 -4
16 55 1
16 64 -2
16 37 -1
16 61 10
16 62 0
16 23 -5
16 35 2
16 39 6
16 20 5
16 52 7
16 56 10
16 51 -1
16 70 2
17 38 -4
17 44 -5
17 40 7
17 47 7
17 41 -1
17 72 -2
17 34 5
17 36 -9
17 70 9
17 66 -7
17 63 9
17 71 5
17 39 3
17 68 0
17 48 -4
17 28 -4
17 31 -3
17 23 1
17 24 -2
17 50 -2
17 21 1
17 27 9
17 61 5
17 46 2
17 56 7
17 20 9
17 22 -2
17 51 -7
18 37 1
18 60 -6
18 47 5
18 45 -9
18 23 -2
18 63 -7
18 62 -6
18 20 0
18 71 10
18 30 -1
18 52 -5
18 39 -8
18 32 -5
18 74 6
18 50 10
18 40 -3
18 35 4
18 65 10
18 42 0
18 24 8
18 75 -3
18 54 9
18 48 5
18 21 7
19 57 9
19 52 -8
19 32 -5
19 51 -9
19 59 -6
19 31 -7
19 44 2
19 69 8
19 67 3
19 37 2
19 72 -4
19 43 8
19 40 7
19 28 1
19 61 4
19 24 -9
19 34 8
19 25 -8
19 35 -8
19 39 -2
19 30 -5
19 53 8
19 46 -8
19 75 -8
19 27 -9
19 33 -3
19 38 -1
19 21 -5
19 23 -7
20 48 4
20 54 -3
20 65 2
20 38 8
20 60 -5
20 40 6
20 68 -7
20 33 -3
20 53 -2
20 29 -7
20 36 2
20 56 5
20 73 -6
20 32 -6
20 44 5
20 74 -7
20 71 6
20 25 -3
20 50 10
20 55 8
20 46 7
20 45 5
20 43 8
20 23 -10
20 30 -9
20 64 -2
20 22 7
20 47 -5
20 39 6
20 41 -7
20 35 10
21 56 -4
21 54 10
21 66 -6
21 24 10
21 41 2
21 53 0
21 40 9
21 37 3
21 59 5
21 63 -4
21 33 -8
21 60 7
21 44 -8
21 47 4
21 65 -5
21 32 2
21 48 -10
21 22 6
21 68 -1
21 46 -6
21 61 10
21 49 2
21 45 -10
21 35 -3
21 25 10
21 71 3
21 36 6
21 58 6
22 39 -10
22 48 7
22 64 10
22 49 -6
22 31 9
22 73 -2
22 63 10
22 50 -7
22 41 -10
22 36 -1
22 57 -6
22 55 -2
22 28 6
22 45 -3
22 24 5
22 33 -4
22 66 6
22 69 -4
22 58 -1
22 23 6
22 47 3
22 37 9
22 75 0
22 34 -8
23 71 9
23 43 -10
23 58 3
23 28 -4
23 52 5
23 75 -5
23 74 -1
23 64 -3
23 47 9
23 24 7
23 37 3
23 32 6
23 34 -10
23 61 -10
23 72 -5
23 26 4
23 29 -7
23 42 1
23 67 -1
23 54 -3
23 73 -1
23 63 2
23 57 -1
23 69 -5
23 53 8
23 36 -7
23 45 -3
23 38 -10
23 59 -3
24 49 10
24 72 3
24 28 -3
24 50 4
24 51 -8
24 39 -10
24 68 10
24 42 -4
24 33 -8
24 29 2
24 43 1
24 40 3
24 25 -4
24 74 10
24 45 7
24 27 -10
24 53 7
24 57 -3
24 54 1
24 48 10
24 46 -2
24 70 -6
24 47 1
24 32 -7
24 44 -3
25 39 3
25 72 -3
25 36 -4
25 48 10
25 33 -10
25 44 -4
25 74 8
25 57 9
25 54 9
25 34 -7
25 40 -5
25 64 9
25 68 1
25 70 10
25 56 -3
25 28 -10
25 46 10
25 49 -3
25 43 -1
25 41 -7
25 37 2
25 65 -6
25 67 8
25 59 -5
25 47 0
25 26 2
25 62 5
25 75 4
25 27 -2
26 33 -1
26 53 0
26 39 1
26 72 -1
26 52 6
26 56 2
26 61 5
26 66 -3
26 30 -9
26 54 4
26 69 -3
26 75 5
26 47 7
26 49 -6
26 58 0
26 59 -7
26 63 -1
26 44 -5
26 50 -9
26 67 6
26 70 7
26 37 -6
26 46 -3
26 71 -1
26 48 -8
26 40 1
26 27 4
26 31 5
26 43 10
27 51 0
27 38 -7
27 63 -10
27 31 5
27 39 -10
27 45 7
27 59 6
27 28 5
27 49 -6
27 41 2
27 36 6
27 46 2
27 60 2
27 37 -2
27 35 6
27 73 -7
27 47 -6
27 55 8
27 50 -6
28 65 -9
28 36 9
28 58 -9
28 42 5
28 53 -1
28 62 2
28 57 8
28 68 -2
28 41 -5
28 63 -10
28 46 -6
28 74 0
28 44 3
28 73 7
28 60 -9
28 35 -4
28 31 8
28 29 -1
28 30 4
28 64 4
28 49 6
28 37 10
29 51 -9
29 46 7
29 31 -2
29 65 4
29 70 -9
29 36 10
29 48 0
29 75 3
29 66 4
29 40 -4
29 57 4
29 53 -2
29 62 7
29 63 7
29 38 -5
29 67 3
29 41 5
29 59 -10
29 61 4
29 55 -3
29 64 -7
29 44 0
29 69 -1
29 49 1
30 55 -8
30 49 5
30 32 8
30 52 0
30 67 7
30 54 10
30 62 7
30 53 7
30 46 6
30 47 9
30 37 10
30 33 -4
30 34 9
30 69 -5
30 71 -5
30 36 1
30 42 -4
30 59 5
30 56 -1
30 64 0
30 44 3
30 57 -5
30 70 6
30 74 -9
30 61 4
31 48 8
31 32 5
31 54 -10
31 51 10
31 68 0
31 66 8
31 45 7
31 58 -4
31 72 9
31 40 10
31 67 7
31 73 6
31 39 3
31 38 10
31 46 5
31 52 6
31 61 -2
31 59 -7
31 43 8
31 49 -9
31 36 3
31 50 6
31 55 3
31 47 8
31 74 3
32 73 4
32 61 -1
32 36 2
32 54 -2
32 49 -6
32 56 -3
32 55 1
32 71 0
32 47 5
32 42 -3
32 59 -6
32 45 10
32 57 6
32 68 -9
32 65 1
32 60 -2
32 50 -5
32 40 -9
32 66 6
32 33 5
32 58 10
33 54 -8
33 47 -7
33 61 -9
33 63 4
33 70 7
33 41 -10
33 46 -7
33 40 -1
33 49 6
33 58 -4
33 69 0
33 51 8
33 75 2
33 43 2
33 60 0
33 65 -2
34 60 1
34 35 -5
34 67 6
34 53 2
34 50 10
34 48 1
34 62 -10
34 69 10
34 56 -7
34 63 10
34 58 5
34 55 2
34 70 9
34 61 8
34 41 -1
34 75 -4
34 37 -10
34 42 7
34 71 6
34 47 4
34 43 -8
34 54 9
34 46 -2
34 72 -1
34 68 8
34 64 6
35 49 -4
35 40 -5
35 69 7
35 38 -8
35 57 10
35 60 6
35 64 3
35 55 -1
35 59 1
35 56 -2
35 42 -5
35 74 8
35 70 -3
35 75 -1
36 61 8
36 70 9
36 57 9
36 43 6
36 38 0
36 64 0
36 48 7
36 47 -10
36 65 4
36 46 7
36 50 -1
36 51 -8
36 69 5
36 39 5
36 44 -9
36 58 3
36 40 3
36 62 -5
36 71 -3
36 73 5
36 75 7
36 37 -1
36 63 5
36 67 6
36 66 -2
36 56 6
36 52 -5
37 51 -8
37 68 -10
37 67 -7
37 72 -10
37 71 -8
37 46 1
37 45 -1
37 44 5
37 49 0
37 75 10
37 58 8
37 41 -1
37 52 9
37 39 5
37 66 1
37 50 -3
37 53 -3
38 68 5
38 55 4
38 50 -3
38 45 -2
38 43 4
38 56 10
38 39 -1
38 47 7
38 73 8
38 53 -2
38 40 -4
38 51 9
38 58 -4
38 44 -1
38 70 10
38 49 3
38 59 -9
38 46 3
38 41 -10
38 57 10
38 71 -9
38 48 6
38 42 -10
39 43 6
39 52 0
39 68 1
39 58 -7
39 64 3
39 44 8
39 46 -1
39 71 -8
39 53 7
39 55 7
39 75 -10
39 48 -10
39 40 10
39 66 -7
39 63 1
40 70 -6
40 47 2
40 73 0
40 43 -2
40 42 2
40 59 -8
40 50 -5
40 75 8
40 45 8
40 63 10
40 67 -5
40 55 1
40 68 2
41 50 -8
41 47 0
41 56 9
41 46 3
41 69 -8
41 54 3
41 45 5
41 51 8
41 48 -1
41 73 5
41 61 5
41 75 -10
41 42 1
41 52 6
41 60 3
41 66 3
41 64 1
41 68 -4
41 63 10
41 44 5
41 59 -10
42 66 5
42 58 9
42 74 -1
42 44 5
42 65 -7
42 45 1
42 60 -3
42 71 4
42 59 -1
42 56 -10
42 67 -10
42 73 4
42 53 -4
42 46 -5
42 49 -4
42 43 5
43 73 -1
43 51 6
43 53 -4
43 72 8
43 63 9
43 49 -10
43 69 8
43 47 7
43 74 6
43 75 9
43 58 3
43 55 0
44 63 -8
44 58 5
44 64 -1
44 51 9
44 72 -6
44 61 -7
44 50 3
44 59 -4
44 45 -5
44 54 10
44 48 3
44 56 -6
44 46 4
45 74 -3
45 59 4
45 50 -4
45 53 3
45 51 -6
45 71 5
45 72 6
45 63 5
45 62 6
45 69 0
45 52 6
45 47 8
45 55 -7
45 73 3
45 67 -3
45 54 -1
46 52 -1
46 55 0
46 67 -4
46 49 4
46 48 5
46 59 -3
46 64 6
46 57 8
46 70 0
46 61 2
46 65 -8
46 72 1
46 75 -3
46 51 8
46 71 6
46 50 -1
46 54 -4
46 73 8
47 74 1
47 51 -8
47 50 6
47 73 0
47 63 7
47 49 1
47 65 -10
47 52 3
47 75 -5
47 71 -1
47 68 3
47 60 -3
47 56 4
47 48 -5
47 58 3
47 59 -8
47 72 -4
47 69 5
47 64 10
48 62 8
48 59 4
48 64 -3
48 74 -8
48 72 -8
48 51 0
48 58 -10
48 53 -8
48 75 -3
48 67 -9
48 61 0
48 63 5
48 52 8
48 50 8
48 69 -2
48 68 9
49 55 2
49 60 3
49 58 9
49 66 -8
49 75 -6
49 63 10
49 56 1
49 67 8
49 64 -4
49 54 1
49 50 -3
49 62 1
49 68 -3
49 57 1
50 73 5
50 55 6
50 74 10
50 63 2
50 64 6
50 52 6
50 57 2
50 54 -1
50 60 1
50 65 9
50 69 -6
50 58 -5
50 70 -7
51 71 -4
51 72 0
51 53 9
51 75 -6
51 66 2
51 74 2
51 56 -3
51 59 -5
51 58 -7
52 73 6
52 68 -10
52 67 5
52 65 -8
52 63 9
52 59 10
52 61 1
52 54 -8
52 56 10
52 55 4
52 57 -3
52 72 4
53 67 3
53 56 -4
53 61 10
53 60 -1
53 57 8
53 72 3
53 64 1
53 68 8
53 69 -6
53 62 -10
53 63 0
53 55 -9
53 70 1
54 57 -9
54 67 -9
54 61 6
54 71 -9
54 75 -2
54 66 -9
54 56 -4
54 58 -7
54 70 8
54 73 -9
54 65 0
54 60 10
55 70 6
55 57 -8
55 61 -7
55 73 0
55 71 -9
55 65 -6
55 63 -5
55 62 7
55 68 10
55 69 -1
55 66 -9
56 72 9
56 64 2
56 68 9
56 66 3
56 57 0
56 73 10
56 62 2
56 69 -7
56 63 0
56 60 8
56 58 7
57 67 0
57 59 5
57 63 -10
57 71 6
57 72 1
57 64 -9
57 62 2
57 68 5
57 65 -9
58 65 1
58 71 -6
58 64 10
58 59 1
58 67 -8
59 60 3
59 68 4
59 61 10
59 62 10
59 63 -4
59 74 2
59 72 5
59 69 9
60 64 4
60 72 -4
60 69 0
60 75 -4
60 66 -8
60 65 -9
60 70 3
60 62 -9
60 67 9
61 69 -9
61 64 3
61 71 7
61 70 1
61 65 6
61 68 -2
61 62 1
61 74 10
61 73 -9
62 73 -9
62 72 8
62 75 3
62 71 -10
62 67 6
62 68 -7
63 68 0
63 70 0
63 72 2
63 71 -8
63 69 10
64 74 -3
64 71 1
64 70 9
64 69 -7
64 65 1
64 68 -1
64 73 -9
64 72 2
65 66 -2
65 72 -6
65 75 3
66 75 -5
66 67 -6
66 70 6
66 71 -6
66 72 7
66 68 -9
67 68 -7
67 75 1
67 71 1
67 70 -5
68 69 -10
68 72 10
68 75 3
68 71 9
68 70 -1
69 72 4
69 75 -10
69 71 -9
70 75 1
70 72 6
70 74 8
70 71 -10
71 73 7
71 75 -9
71 74 -8
72 75 0
72 73 6
73 75 -10
