75 1388 
1 43 -8
1 28 1
1 2 1
1 22 2
1 38 3
1 66 8
1 61 -4
1 4 -10
1 64 -10
1 70 5
1 16 -7
1 12 -4
1 29 -1
1 54 0
1 59 -5
1 20 -4
1 7 -2
1 49 -2
1 50 2
1 55 3
1 32 3
1 44 9
1 23 -6
1 56 -8
1 24 3
1 13 -5
1 69 10
1 21 5
1 62 -10
1 15 7
1 25 6
1 63 -3
1 33 3
1 68 2
1 73 -6
2 55 -1
2 40 10
2 28 5
2 69 -4
2 19 -6
2 43 5
2 4 1
2 25 7
2 71 2
2 26 -10
2 58 6
2 8 2
2 9 2
2 56 9
2 53 8
2 27 -9
2 67 8
2 23 5
2 51 0
2 52 3
2 16 -10
2 34 4
2 39 -8
2 41 -8
2 65 -1
2 30 -3
2 44 10
2 29 6
2 22 7
2 12 4
2 17 -1
2 57 0
2 33 -5
2 49 -9
2 59 10
2 68 -8
2 63 -2
3 68 -10
3 73 10
3 71 -2
3 46 -8
3 24 -2
3 31 -10
3 23 9
3 17 -6
3 6 10
3 29 1
3 10 0
3 39 -6
3 67 3
3 4 -3
3 48 -5
3 30 -6
3 16 -7
3 9 5
3 21 7
3 7 -6
3 65 -1
3 32 -2
3 66 -6
3 8 -8
3 44 -2
3 55 3
3 38 -5
3 36 1
3 34 3
3 75 -4
3 50 -4
3 53 1
3 40 -2
4 33 1
4 14 -5
4 47 7
4 25 -4
4 9 3
4 73 -3
4 72 -7
4 70 3
4 15 6
4 51 4
4 28 -10
4 71 -7
4 31 1
4 50 -4
4 21 1
4 62 7
4 68 -10
4 42 0
4 35 2
4 57 -3
4 6 5
4 67 10
4 32 -9
4 44 7
4 27 0
4 41 3
4 7 5
4 8 9
4 46 -10
4 60 4
4 12 1
4 19 0
4 38 -3
4 11 6
4 24 -3
5 58 7
5 15 -3
5 49 3
5 53 -7
5 50 5
5 67 0
5 59 8
5 73 2
5 22 3
5 44 0
5 7 1
5 54 -9
5 8 -5
5 75 -10
5 21 0
5 28 6
5 12 -6
5 10 9
5 74 1
5 27 -1
5 6 -7
5 33 -5
5 19 1
5 29 -4
5 34 2
5 35 -7
5 39 -3
5 14 9
5 64 -9
5 45 5
5 65 -5
5 36 10
5 55 1
5 31 7
6 45 -8
6 7 8
6 13 -4
6 31 3
6 54 -5
6 17 -7
6 19 1
6 42 -9
6 75 9
6 29 2
6 53 10
6 37 5
6 41 -6
6 28 -1
6 48 -9
6 12 -6
6 51 7
6 73 7
6 10 5
6 9 10
6 23 8
6 40 -4
6 20 -10
6 21 2
6 55 1
6 63 10
6 52 7
6 62 8
6 57 -1
6 35 -6
6 36 -4
6 22 -10
6 8 -5
6 11 -5
6 58 1
6 14 -10
6 18 1
7 51 0
7 17 -9
7 12 0
7 14 5
7 46 4
7 35 3
7 52 7
7 65 0
7 49 3
7 31 3
7 25 4
7 72 9
7 39 -5
7 45 -2
7 70 -1
7 56 -3
7 57 6
7 27 2
7 64 0
7 73 10
7 75 -6
7 66 -10
7 68 8
7 13 0
7 71 -9
7 63 -7
7 15 1
7 26 3
7 61 -9
7 18 10
7 60 9
7 34 0
7 69 -9
7 50 3
7 53 4
7 43 -10
8 65 7
8 17 -3
8 63 7
8 18 5
8 31 8
8 10 -5
8 24 3
8 33 -10
8 21 -6
8 25 5
8 12 0
8 30 4
8 39 0
8 43 9
8 9 -2
8 60 -9
8 22 9
8 37 6
8 46 -2
8 19 10
8 71 -8
8 50 4
8 36 -7
8 57 7
8 38 -10
8 20 3
8 16 -7
8 35 3
8 73 -5
8 15 3
8 23 4
8 70 0
8 40 8
8 13 -4
8 48 -7
8 64 1
8 26 -8
8 28 6
8 62 -4
8 49 0
9 53 5
9 26 3
9 23 2
9 21 -7
9 71 5
9 75 -6
9 27 6
9 67 -9
9 73 -9
9 40 -8
9 60 2
9 39 -8
9 54 0
9 32 -7
9 15 -5
9 44 8
9 52 3
9 30 -5
9 35 -6
9 10 -5
9 63 2
9 42 7
9 68 6
9 65 7
9 38 -2
9 47 -5
9 49 -10
9 51 -10
9 33 -1
9 66 -1
9 22 8
10 42 -10
10 74 -10
10 27 9
10 43 -10
10 36 10
10 32 -7
10 52 3
10 35 8
10 21 -9
10 15 7
10 67 4
10 20 8
10 40 9
10 58 -1
10 33 -5
10 14 3
10 65 -9
10 18 -5
10 66 4
10 12 1
10 29 -9
10 46 5
10 31 -10
10 30 -1
10 23 3
10 62 3
10 28 -10
11 58 -5
11 68 -9
11 19 10
11 28 -4
11 55 6
11 72 6
11 33 4
11 46 5
11 22 6
11 59 -1
11 64 -4
11 51 1
11 31 10
11 23 9
11 17 -9
11 24 2
11 65 -8
11 62 -9
11 66 -7
11 16 -2
11 20 -9
11 34 -6
11 45 -8
11 41 2
11 13 -10
11 25 6
11 30 -5
11 18 0
11 32 -2
11 61 -2
11 40 -1
11 57 8
11 60 -3
11 27 -9
11 26 10
11 48 7
12 22 -10
12 60 7
12 49 -6
12 25 -2
12 45 2
12 38 7
12 28 4
12 24 -10
12 15 -4
12 55 4
12 14 8
12 71 -3
12 47 -1
12 31 7
12 52 -5
12 50 1
12 26 4
12 17 -6
12 35 10
12 75 -4
12 33 9
12 19 7
12 27 -5
12 16 -10
12 67 -10
12 18 -5
12 53 -8
12 62 0
12 58 -3
12 34 3
12 46 2
12 29 3
12 20 6
12 54 4
13 56 7
13 61 -6
13 22 5
13 65 9
13 28 8
13 59 -10
13 38 10
13 55 1
13 15 -7
13 73 10
13 72 -7
13 54 -5
13 40 -9
13 70 8
13 35 6
13 33 -1
13 17 5
13 69 -2
13 20 -6
13 62 4
13 14 -9
13 42 -3
13 63 -7
13 53 0
13 74 -2
13 60 5
13 50 5
13 31 -5
13 26 5
13 16 1
13 75 -2
13 36 -1
14 51 5
14 69 1
14 57 2
14 70 -2
14 72 7
14 33 -2
14 54 1
14 24 -9
14 62 6
14 36 4
14 53 5
14 30 3
14 63 9
14 40 -3
14 71 4
14 17 6
14 64 -8
14 39 10
14 28 -6
14 73 1
14 37 -2
14 19 8
14 15 -4
14 42 -1
14 45 3
14 22 9
14 18 -3
14 20 8
14 66 7
14 49 -2
14 31 4
14 48 9
14 58 3
15 75 -3
15 28 -8
15 42 3
15 44 -6
15 43 4
15 34 2
15 40 -1
15 71 0
15 47 -2
15 61 1
15 39 -9
15 25 -3
15 50 -10
15 49 -2
15 46 -4
15 69 1
15 33 -1
15 36 10
15 59 -1
15 21 -8
15 66 9
15 22 -2
15 56 5
15 19 -3
15 67 0
15 23 -7
16 56 1
16 54 0
16 53 -4
16 23 10
16 31 6
16 48 7
16 45 -8
16 25 5
16 32 -8
16 20 -6
16 21 -7
16 65 -8
16 38 -6
16 72 -4
16 34 -4
16 50 -4
16 47 -4
16 62 1
16 27 2
16 17 -7
16 66 -10
16 28 -4
16 67 -8
16 41 -5
16 51 -4
16 43 -10
16 35 -5
16 74 -6
16 37 -8
16 19 8
16 44 5
16 59 9
16 71 7
17 51 -5
17 43 1
17 49 4
17 37 9
17 23 6
17 45 9
17 26 -5
17 29 -8
17 71 -3
17 59 5
17 39 -6
17 41 9
17 28 -5
17 38 9
17 48 -9
17 32 6
17 19 8
17 46 1
17 61 -5
17 54 0
17 20 -3
17 70 -3
17 66 -3
17 31 -2
17 33 -1
17 42 0
17 63 -10
17 53 -1
17 67 1
17 34 -3
17 62 4
17 50 -3
18 71 2
18 74 -6
18 43 -8
18 63 3
18 33 -6
18 67 -7
18 66 0
18 38 -1
18 61 -9
18 20 10
18 65 2
18 70 10
18 72 -7
18 50 9
18 41 -4
18 28 -6
18 56 10
18 26 0
18 34 6
18 57 -2
18 37 2
18 47 -2
18 32 -1
18 54 10
18 39 4
18 35 -10
18 46 -8
18 42 4
18 40 -6
18 64 -5
19 37 9
19 41 -6
19 35 3
19 70 8
19 34 1
19 59 9
19 55 -3
19 49 -5
19 32 -9
19 24 -5
19 63 6
19 64 2
19 33 6
19 44 -8
19 60 0
19 42 7
19 20 -9
19 48 9
19 69 -5
19 38 3
19 40 -2
19 45 -4
19 25 -4
19 29 3
19 66 7
19 68 -2
20 29 -4
20 57 -1
20 70 0
20 37 -3
20 59 2
20 53 9
20 41 5
20 69 3
20 31 6
20 21 4
20 72 5
20 65 -3
20 38 10
20 56 1
20 46 -3
20 35 1
20 32 -3
20 30 -2
20 61 -9
20 44 -3
20 63 -7
20 47 -7
20 64 3
20 42 -4
20 58 -10
20 71 6
21 51 -5
21 29 8
21 68 2
21 61 4
21 66 5
21 44 -1
21 62 5
21 23 -8
21 28 -7
21 31 7
21 26 -4
21 25 4
21 56 8
21 71 6
21 39 -1
21 55 10
21 32 -8
21 30 4
21 57 -3
21 46 10
21 58 -5
21 34 2
21 49 -10
21 50 -1
21 48 -1
21 72 -9
21 33 1
21 42 -6
22 64 -3
22 49 9
22 66 -7
22 63 1
22 37 6
22 46 3
22 70 10
22 55 -2
22 68 0
22 58 -10
22 25 -5
22 30 7
22 38 -8
22 47 7
22 48 2
22 26 -8
22 24 6
22 40 6
22 52 5
22 31 -9
22 45 10
22 36 -3
22 60 -6
22 69 5
22 53 -9
22 32 -2
22 42 -2
22 44 -9
22 23 2
22 28 -9
22 51 10
22 59 -1
23 47 -5
23 37 3
23 63 -4
23 49 -10
23 73 7
23 36 -8
23 54 -2
23 28 7
23 74 0
23 65 -4
23 35 -4
23 64 7
23 30 -7
23 40 -3
23 72 7
23 38 -5
23 29 -5
23 31 -5
23 71 0
23 33 -5
23 66 -9
23 42 -2
23 67 5
24 29 6
24 25 -1
24 51 -6
24 47 9
24 54 -5
24 43 -10
24 53 -6
24 63 -2
24 69 -7
24 40 -4
24 62 -5
24 73 4
24 60 -4
24 31 3
24 37 -10
24 30 -5
24 65 -8
24 28 -3
24 26 6
24 57 -9
24 56 -4
24 71 -8
24 41 -5
24 74 0
24 49 2
24 70 0
24 32 10
24 72 3
24 38 3
25 65 3
25 71 6
25 61 -8
25 39 -3
25 52 -10
25 54 10
25 34 -1
25 31 -9
25 72 10
25 66 -3
25 57 2
25 51 7
25 41 -3
25 67 3
25 70 -5
25 62 3
25 40 5
25 73 -4
25 37 5
25 60 -8
25 49 6
25 59 -5
25 69 -8
25 45 -4
26 50 8
26 72 -2
26 44 -1
26 74 -6
26 65 5
26 52 -1
26 59 4
26 68 6
26 36 -7
26 32 -9
26 73 -5
26 71 6
26 62 10
26 70 6
26 41 2
26 48 3
26 35 3
26 42 1
26 28 3
26 47 -7
26 40 2
26 31 -5
26 58 -7
26 33 6
26 61 1
26 75 -3
26 43 -1
26 63 -3
27 41 2
27 38 0
27 73 4
27 28 -3
27 61 -7
27 29 -3
27 63 9
27 57 5
27 36 -10
27 67 -7
27 70 6
27 62 6
27 60 -4
27 69 -7
27 45 -9
27 65 -5
27 71 -6
27 30 7
27 66 -9
27 35 -1
27 64 -3
27 55 9
27 43 -4
27 56 7
27 74 -5
27 48 2
28 47 -3
28 54 5
28 34 4
28 49 -6
28 66 3
28 52 -2
28 40 10
28 53 -4
28 55 -2
28 44 -4
28 33 -7
28 56 1
28 74 8
28 35 -8
28 65 -1
28 42 1
28 69 4
28 58 -2
28 71 10
28 38 7
28 51 9
28 37 10
28 73 -10
29 61 3
29 69 -9
29 60 -5
29 46 5
29 68 -3
29 55 4
29 59 -3
29 51 0
29 44 -2
29 34 0
29 57 8
29 41 -10
29 75 7
29 73 -1
29 31 8
29 58 9
29 43 -7
29 66 6
29 45 -9
29 32 7
29 62 9
29 65 -9
29 74 9
29 53 10
29 67 -7
29 50 -1
30 72 -1
30 31 -9
30 67 1
30 58 10
30 55 -9
30 52 -10
30 47 5
30 50 7
30 65 8
30 44 -9
30 73 6
30 32 -4
30 61 -7
30 68 -5
30 42 3
30 45 -8
30 75 -3
30 51 -1
30 39 -5
30 57 -6
31 69 -4
31 41 8
31 50 9
31 42 -8
31 57 9
31 55 8
31 66 6
31 38 8
31 59 -4
31 46 2
31 43 3
31 67 -10
31 33 9
31 49 -7
31 70 8
31 74 -8
31 39 9
31 72 -7
31 52 6
31 53 -4
31 63 7
32 34 -6
32 42 -2
32 43 5
32 75 -8
32 33 2
32 40 -6
32 61 0
32 72 7
32 73 -8
32 71 5
32 54 1
32 58 -5
32 65 -10
32 38 -2
32 66 -3
32 48 -8
32 64 9
32 52 -8
32 68 3
32 62 2
32 67 1
32 63 -3
32 51 -10
33 48 1
33 50 8
33 74 -7
33 36 -5
33 57 9
33 55 2
33 68 4
33 56 2
33 61 -10
33 65 7
33 59 -3
33 37 0
33 71 7
33 62 -5
33 53 -9
33 73 -6
33 66 -9
33 43 5
33 39 10
33 75 -1
33 64 1
34 66 -4
34 47 2
34 48 8
34 54 3
34 56 9
34 38 -7
34 64 -10
34 58 -1
34 36 -9
34 35 1
34 51 6
34 46 -1
34 72 6
34 55 -10
34 40 -6
34 68 7
34 41 -7
34 44 -5
34 52 0
34 57 4
34 43 -8
34 37 -5
34 60 -10
34 63 10
35 44 7
35 68 -9
35 71 -7
35 69 9
35 46 6
35 73 -1
35 52 -9
35 57 5
35 72 -8
35 40 -7
35 41 7
35 49 -9
35 42 3
35 47 7
36 71 -10
36 47 8
36 74 -7
36 41 -3
36 48 -1
36 55 -1
36 59 5
36 68 -2
36 43 -5
36 57 -7
36 50 2
36 46 -2
36 53 10
36 49 -10
36 70 -1
36 58 -4
36 61 3
36 64 9
36 52 -5
36 69 8
36 62 5
36 40 9
37 54 3
37 41 -1
37 69 9
37 72 7
37 53 1
37 48 -3
37 59 4
37 67 -1
37 38 4
37 42 2
37 63 4
37 62 0
37 64 -1
37 74 6
37 73 -8
37 44 0
38 57 -9
38 44 4
38 70 10
38 62 0
38 58 -7
38 47 8
38 46 -10
38 65 0
38 39 -5
38 66 -2
38 52 3
38 40 9
38 75 -1
38 74 -10
38 54 9
38 68 -1
39 56 -3
39 53 5
39 71 -7
39 73 4
39 55 7
39 40 7
39 65 4
39 68 5
39 52 -6
39 69 -1
39 63 -8
39 43 -1
39 46 9
39 50 -4
39 57 -10
39 44 -4
39 59 -4
39 49 4
39 58 -8
39 62 -4
39 72 7
39 74 9
39 67 -5
39 42 -6
40 43 0
40 65 -4
40 52 5
40 73 0
40 63 1
40 66 3
40 44 10
40 50 -1
40 68 1
40 69 -1
40 51 8
40 42 -7
40 46 4
40 41 6
40 49 -3
40 71 -3
40 60 7
40 57 -3
40 58 2
40 55 9
40 74 2
41 73 -2
41 61 -5
41 42 3
41 44 2
41 59 -8
41 51 4
41 62 0
41 46 -10
41 65 -7
41 72 0
42 53 -5
42 44 -9
42 50 -5
42 60 3
42 43 -4
42 62 -8
42 65 -3
42 69 -7
42 70 5
42 49 8
42 51 3
42 74 -10
42 46 -5
42 59 -4
42 54 3
42 58 -5
42 71 5
42 61 7
42 64 3
43 55 -5
43 74 10
43 49 -10
43 47 6
43 71 -9
43 65 -6
43 52 4
43 56 9
43 64 -7
43 58 3
44 58 7
44 65 -10
44 73 9
44 62 -7
44 47 -1
44 46 -10
44 68 0
44 61 -5
44 60 -4
44 50 5
44 70 -7
44 57 0
44 69 2
44 71 5
44 59 -1
45 63 -9
45 70 -6
45 59 -3
45 50 5
45 48 -10
45 49 10
45 58 -1
45 54 -8
45 75 0
45 73 5
45 56 -9
45 71 3
45 74 -2
45 55 -8
45 68 10
45 67 6
46 48 -1
46 47 0
46 61 5
46 51 -4
46 64 -1
46 60 6
46 67 8
46 54 2
46 65 3
46 73 -4
46 53 -10
46 63 9
46 52 2
46 72 -7
47 50 -3
47 52 -2
47 49 3
47 58 1
47 67 1
47 72 3
47 53 4
47 70 -5
47 73 4
47 65 3
47 54 4
47 48 6
47 62 9
47 69 0
48 52 -5
48 57 3
48 70 8
48 66 8
48 53 7
48 68 9
48 75 -10
48 58 0
48 54 5
48 59 -3
48 63 -8
48 50 5
48 60 5
49 69 -2
49 56 -2
49 62 -10
49 70 3
49 60 1
49 61 6
49 57 -9
49 65 -1
49 74 -3
49 67 -10
49 58 6
49 52 -6
49 75 -2
49 50 3
49 73 0
50 70 2
50 73 9
50 67 -7
50 53 -10
50 72 8
50 61 0
50 55 -3
50 69 -3
50 52 2
50 71 10
50 68 -1
50 56 -8
51 66 -1
51 68 -10
51 71 -1
51 57 -1
51 53 -4
51 75 7
51 52 3
51 56 5
51 73 9
51 60 4
51 63 -7
51 62 -9
52 60 10
52 53 1
52 63 9
52 73 1
52 59 -5
52 70 -1
52 58 9
52 54 -10
52 75 9
53 57 -5
53 73 5
53 63 0
53 66 7
53 65 1
53 75 -6
53 70 -9
53 64 -1
53 62 -1
53 55 5
53 54 1
54 62 3
54 55 -9
54 59 -3
54 66 3
54 61 9
54 68 -2
54 74 2
54 56 7
55 67 0
55 59 1
55 60 10
55 57 9
55 68 -10
55 69 6
55 73 8
55 62 -5
56 74 3
56 68 2
56 72 3
56 59 6
56 73 -9
56 65 -9
56 75 -2
57 68 -8
57 62 9
57 69 5
57 71 7
57 65 9
57 70 1
57 61 5
57 66 -6
58 72 0
58 73 -10
58 67 -6
58 70 3
58 69 -7
58 64 -7
58 75 -10
58 60 2
58 74 7
58 59 8
59 74 -9
59 71 -9
59 73 -3
59 72 0
59 67 -2
59 69 0
59 70 3
59 62 10
60 75 2
60 70 -6
60 67 3
60 71 -8
60 74 7
60 72 -5
61 75 -5
61 64 -1
61 65 0
61 71 -7
61 70 7
61 67 0
61 68 -10
61 62 10
62 63 1
62 66 2
62 64 10
62 72 10
62 69 2
62 73 8
62 75 -3
63 74 -8
63 69 -6
63 65 4
63 66 3
64 71 8
64 72 7
64 68 -3
64 67 9
64 74 -2
65 74 -2
65 68 3
65 70 8
66 73 2
66 70 -8
66 69 -10
66 75 4
67 69 8
67 68 10
67 72 10
68 71 -10
68 75 1
68 73 10
68 69 3
68 72 -3
69 72 9
69 71 6
69 73 -9
70 75 -5
70 74 9
70 71 1
71 74 3
72 75 -4
72 74 -4
73 75 -3
