75 1388 
1 20 0
1 16 2
1 43 -4
1 5 1
1 49 -7
1 23 -1
1 39 8
1 28 -3
1 72 -10
1 18 -8
1 69 -3
1 74 -7
1 11 -2
1 37 3
1 19 -2
1 42 -4
1 56 9
1 68 4
1 33 10
1 35 -2
1 22 -1
1 13 4
1 71 2
1 17 -7
1 10 5
1 58 7
1 53 3
1 64 10
1 41 2
1 65 10
1 38 -2
1 40 1
1 4 2
1 59 3
2 17 3
2 31 6
2 6 1
2 40 -6
2 25 -8
2 62 9
2 42 0
2 57 -8
2 46 -10
2 52 -7
2 39 8
2 55 9
2 59 -3
2 33 -4
2 18 -10
2 50 -1
2 73 -8
2 49 8
2 32 -5
2 72 6
2 70 8
2 60 -8
2 68 -3
2 53 -2
2 20 -8
2 74 -5
2 14 6
2 66 -10
2 56 -6
2 37 -10
2 5 6
2 15 -7
2 41 1
2 21 -6
2 19 -4
2 38 3
2 8 0
3 58 1
3 41 7
3 42 -8
3 44 3
3 25 -6
3 69 -7
3 62 1
3 14 6
3 13 -2
3 30 -3
3 35 -10
3 55 -1
3 45 9
3 64 6
3 50 10
3 60 -7
3 40 -10
3 7 -3
3 37 -6
3 15 5
3 39 -6
3 70 -1
3 63 8
3 12 9
3 20 0
3 24 8
3 6 8
3 51 8
3 32 -5
3 75 1
3 33 -9
3 61 0
3 17 -1
3 67 2
3 11 5
3 4 1
3 57 4
3 19 -4
3 9 -7
3 18 -3
3 52 0
3 53 0
3 71 -10
3 28 10
3 68 6
3 56 -10
3 34 -7
4 19 -3
4 40 7
4 61 -7
4 29 -7
4 30 6
4 31 8
4 70 10
4 26 2
4 36 7
4 27 -8
4 59 6
4 65 10
4 43 -7
4 63 -7
4 56 10
4 20 5
4 16 6
4 45 8
4 57 9
4 32 -8
4 14 -2
4 69 -10
4 64 -8
4 39 -9
4 7 6
4 48 -9
4 73 -8
4 53 0
4 23 1
4 62 -1
4 25 6
4 33 -10
4 41 5
4 52 5
4 22 -1
4 60 4
5 69 -9
5 29 -10
5 7 4
5 65 -9
5 67 3
5 49 0
5 42 -8
5 11 -3
5 51 3
5 40 6
5 19 4
5 63 -8
5 10 -3
5 60 5
5 75 -6
5 43 -9
5 31 2
5 73 -9
5 46 -1
5 26 10
5 36 -5
5 66 -9
5 58 3
5 38 -10
5 6 -1
5 35 -3
5 64 9
5 20 9
5 23 1
5 61 0
5 54 -9
5 15 -9
5 24 -8
5 50 8
5 32 2
5 18 -3
5 72 -7
6 73 6
6 43 9
6 62 -10
6 68 -6
6 63 10
6 11 7
6 55 -2
6 24 2
6 16 -8
6 34 1
6 56 6
6 51 1
6 13 3
6 12 4
6 14 -10
6 45 4
6 17 -4
6 22 -10
6 41 -6
6 38 -7
6 71 -6
6 49 -5
6 19 1
6 52 5
6 10 -7
6 9 -6
6 23 0
6 48 7
6 44 -1
6 7 8
6 35 1
6 40 -9
6 57 1
6 20 -1
6 39 -1
6 67 4
6 75 5
7 19 -10
7 68 -2
7 53 -9
7 74 -9
7 72 9
7 21 10
7 11 -7
7 15 -6
7 71 -7
7 67 9
7 34 7
7 8 -7
7 32 -6
7 65 -2
7 55 2
7 61 -5
7 66 -3
7 14 9
7 23 6
7 69 4
7 41 3
7 26 -5
7 31 -2
7 63 7
7 9 -9
7 33 8
7 51 -10
7 54 2
7 46 -6
7 18 2
7 20 -4
7 16 7
7 52 8
7 62 5
7 27 6
7 58 -10
7 75 8
7 47 7
7 50 -4
8 16 -3
8 69 -8
8 71 -3
8 17 -8
8 20 -5
8 64 -2
8 74 -9
8 14 0
8 42 7
8 31 -7
8 73 -1
8 62 -10
8 58 9
8 40 6
8 9 5
8 67 6
8 68 -2
8 12 2
8 53 2
8 30 9
8 11 -9
8 26 -9
8 10 4
8 28 -2
8 39 4
8 65 -5
8 43 -8
8 57 -9
8 23 -6
8 29 5
8 49 -2
8 36 -9
8 55 -9
9 71 -2
9 11 5
9 59 3
9 67 1
9 60 6
9 68 -9
9 31 10
9 65 3
9 72 7
9 26 2
9 25 -5
9 43 8
9 36 9
9 49 2
9 14 7
9 17 0
9 53 4
9 75 5
9 48 -6
9 20 -10
9 57 4
9 58 -6
9 21 -4
9 50 -4
9 64 1
10 21 -9
10 14 -7
10 69 -8
10 29 2
10 49 -7
10 46 7
10 13 -4
10 31 5
10 27 -3
10 52 8
10 64 -8
10 58 -7
10 60 3
10 17 9
10 67 -8
10 71 -10
10 11 4
10 23 10
10 36 10
10 65 6
10 26 8
10 61 4
10 19 -7
10 45 -6
10 50 9
10 48 -3
10 74 3
10 35 2
10 20 -3
10 43 -10
10 55 10
10 37 5
10 73 4
10 40 -7
11 57 4
11 41 4
11 54 -5
11 13 2
11 44 0
11 36 2
11 59 -3
11 45 -6
11 30 -6
11 48 9
11 34 1
11 21 -10
11 51 -6
11 47 9
11 35 -7
11 75 10
11 20 -8
11 12 9
11 43 5
11 18 -9
11 25 1
11 33 -8
11 63 10
11 50 0
11 15 -6
11 22 8
11 68 7
11 24 6
11 49 -4
11 37 -2
11 61 2
11 14 -9
11 64 3
11 31 -6
11 27 3
11 40 -1
11 69 6
11 67 -6
11 19 8
11 72 7
11 23 2
12 29 -3
12 14 6
12 22 10
12 72 10
12 15 3
12 33 -5
12 54 -4
12 16 3
12 17 -2
12 51 -8
12 56 3
12 62 1
12 24 -9
12 64 -2
12 31 -9
12 60 1
12 40 -1
12 41 -4
12 57 6
12 30 -3
12 58 0
12 66 -8
12 20 -7
12 73 -4
12 61 3
12 52 9
12 46 -6
12 47 -3
12 37 -4
12 70 -8
13 68 -3
13 69 -9
13 57 -9
13 16 -10
13 25 -3
13 65 -6
13 73 5
13 38 8
13 43 3
13 52 8
13 53 8
13 29 3
13 60 -3
13 48 7
13 18 6
13 33 -10
13 37 8
13 27 2
13 49 -8
13 36 8
13 23 5
13 45 -6
13 63 7
13 40 -4
13 42 -2
13 21 -5
13 17 -6
13 14 1
13 54 5
13 66 -6
13 46 10
14 54 1
14 58 9
14 39 -8
14 67 -9
14 15 -7
14 32 10
14 70 2
14 66 7
14 47 -7
14 64 6
14 71 5
14 31 3
14 74 2
14 43 -9
14 22 -10
14 24 -9
14 69 3
14 63 -6
14 57 -8
14 25 2
14 55 1
14 44 -5
14 21 1
14 33 -4
14 65 8
14 73 7
14 18 -2
14 40 -9
14 23 0
14 72 2
14 34 0
14 41 2
14 52 -10
15 33 10
15 26 -1
15 75 -5
15 72 8
15 38 6
15 49 -8
15 30 -7
15 42 10
15 57 7
15 23 -8
15 70 5
15 28 2
15 50 10
15 41 8
15 69 3
15 25 8
15 40 -3
15 18 0
15 61 7
15 39 4
15 43 2
15 20 10
15 34 -9
15 35 -3
15 62 9
15 44 -1
15 21 -2
16 45 2
16 52 -7
16 60 4
16 39 10
16 30 -10
16 67 8
16 32 -8
16 65 -5
16 47 -5
16 48 -3
16 62 -9
16 41 6
16 35 3
16 56 -10
16 61 7
16 33 7
16 51 -9
16 50 5
16 49 -8
16 70 0
16 54 2
16 22 -6
16 46 3
16 28 6
16 43 0
16 21 1
17 36 -7
17 35 -6
17 18 4
17 33 9
17 67 10
17 26 -4
17 62 -4
17 55 3
17 68 -7
17 66 7
17 21 -2
17 60 -5
17 45 -3
17 31 -10
17 50 7
17 57 10
17 44 5
17 37 -9
17 22 -3
17 42 -2
17 65 0
17 56 2
17 48 3
17 19 -2
17 73 -3
17 71 -8
17 27 -4
17 52 3
18 75 -4
18 35 2
18 72 0
18 44 2
18 56 -8
18 32 -7
18 69 -1
18 62 8
18 45 0
18 61 2
18 43 -5
18 71 -10
18 67 9
18 30 9
18 27 -10
18 20 -8
18 66 -3
18 22 -6
18 73 10
18 31 2
18 64 5
18 59 -3
18 25 5
18 19 9
18 68 -8
18 33 -10
18 65 4
18 46 -6
18 24 10
19 48 7
19 23 7
19 51 -4
19 55 -8
19 75 -6
19 54 9
19 74 9
19 41 -1
19 62 8
19 66 -3
19 53 -7
19 57 5
19 31 -6
19 65 -8
19 37 5
19 24 1
19 30 0
19 44 3
19 68 -7
19 43 -6
19 63 3
19 36 3
19 64 4
19 72 -8
19 32 10
19 20 -6
19 42 6
19 27 -4
19 70 -6
20 55 7
20 56 -5
20 29 0
20 64 3
20 47 9
20 73 -6
20 61 -4
20 30 5
20 42 8
20 46 -8
20 63 3
20 52 8
20 38 8
20 71 -3
20 28 0
20 72 -8
20 57 8
20 25 6
20 62 -8
20 54 -3
20 50 -1
20 75 3
21 65 -2
21 57 -4
21 58 8
21 30 8
21 40 2
21 35 -10
21 53 -9
21 66 4
21 68 6
21 49 -4
21 47 -1
21 25 6
21 26 -9
21 75 5
21 32 10
21 38 3
21 24 -2
21 34 -7
21 28 -9
21 22 6
21 37 -9
21 45 7
21 43 1
21 62 7
21 42 3
22 49 -2
22 60 -1
22 23 2
22 71 -5
22 34 9
22 53 -5
22 59 -1
22 40 -1
22 38 3
22 63 0
22 74 6
22 46 7
22 56 5
22 25 -6
22 61 -6
22 72 9
22 37 10
22 26 6
22 41 6
22 28 1
22 75 7
22 62 5
22 24 -2
22 31 -10
22 44 -5
22 33 -3
22 36 3
22 70 7
22 50 -2
23 37 1
23 50 8
23 57 6
23 24 -6
23 67 6
23 43 -1
23 26 10
23 39 1
23 72 0
23 45 5
23 25 3
23 60 -5
23 51 2
23 42 -5
23 41 -9
23 61 -1
23 66 -8
23 46 6
23 54 3
23 73 -9
23 35 -9
23 38 -7
23 49 -9
23 44 -1
23 29 7
24 68 6
24 31 -6
24 43 8
24 62 -10
24 66 -5
24 28 -9
24 33 3
24 75 -6
24 53 -9
24 25 6
24 26 -4
24 57 -6
24 52 9
24 51 6
24 64 3
24 72 1
24 67 3
24 74 1
24 47 -8
25 34 5
25 45 9
25 43 8
25 64 -8
25 50 -8
25 30 10
25 68 -4
25 46 2
25 51 2
25 37 -10
25 74 8
25 53 5
25 59 -3
25 26 0
25 52 8
25 60 -4
25 63 -7
25 67 -3
25 73 9
25 70 8
25 39 10
25 33 6
25 36 -3
25 69 7
25 56 -2
26 33 7
26 66 -4
26 61 -4
26 62 6
26 42 -3
26 58 1
26 32 2
26 57 -4
26 63 1
26 44 -1
26 27 2
26 56 1
26 54 10
26 38 -3
26 46 2
26 52 -4
26 40 5
26 68 5
26 64 5
26 48 8
26 59 8
26 41 -10
26 45 8
26 67 10
26 75 -5
26 49 -5
26 74 9
27 46 -8
27 30 -2
27 61 1
27 52 2
27 32 10
27 33 1
27 56 -8
27 51 -3
27 34 -3
27 58 -3
27 31 3
27 28 1
27 50 -9
27 74 -1
27 36 -10
27 72 2
27 45 -4
27 29 -10
27 39 -2
27 65 -2
27 37 3
27 66 3
27 62 -4
27 69 1
27 60 4
27 59 -7
27 57 -8
27 68 4
27 38 -2
27 41 9
27 49 -3
28 66 1
28 73 -2
28 50 7
28 38 -4
28 67 -7
28 56 -4
28 60 5
28 55 -10
28 48 1
28 37 -7
28 53 -4
28 70 -3
28 71 8
28 31 5
28 74 -4
28 40 2
28 62 -1
28 75 -6
28 39 -6
28 45 5
29 49 5
29 68 -1
29 71 0
29 50 -9
29 36 -3
29 70 -9
29 47 7
29 58 -4
29 32 -5
29 64 -3
29 37 7
29 43 2
29 75 -10
29 42 7
29 53 -7
29 63 -5
29 62 1
29 30 -10
29 73 -1
29 33 -7
30 73 -1
30 74 4
30 42 7
30 56 6
30 45 -6
30 67 6
30 60 -5
30 49 -2
30 36 10
30 61 1
30 31 4
30 72 2
30 39 0
30 65 5
30 70 7
30 54 8
30 33 0
30 47 -8
30 46 6
30 64 -4
30 55 8
31 32 -7
31 58 10
31 36 9
31 67 -7
31 45 1
31 34 -7
31 66 3
31 39 -1
31 65 8
31 63 -9
31 70 -7
31 40 5
31 62 5
31 60 -1
31 57 -6
31 54 9
31 49 -6
31 51 1
31 38 6
31 43 9
31 71 5
31 52 3
31 35 8
31 55 -1
31 75 2
31 50 -7
32 70 5
32 40 -10
32 48 8
32 68 -6
32 72 -5
32 46 -2
32 33 -1
32 67 3
32 37 -4
32 45 0
32 63 2
32 58 1
32 57 -8
32 69 -2
32 34 -10
32 60 -2
33 53 -6
33 64 -5
33 49 -10
33 61 2
33 70 -1
33 37 6
33 50 4
33 51 -9
33 73 -10
33 42 -9
33 45 3
33 54 9
33 38 -7
33 41 -2
33 40 6
33 46 4
33 72 -5
33 63 -3
33 75 -5
33 60 -3
33 56 -6
34 42 -2
34 40 -3
34 46 -8
34 68 6
34 70 -4
34 69 6
34 72 -10
34 38 -7
34 44 10
34 45 -7
34 53 7
34 59 0
34 51 -7
34 56 -7
34 35 -2
34 39 7
34 74 6
34 71 -4
34 57 -3
35 70 -10
35 62 -6
35 57 -10
35 37 -2
35 63 -5
35 50 0
35 60 5
35 72 -7
35 36 -9
35 68 -1
35 51 1
35 71 8
35 75 7
35 69 7
35 67 -4
35 47 -7
35 64 -5
35 44 8
35 66 4
35 52 2
35 53 7
35 55 9
35 46 -1
36 63 8
36 59 -10
36 55 -9
36 75 8
36 42 -8
36 67 -4
36 57 1
36 48 -1
36 38 -2
36 61 6
36 46 -9
36 45 -10
36 74 -3
36 71 2
36 69 -4
36 43 -6
36 58 -9
36 68 -8
36 72 -5
36 37 -10
36 54 8
36 49 -9
36 41 8
37 48 3
37 68 -5
37 53 -7
37 55 2
37 74 -9
37 62 -9
37 75 -8
37 56 -3
37 57 -3
37 40 10
37 67 2
37 49 -6
37 58 -3
37 72 10
37 52 7
37 73 -7
37 63 9
37 69 5
37 64 -4
37 38 8
38 46 -6
38 39 3
38 58 -3
38 64 3
38 69 -9
38 43 -2
38 68 -7
38 51 1
38 57 3
38 70 2
38 59 -3
38 48 10
38 65 8
38 61 5
38 54 -7
38 74 -2
38 66 6
38 49 -8
38 44 3
38 45 10
39 65 -1
39 49 -5
39 51 7
39 60 6
39 70 4
39 45 -4
39 61 0
39 74 4
39 66 -6
39 52 10
39 44 5
39 71 -5
39 73 -9
39 50 -5
39 72 4
39 42 2
39 43 -8
39 64 -2
39 40 -10
39 48 2
39 47 -3
40 73 -4
40 47 9
40 72 2
40 53 10
40 45 3
40 74 -3
40 55 -5
40 64 4
40 54 -2
40 62 7
40 63 3
40 43 10
40 56 -5
40 57 2
40 60 -6
40 68 -6
40 50 5
40 41 -7
41 58 4
41 66 10
41 54 -4
41 73 0
41 55 -6
41 47 4
41 61 -4
41 67 1
41 49 -7
41 51 0
41 57 4
41 74 -1
41 45 -10
41 62 -7
41 71 6
41 59 -5
41 56 -6
41 52 8
41 48 6
42 57 -4
42 68 -8
42 72 -1
42 53 3
42 73 2
42 49 0
42 61 -1
42 66 10
42 69 -9
42 55 -1
42 50 -10
42 60 -9
42 75 1
42 43 5
42 64 -5
42 67 2
42 63 10
42 54 8
42 65 -9
42 74 10
43 71 5
43 53 -3
43 70 0
43 66 -9
43 57 2
43 51 4
43 56 8
43 74 10
43 69 -6
43 46 7
43 67 1
43 44 8
43 45 5
43 62 8
44 48 9
44 74 4
44 56 -5
44 46 -4
44 65 9
44 71 3
44 45 10
44 52 -2
44 54 -2
44 75 2
44 49 -2
44 70 -1
44 47 2
44 61 2
45 49 7
45 55 -2
45 47 -5
45 60 2
45 58 -5
45 46 10
45 56 -7
45 54 7
45 70 2
45 65 -1
45 50 9
45 66 0
45 74 1
45 75 4
45 73 -2
46 47 10
46 54 -3
46 69 -4
46 63 9
46 57 10
46 60 8
46 62 -9
46 58 -8
46 72 8
46 50 -6
46 67 6
46 48 1
46 74 4
47 67 10
47 73 9
47 69 5
47 48 2
47 71 3
47 57 -8
47 53 5
47 75 -8
47 65 10
47 52 8
47 51 7
47 49 -2
48 64 -2
48 56 -7
48 52 -9
48 58 7
48 51 -1
48 75 -4
48 66 -2
48 49 0
48 63 -10
48 71 -7
48 57 8
48 73 9
48 65 -6
49 58 -8
49 50 4
49 59 -10
49 65 -10
49 56 -2
49 69 -4
49 53 5
49 70 5
49 75 -10
49 63 -9
49 74 -3
49 57 0
49 66 6
49 52 5
49 61 1
50 52 10
50 75 3
50 53 -3
50 71 0
50 67 0
50 54 -3
50 60 5
50 69 2
50 62 -5
50 55 2
50 73 -10
50 56 9
50 70 0
50 74 10
50 66 -2
50 72 1
50 59 -3
50 64 -7
51 59 6
51 57 -5
51 72 10
51 75 -7
51 68 8
51 67 -8
51 74 5
52 73 3
52 59 0
52 60 0
52 54 -5
52 71 2
52 57 4
52 61 -4
52 55 0
53 70 -1
53 62 -2
53 56 6
53 67 10
53 55 8
53 71 6
53 57 -5
53 60 9
53 66 -7
54 63 -6
54 56 4
54 57 -4
54 64 7
54 62 -2
54 55 0
54 66 1
54 75 -4
54 71 -10
54 61 9
54 59 9
55 68 2
55 69 -7
55 71 -5
55 64 9
55 62 10
56 57 -8
56 66 -3
56 73 -4
56 59 -10
56 60 -7
56 70 -9
56 65 -4
56 64 1
56 71 9
56 58 -3
57 66 -8
57 71 0
57 73 -3
57 65 -5
57 75 2
57 69 8
57 62 -3
57 63 4
57 64 10
57 61 -7
57 74 0
58 72 7
58 73 -10
58 71 -7
58 59 10
58 67 0
58 60 8
58 63 3
58 68 -3
58 70 -6
58 64 10
58 62 6
59 65 4
59 68 -5
59 73 1
59 63 7
59 74 4
60 71 -9
60 63 -10
60 68 10
60 64 -6
60 72 -9
60 73 -8
61 65 -4
61 68 -9
61 74 -8
61 62 3
61 66 -3
61 70 3
61 72 8
61 64 7
61 71 -7
61 75 10
62 74 -2
62 70 2
62 72 3
63 73 -8
63 68 5
63 70 -1
64 67 10
64 70 4
64 69 8
64 75 -5
64 65 -5
65 75 0
65 73 -5
65 67 7
65 66 -6
65 71 -1
65 72 -1
66 69 6
66 75 6
66 72 -2
66 73 -7
66 70 6
67 72 -10
67 73 -2
67 70 -6
67 75 -2
67 69 6
68 70 4
68 74 3
68 71 1
68 73 4
69 75 7
70 72 1
71 73 -8
71 74 10
72 74 -4
72 73 7
73 74 -6
