75 1388 
1 36 -5
1 42 -6
1 21 -1
1 49 2
1 38 -2
1 3 8
1 15 9
1 20 5
1 60 3
1 10 0
1 40 5
1 48 -2
1 25 0
1 22 0
1 64 -10
1 6 -5
1 41 5
1 29 4
1 26 0
1 58 -9
1 50 -10
1 18 -10
1 34 2
1 43 -6
1 68 -4
1 9 7
1 62 8
1 31 3
1 47 5
1 30 7
1 74 2
1 32 0
1 72 -4
1 7 2
1 44 -1
2 63 8
2 68 0
2 51 5
2 16 8
2 34 2
2 7 9
2 23 4
2 12 -4
2 73 9
2 3 -6
2 32 3
2 29 1
2 30 -9
2 67 1
2 48 -9
2 65 -8
2 60 10
2 54 10
2 31 10
2 44 10
2 22 7
2 14 -9
2 4 5
2 21 -10
2 28 3
2 45 1
2 69 -7
2 33 -2
2 52 3
2 5 -3
2 37 10
2 49 9
2 71 8
2 36 2
2 42 8
2 55 -4
2 72 -6
2 41 5
2 75 4
2 10 3
3 8 -4
3 75 -4
3 11 -6
3 28 8
3 49 -1
3 55 -5
3 50 7
3 47 4
3 32 6
3 37 -3
3 16 8
3 30 -3
3 21 -8
3 23 -7
3 33 8
3 41 2
3 69 5
3 65 9
3 58 -5
3 62 10
3 63 1
3 24 10
3 29 9
3 10 1
3 34 7
3 57 5
3 66 -2
3 72 -1
3 5 8
3 20 4
3 74 -9
3 35 -9
3 7 10
3 61 0
3 31 -3
4 64 3
4 62 9
4 43 -3
4 68 -6
4 19 3
4 22 0
4 28 -7
4 21 8
4 38 2
4 12 9
4 41 -8
4 45 -9
4 29 4
4 50 7
4 36 -10
4 26 10
4 52 -8
4 57 3
4 34 4
4 49 -9
4 24 -9
4 70 -1
4 20 -8
4 67 5
4 15 -4
4 65 -5
4 66 -2
4 73 9
4 16 -8
4 39 -7
4 44 -10
4 40 1
4 69 -9
4 55 1
4 59 8
5 66 10
5 13 -6
5 23 8
5 55 8
5 71 -1
5 75 -6
5 63 -8
5 26 -8
5 46 4
5 12 -5
5 34 10
5 33 -8
5 50 -5
5 57 -5
5 22 -10
5 32 -1
5 52 8
5 28 4
5 6 -4
5 20 8
5 7 -9
5 49 -8
5 16 -1
5 72 -6
5 45 8
5 25 1
5 74 0
5 59 10
5 65 -3
5 68 5
5 37 -1
5 31 5
5 9 10
5 10 -8
5 8 -10
5 62 -8
5 44 5
5 54 3
6 60 3
6 38 -9
6 47 1
6 68 -2
6 44 10
6 25 0
6 59 4
6 27 7
6 51 -10
6 49 -8
6 52 8
6 62 10
6 29 6
6 75 -10
6 64 -5
6 15 -6
6 21 6
6 23 -3
6 55 7
6 57 5
6 58 -10
6 35 10
6 46 -2
6 14 -8
6 36 -9
6 28 -10
6 72 1
6 12 -9
6 16 -5
6 65 -5
6 7 3
6 74 -1
6 24 0
6 71 7
6 33 -3
6 37 -6
6 39 7
6 63 -2
6 13 -6
6 70 10
7 17 0
7 65 10
7 51 -10
7 63 4
7 41 -10
7 69 -6
7 66 10
7 48 8
7 59 -7
7 49 6
7 72 10
7 15 8
7 22 2
7 19 -9
7 31 10
7 52 -6
7 32 -10
7 29 -6
7 27 -1
7 64 7
7 68 -9
7 40 4
7 9 -10
7 45 2
7 8 7
7 20 9
7 12 3
7 36 9
7 18 -9
7 24 -7
7 23 6
7 30 2
7 37 2
7 55 -4
7 33 -5
8 23 -7
8 55 3
8 30 4
8 59 4
8 66 -1
8 74 -7
8 48 -1
8 32 -9
8 62 -7
8 15 1
8 72 -10
8 26 9
8 56 -1
8 40 -2
8 27 10
8 14 -3
8 9 -5
8 52 6
8 24 -10
8 19 9
8 11 8
8 63 6
8 12 9
8 73 2
8 50 -3
8 22 -5
8 61 -7
8 33 6
8 60 1
8 57 -2
8 68 -4
8 75 5
8 16 -7
8 38 -1
8 67 -7
9 60 9
9 62 3
9 64 5
9 17 -5
9 52 -7
9 38 4
9 53 3
9 70 -4
9 63 -7
9 71 3
9 65 -4
9 61 -8
9 46 -8
9 29 4
9 50 -9
9 39 9
9 49 -6
9 73 3
9 27 -2
9 23 4
9 67 -5
9 54 -1
9 75 5
9 56 9
9 48 -2
9 41 0
9 42 2
9 57 -6
9 36 4
9 55 0
9 28 -9
9 30 5
9 45 1
10 71 -6
10 22 3
10 53 1
10 26 7
10 51 -9
10 69 5
10 67 6
10 44 9
10 15 8
10 60 -6
10 49 5
10 32 -1
10 72 -6
10 54 -7
10 45 1
10 57 2
10 48 9
10 46 -6
10 63 9
10 13 10
10 47 6
10 64 -10
10 50 -9
10 17 3
10 36 -1
10 40 6
10 31 3
10 27 1
10 11 5
10 55 -2
10 29 -5
10 14 -9
10 30 9
10 20 5
10 61 10
10 23 -10
10 65 -9
11 40 -10
11 49 -3
11 52 10
11 23 0
11 69 -6
11 35 9
11 20 -6
11 60 4
11 15 -7
11 17 8
11 68 -8
11 33 -4
11 66 2
11 72 3
11 47 -7
11 34 -10
11 18 9
11 37 9
11 36 2
11 74 0
11 39 0
11 53 2
11 64 -3
11 13 -4
11 27 9
11 48 -10
11 25 6
11 41 -3
11 59 2
11 43 0
11 75 6
11 44 9
11 70 -8
11 55 2
12 58 3
12 74 7
12 71 -1
12 36 10
12 24 -3
12 15 -2
12 60 6
12 65 -1
12 27 -1
12 48 -8
12 14 -9
12 28 -5
12 22 7
12 39 -1
12 43 8
12 72 9
12 42 -8
12 46 10
12 64 -7
12 47 10
12 26 -1
12 32 -3
12 59 1
12 75 -8
12 49 -2
12 44 0
12 29 2
13 50 -8
13 64 1
13 61 5
13 34 -4
13 24 -6
13 31 -8
13 38 4
13 37 4
13 73 -2
13 35 -10
13 66 10
13 40 -2
13 17 -5
13 44 7
13 41 8
13 26 0
13 57 -3
13 15 -7
13 46 -10
13 33 -10
13 69 0
13 51 -4
13 20 -10
13 39 10
13 47 3
13 58 0
13 63 2
13 21 -5
13 30 2
13 74 7
14 74 -3
14 38 3
14 51 5
14 33 4
14 23 10
14 17 8
14 21 -9
14 42 6
14 18 -3
14 52 -6
14 37 -8
14 67 -7
14 54 9
14 70 -8
14 36 -2
14 57 -7
14 64 4
14 27 3
14 26 -5
14 68 1
14 32 1
14 72 -3
14 22 -9
14 59 -10
14 34 -8
14 58 -3
14 40 3
14 71 5
14 49 7
14 69 2
14 29 -2
15 49 -3
15 23 7
15 44 -9
15 37 5
15 74 -4
15 17 10
15 50 9
15 70 5
15 56 9
15 59 3
15 64 -4
15 32 -3
15 55 -4
15 25 6
15 28 -9
15 63 5
15 46 7
15 39 2
15 75 1
15 41 10
15 66 -7
15 47 -4
15 36 7
15 42 7
15 19 -6
15 35 7
15 22 0
15 72 1
15 26 -2
15 60 8
15 31 0
16 75 8
16 73 -7
16 25 8
16 47 -9
16 70 7
16 22 7
16 71 -5
16 59 -1
16 74 2
16 48 -6
16 51 -2
16 63 -8
16 65 1
16 69 1
16 68 10
16 36 8
16 18 -8
16 20 -5
16 35 7
16 67 -5
16 56 -7
16 37 4
16 64 -8
16 62 2
16 21 -10
16 49 -6
16 50 -1
16 43 -9
17 23 -1
17 22 -6
17 26 8
17 57 -9
17 20 2
17 58 7
17 75 6
17 56 4
17 41 7
17 25 -10
17 62 7
17 24 4
17 33 -5
17 44 0
17 68 6
17 74 3
17 73 0
17 34 -2
17 69 4
17 28 1
17 64 3
17 52 -1
17 59 -6
17 42 1
17 21 -10
18 24 2
18 44 5
18 35 -9
18 22 6
18 39 9
18 31 1
18 72 6
18 30 0
18 53 8
18 56 -3
18 20 -9
18 60 2
18 26 -6
18 75 6
18 49 -3
18 52 6
18 46 -10
18 40 -7
18 43 -4
18 54 4
18 27 -2
18 73 -2
18 28 -8
18 33 -2
18 50 -4
18 64 8
18 47 7
18 65 0
18 71 10
18 70 3
18 67 -7
18 51 -3
18 19 0
18 42 -6
18 48 1
18 37 4
19 29 -1
19 35 -9
19 58 -8
19 48 9
19 53 3
19 55 0
19 62 -2
19 31 -9
19 46 2
19 26 -8
19 36 5
19 44 -8
19 75 -4
19 30 0
19 42 -1
19 68 7
19 21 -1
19 71 9
19 50 -10
19 70 10
19 59 -2
19 27 8
19 66 5
19 49 -7
19 45 -1
19 43 3
19 52 5
19 74 -8
20 70 -6
20 36 -4
20 42 8
20 54 -1
20 59 -6
20 32 3
20 30 8
20 47 -4
20 34 0
20 52 -7
20 61 -4
20 39 5
20 40 6
20 35 5
20 56 -8
20 25 5
20 38 -3
20 69 -4
20 65 -9
20 49 8
20 46 -8
20 51 -7
20 66 6
20 23 6
20 53 -7
20 31 8
20 33 -9
20 50 -4
20 22 2
20 64 -6
20 43 -6
20 48 9
21 60 -3
21 75 -6
21 61 -7
21 25 -1
21 44 2
21 53 6
21 56 1
21 29 -4
21 22 5
21 73 -6
21 57 4
21 33 6
21 70 9
21 63 -8
21 49 1
21 34 1
21 65 -10
21 46 0
21 39 5
21 51 -7
21 71 0
21 48 9
21 43 5
22 65 7
22 34 -7
22 24 -6
22 59 -10
22 68 -7
22 56 3
22 43 10
22 29 4
22 50 -8
22 39 6
22 66 -5
22 44 -7
22 52 6
22 72 -8
22 51 -10
22 73 -1
22 53 10
22 40 10
22 47 -3
22 58 -1
22 27 -4
22 61 -5
22 42 9
22 55 0
22 37 -2
22 33 -7
22 70 -8
23 64 3
23 36 -3
23 58 4
23 28 -1
23 56 2
23 32 10
23 60 -9
23 38 -1
23 75 8
23 55 -7
23 29 -8
23 33 6
23 70 1
23 74 -7
23 69 -8
23 24 10
23 73 2
23 50 2
23 26 3
23 40 -4
23 46 -2
23 59 -5
23 42 7
23 37 10
23 62 6
23 67 -3
23 41 1
23 54 8
24 48 -1
24 27 0
24 45 -5
24 62 5
24 35 4
24 56 -1
24 54 6
24 73 6
24 30 6
24 69 2
24 72 -6
24 60 7
24 39 -4
24 37 -3
24 63 0
24 34 -5
24 29 -5
24 55 6
24 31 4
24 68 6
24 44 0
24 36 -5
24 58 -2
24 40 10
24 43 0
24 74 6
24 51 -3
25 45 8
25 42 3
25 37 -5
25 46 -7
25 74 0
25 32 1
25 48 7
25 60 -5
25 27 1
25 69 -2
25 68 6
25 28 2
25 66 5
25 67 3
25 63 -3
25 53 -10
25 61 -1
25 30 -3
25 38 9
25 44 2
25 40 -2
25 49 2
26 67 -10
26 42 6
26 75 8
26 44 7
26 65 1
26 71 -4
26 68 -6
26 33 -1
26 40 -5
26 39 -6
26 66 -3
26 32 8
26 64 -3
26 52 -4
26 53 9
26 62 3
26 69 6
26 48 10
26 51 -7
26 43 -3
26 41 5
26 56 7
26 30 -8
26 50 4
27 58 7
27 49 -4
27 53 9
27 61 3
27 62 -8
27 68 2
27 65 -5
27 36 -9
27 59 -1
27 28 2
27 66 1
27 29 -3
27 51 -7
27 56 10
27 37 -7
27 64 -10
27 57 9
27 39 7
27 67 6
27 47 2
27 72 4
28 69 -1
28 60 7
28 45 9
28 46 2
28 32 4
28 41 8
28 62 4
28 74 0
28 35 7
28 61 -3
28 39 -6
28 59 9
28 73 -4
28 57 -8
28 70 -10
28 43 -8
28 47 1
28 71 0
28 52 9
28 55 -1
28 29 7
29 62 3
29 71 -4
29 37 9
29 33 -2
29 73 7
29 59 1
29 66 -1
29 56 8
29 39 2
29 45 -5
29 47 -8
29 64 2
29 72 -3
29 53 9
29 42 8
29 38 2
29 40 5
29 63 3
29 52 -4
29 67 4
29 65 -9
29 49 7
29 74 -6
29 46 4
29 75 0
30 44 3
30 34 8
30 50 1
30 39 1
30 74 -9
30 61 1
30 65 0
30 54 -1
30 57 5
30 75 -8
30 35 9
30 48 -6
30 32 8
30 56 2
30 60 6
30 43 -8
30 45 7
30 64 -9
31 62 7
31 57 10
31 36 5
31 70 0
31 47 10
31 58 10
31 71 3
31 53 -8
31 52 3
31 51 0
31 50 8
31 43 -4
31 54 -2
31 68 -7
31 34 10
31 67 -3
31 44 9
31 69 5
31 38 5
31 64 -8
31 46 -8
32 51 4
32 43 6
32 46 8
32 53 1
32 33 -3
32 60 -4
32 75 7
32 52 -7
32 57 -7
32 40 0
32 65 -1
32 47 8
32 36 5
32 59 6
32 41 4
32 72 10
32 55 1
32 39 0
32 49 -10
32 42 8
33 49 -2
33 36 7
33 57 2
33 56 9
33 54 3
33 44 -2
33 58 1
33 40 3
33 41 2
33 65 10
33 46 -8
33 42 -5
33 60 -7
33 47 -8
33 72 0
33 43 0
33 64 -8
33 38 -1
33 50 -10
33 69 3
33 61 -6
34 70 0
34 64 3
34 61 6
34 39 6
34 43 5
34 49 -10
34 38 3
34 45 -8
34 67 7
34 62 -2
34 54 4
34 59 -4
34 75 5
34 71 4
34 68 10
34 40 4
35 75 10
35 65 -3
35 53 0
35 55 5
35 36 -7
35 73 -9
35 72 -3
35 56 1
35 64 5
35 45 -10
35 67 0
35 70 0
35 37 4
35 54 3
36 60 6
36 49 -7
36 37 -10
36 67 7
36 53 -2
36 57 6
36 58 -1
36 50 5
36 66 -10
36 73 4
36 46 -8
36 56 -3
36 71 -6
36 64 7
36 41 -5
36 44 9
36 75 8
36 42 4
36 69 4
36 55 2
36 59 -3
37 58 -2
37 48 -8
37 39 -3
37 57 6
37 69 -3
37 51 -10
37 72 -9
37 70 -10
37 71 -9
37 56 -7
37 50 -6
37 73 5
37 74 7
37 64 1
37 43 -2
37 61 0
37 67 -5
38 54 8
38 44 -3
38 68 -2
38 62 -1
38 73 7
38 48 9
38 57 6
38 60 -9
38 61 9
38 47 -4
38 64 -1
38 56 -5
38 43 3
38 55 -6
38 63 -8
38 67 2
38 71 7
38 58 6
38 39 0
38 49 -7
38 52 -5
38 59 8
38 46 -2
38 40 -10
39 50 -2
39 42 -1
39 75 6
39 63 -2
39 59 -3
39 40 -2
39 46 -10
39 71 -8
39 61 2
39 45 -7
39 73 -3
39 72 -6
39 51 6
40 54 -4
40 47 0
40 48 -8
40 57 9
40 69 -10
40 62 6
40 64 10
40 56 4
40 73 1
40 68 0
40 55 1
40 43 -1
40 41 2
40 74 9
40 52 7
40 65 -10
40 63 7
40 53 7
41 69 -7
41 56 -1
41 52 7
41 48 -1
41 74 2
41 65 7
41 53 -9
41 55 9
41 46 -8
41 45 1
41 75 6
41 59 2
41 62 -7
41 42 10
41 57 -3
42 61 -8
42 55 -2
42 67 -4
42 54 -8
42 57 2
42 56 4
42 68 -1
42 72 0
42 53 -6
42 66 5
42 63 -5
42 44 -10
42 70 7
42 46 -6
42 50 -9
42 58 -6
43 63 -3
43 62 2
43 50 -8
43 55 -6
43 53 8
43 64 -3
43 47 -5
43 56 6
43 68 2
43 44 -1
43 48 2
43 59 -2
43 66 2
43 71 2
43 57 1
43 49 9
43 73 7
43 75 4
44 72 -6
44 71 8
44 60 2
44 63 -7
44 73 -1
44 53 9
44 46 8
44 62 -8
44 69 -9
44 47 -7
44 68 -3
44 51 -1
44 59 -9
45 69 7
45 65 1
45 67 0
45 58 1
45 56 0
45 53 -2
45 51 2
45 50 -7
45 52 0
45 47 -5
45 59 -7
45 63 -3
45 62 -7
45 49 -9
45 75 -5
45 74 4
45 68 6
45 64 -5
46 75 -7
46 72 7
46 70 9
46 61 0
46 50 -8
46 65 0
46 48 -8
46 54 5
46 60 -7
46 68 6
46 51 7
47 73 8
47 50 -2
47 56 -4
47 64 3
47 71 -7
47 63 -7
47 51 6
47 59 1
47 55 5
47 52 -6
47 57 9
47 61 1
47 74 0
48 62 -6
48 58 -4
48 67 9
48 61 7
48 72 10
48 70 5
48 54 -5
48 75 8
48 69 -9
48 60 -1
48 74 -7
48 66 0
48 49 10
48 51 2
48 59 -9
48 53 -2
49 52 -1
49 50 3
49 60 -7
49 58 4
49 64 -1
49 62 -4
49 70 -3
49 54 4
49 51 -2
49 73 9
49 68 -10
49 53 -8
50 55 -3
50 58 0
50 75 -10
50 67 -4
50 62 2
50 56 -9
50 72 7
50 61 7
50 65 1
50 64 -6
50 68 -10
50 54 9
50 69 -5
50 59 -9
51 57 0
51 58 -10
51 70 7
51 54 -4
51 55 9
51 66 0
51 59 10
51 65 -5
51 56 -7
51 69 -7
51 61 -1
51 74 -4
52 54 -3
52 68 8
52 59 -5
52 75 8
52 66 4
52 62 -2
52 73 -9
52 71 -10
52 64 7
52 60 -3
52 58 1
52 63 6
52 74 0
53 66 0
53 60 0
53 72 -3
53 61 -5
53 70 4
53 68 9
53 55 -4
53 71 5
53 54 9
53 64 -3
53 57 6
53 59 3
54 55 -4
54 69 2
54 60 1
54 58 -2
54 74 -8
54 57 1
54 62 -3
54 59 9
54 64 -5
54 66 -6
55 59 -3
55 71 6
55 75 10
55 72 -6
55 73 2
55 62 -5
55 65 6
55 56 -6
55 57 7
55 67 -9
56 62 1
56 75 10
56 73 4
56 59 -7
56 63 -6
56 67 -1
56 60 0
56 71 7
56 69 -5
56 57 10
56 66 4
56 65 0
57 71 -1
57 63 10
57 65 2
57 59 -9
57 61 4
57 64 -8
57 66 1
57 75 6
57 69 2
57 73 10
57 70 6
57 58 -9
58 75 -2
58 72 -1
58 61 -3
58 65 -1
58 63 8
58 66 9
58 59 6
58 74 4
59 69 -5
59 63 -2
59 62 -3
59 75 8
59 68 -3
59 74 6
59 71 2
59 60 -4
60 63 -3
60 69 -2
60 70 5
60 73 -2
60 71 8
61 65 -5
61 75 7
61 70 7
61 74 1
61 64 8
61 63 3
61 71 0
61 72 2
61 69 7
61 73 10
62 64 -3
62 71 -8
62 66 0
62 67 -2
63 71 1
63 74 -5
63 65 8
63 67 9
63 68 9
64 71 -4
64 74 -9
64 70 -4
64 75 8
64 67 -1
64 65 -6
64 68 -9
64 72 -7
64 73 6
65 71 5
65 74 3
65 69 -2
65 75 3
65 67 -10
66 75 -8
66 72 -6
66 74 8
66 70 -6
67 75 6
67 74 6
67 72 -6
68 70 -8
68 71 -8
68 74 -7
68 72 0
68 69 -5
69 70 1
69 71 0
69 74 4
71 72 -1
71 75 1
71 73 -1
72 75 2
72 73 -4
72 74 8
