75 1388 
1 40 -10
1 46 5
1 67 3
1 15 0
1 21 -8
1 37 -6
1 47 -4
1 18 5
1 72 -9
1 39 -4
1 51 3
1 59 10
1 50 -3
1 56 -2
1 38 -7
1 54 -3
1 6 2
1 28 1
1 42 6
1 52 -9
1 5 7
1 22 -8
1 4 -3
1 58 7
1 73 5
1 45 4
1 61 4
1 9 -6
1 10 0
1 12 -3
1 33 6
1 27 2
1 44 10
2 71 10
2 61 -3
2 8 -7
2 72 6
2 63 -1
2 52 -8
2 23 -1
2 41 -3
2 49 -6
2 12 -5
2 9 2
2 29 -10
2 19 2
2 32 7
2 35 -8
2 69 2
2 17 -6
2 31 9
2 57 -10
2 38 -5
2 65 -2
2 51 -8
2 58 -1
2 14 0
2 47 9
2 27 2
2 13 8
2 22 7
2 67 -10
3 16 -7
3 71 7
3 55 -9
3 12 6
3 38 9
3 40 6
3 35 -5
3 39 6
3 53 10
3 33 3
3 34 10
3 42 0
3 7 7
3 64 -6
3 30 4
3 58 8
3 69 -2
3 17 4
3 72 -3
3 57 5
3 32 9
3 73 -3
3 44 -2
3 26 -2
3 11 2
3 10 -3
3 25 -3
3 21 10
3 52 -7
3 61 2
3 41 -5
3 43 -2
3 37 -2
3 74 -9
3 45 2
3 24 -2
3 19 -5
4 66 3
4 40 1
4 12 2
4 57 1
4 34 -7
4 41 -1
4 43 10
4 21 -4
4 48 -5
4 8 -9
4 50 5
4 72 10
4 46 -6
4 18 -1
4 58 6
4 74 -8
4 16 3
4 51 5
4 23 -10
4 13 10
4 47 5
4 31 -2
4 55 3
4 65 -10
4 29 9
4 6 1
4 30 -4
4 7 3
4 53 -9
4 28 -10
4 60 -3
4 15 7
4 39 -10
4 19 -5
4 17 0
4 5 0
4 68 -4
4 62 2
4 70 9
5 63 6
5 36 -4
5 31 -4
5 69 -5
5 71 10
5 11 -1
5 41 -2
5 37 -4
5 17 8
5 29 -3
5 9 -5
5 48 4
5 45 -10
5 58 9
5 64 0
5 61 2
5 52 0
5 51 6
5 59 3
5 22 9
5 74 -6
5 27 -9
5 38 -5
5 75 -8
5 67 2
5 33 -6
5 24 3
5 57 5
5 50 -9
5 46 4
5 62 -5
5 56 9
5 14 -2
5 53 -7
6 75 5
6 16 -4
6 27 3
6 55 6
6 18 -3
6 64 6
6 36 -4
6 8 -6
6 62 2
6 52 -5
6 67 1
6 15 -9
6 21 6
6 60 -3
6 41 4
6 42 9
6 38 -6
6 31 -3
6 17 -7
6 43 6
6 7 3
6 14 -6
6 44 -3
6 26 4
6 22 -4
6 63 6
6 48 -8
6 20 3
6 51 -4
6 59 -5
6 57 3
6 37 -3
6 65 5
6 29 -2
6 10 3
6 30 10
7 59 2
7 40 2
7 20 -3
7 64 -1
7 31 -2
7 8 -5
7 54 -7
7 62 9
7 58 -4
7 13 4
7 24 10
7 41 2
7 50 -6
7 61 -8
7 18 -7
7 27 4
7 25 3
7 9 -8
7 73 -8
7 10 -7
7 29 2
7 16 -4
7 55 -2
7 72 10
7 45 7
7 17 7
7 52 2
7 63 -7
7 66 0
7 75 4
8 28 -1
8 22 10
8 74 -7
8 58 3
8 73 -7
8 52 -9
8 35 3
8 23 -9
8 13 3
8 17 2
8 31 -4
8 40 -4
8 30 -7
8 37 2
8 48 5
8 53 -1
8 54 0
8 32 0
8 46 10
8 70 2
8 45 5
8 27 1
8 36 8
8 43 8
8 59 3
8 29 9
8 75 -4
8 60 -7
8 62 8
8 56 -7
8 41 5
8 69 -6
8 24 -7
8 11 -9
8 44 -10
8 65 -9
8 68 -6
8 9 5
8 26 7
8 16 7
9 63 -8
9 69 5
9 31 5
9 66 1
9 47 6
9 71 10
9 58 -10
9 12 2
9 51 -8
9 24 10
9 75 -3
9 10 -8
9 36 -8
9 25 9
9 42 -6
9 54 6
9 34 8
9 72 4
9 13 -9
9 20 -1
9 67 -2
9 39 2
9 27 -2
9 44 -3
9 15 4
9 56 9
9 17 -2
9 43 2
9 61 0
9 29 5
9 59 -4
9 48 7
9 60 8
9 23 10
10 59 2
10 21 2
10 71 -9
10 23 4
10 70 2
10 17 6
10 46 -8
10 26 0
10 51 2
10 67 7
10 34 4
10 73 -7
10 16 6
10 39 -4
10 52 -10
10 72 -2
10 74 -10
10 19 2
10 64 -8
10 58 1
10 44 -10
10 20 8
10 11 -7
10 24 9
10 60 -7
10 49 9
10 57 -9
10 25 1
10 40 8
10 12 10
10 42 7
10 13 -4
10 47 -4
10 32 -10
11 37 -5
11 35 -6
11 47 -10
11 21 5
11 65 -1
11 52 2
11 56 7
11 41 3
11 16 3
11 53 -4
11 70 9
11 46 -5
11 58 4
11 54 9
11 48 0
11 55 8
11 60 9
11 61 0
11 24 7
11 19 -7
11 20 -5
11 12 -9
11 71 9
11 51 -6
11 66 4
12 23 -8
12 49 6
12 57 -5
12 58 -5
12 75 2
12 27 5
12 73 8
12 70 10
12 55 -8
12 64 1
12 43 -1
12 62 -3
12 66 2
12 74 4
12 17 -3
12 60 -3
12 37 9
12 52 3
12 68 -3
12 38 8
12 31 -5
12 25 -7
12 34 4
12 45 10
12 54 9
12 69 10
12 30 0
12 61 -2
12 40 -4
12 22 10
13 22 -10
13 31 10
13 54 -4
13 17 -4
13 14 2
13 49 -4
13 25 -8
13 30 -10
13 43 6
13 41 -6
13 60 -8
13 36 -3
13 50 9
13 45 -7
13 35 9
13 55 6
13 40 0
13 66 2
13 62 10
13 18 -8
13 68 -3
13 42 -10
13 69 -10
13 73 -7
13 74 -5
13 24 -5
13 52 7
13 71 1
13 37 10
13 20 -2
14 52 5
14 66 3
14 58 8
14 36 -8
14 69 7
14 53 -10
14 38 8
14 44 8
14 48 -4
14 23 0
14 59 -9
14 50 -3
14 30 7
14 64 -8
14 37 0
14 43 -10
14 26 5
14 54 1
14 21 -2
14 60 2
14 32 -6
14 71 9
14 16 3
14 24 -1
14 31 -2
14 45 7
14 73 3
14 42 -3
14 70 -5
14 65 9
14 22 -4
14 29 -5
14 74 -2
14 56 8
15 74 -2
15 43 2
15 40 7
15 21 -3
15 69 -2
15 37 -3
15 67 1
15 46 -7
15 31 4
15 52 -1
15 28 6
15 65 2
15 49 6
15 54 8
15 66 2
15 20 -4
15 19 -3
15 32 10
15 70 -7
15 47 4
15 30 -8
15 33 8
15 23 3
15 55 -10
15 17 9
15 16 3
15 51 1
15 50 2
16 24 6
16 20 7
16 56 -10
16 74 -5
16 28 -7
16 59 3
16 61 -9
16 47 5
16 34 10
16 55 6
16 65 -1
16 72 -9
16 21 -9
16 50 -1
16 33 7
16 75 6
16 18 -4
16 41 -3
16 42 7
16 48 8
16 17 2
16 32 -10
16 57 8
16 58 3
16 64 6
16 71 0
16 29 2
16 52 7
16 69 -4
16 62 -4
16 40 -9
17 40 8
17 23 -9
17 27 -9
17 63 -6
17 54 -3
17 20 3
17 26 6
17 43 -8
17 24 8
17 51 -5
17 74 -7
17 71 -10
17 22 8
17 39 8
17 57 -5
17 29 -9
17 32 4
17 18 2
17 50 9
17 52 -2
17 21 2
17 35 -2
17 41 3
17 49 -2
17 70 1
17 73 1
17 60 -9
17 31 1
17 53 -3
17 45 -8
18 28 8
18 52 5
18 46 5
18 73 5
18 33 0
18 29 8
18 74 10
18 59 5
18 61 -1
18 41 8
18 42 7
18 72 3
18 26 6
18 64 -9
18 24 -7
18 23 4
18 54 2
18 56 -5
18 68 1
18 45 -2
18 63 -9
18 70 7
18 43 9
18 55 1
18 35 -4
18 31 -8
19 28 -5
19 46 -9
19 65 10
19 66 -6
19 73 -8
19 57 5
19 43 0
19 42 9
19 39 0
19 27 5
19 44 -9
19 41 9
19 22 -1
19 36 -1
19 52 -2
19 50 -2
19 35 -5
19 60 -6
19 72 3
19 62 -8
19 38 -2
19 51 6
19 25 8
19 48 8
19 53 2
19 63 4
19 59 2
19 34 -3
20 42 6
20 72 -6
20 32 10
20 40 -10
20 44 3
20 64 -9
20 62 -10
20 28 -9
20 63 8
20 66 4
20 55 4
20 30 -9
20 54 -2
20 70 4
20 71 -6
20 36 -1
20 35 4
20 60 -7
20 43 4
20 45 9
20 75 10
20 67 0
20 46 10
20 39 -8
20 73 -3
20 33 4
20 49 6
21 55 7
21 72 -8
21 65 1
21 44 10
21 75 -10
21 34 10
21 54 8
21 24 -4
21 42 8
21 46 -5
21 43 -6
21 35 10
21 31 5
21 71 -10
21 70 1
21 27 4
21 25 5
21 32 -1
21 36 2
21 38 10
21 69 7
21 29 -6
22 75 3
22 37 -3
22 32 0
22 44 4
22 54 -7
22 43 -2
22 40 2
22 30 2
22 57 5
22 73 4
22 45 -6
22 67 -8
22 39 -2
22 52 7
22 55 -8
22 36 8
22 41 -2
22 60 7
22 59 -6
22 33 -2
22 24 -4
22 61 2
22 66 -3
22 50 -2
22 51 -9
23 71 2
23 65 -6
23 39 -10
23 30 1
23 36 10
23 33 -4
23 27 5
23 26 -5
23 24 -3
23 63 1
23 32 10
23 31 3
23 29 -5
23 49 6
23 34 9
23 72 -4
23 56 -5
23 54 -4
23 28 -4
23 58 -10
23 45 10
23 69 -1
23 35 8
23 74 5
23 46 -3
23 40 8
24 67 0
24 45 1
24 43 -5
24 52 -9
24 39 -9
24 49 1
24 30 6
24 51 10
24 69 4
24 26 -3
24 36 10
24 70 -9
24 32 -1
24 44 7
24 28 -1
24 58 -4
24 71 -7
24 47 -9
25 62 -10
25 41 4
25 66 6
25 59 6
25 63 9
25 37 2
25 45 -8
25 46 3
25 40 4
25 50 -10
25 28 -7
25 54 -1
25 33 5
25 55 5
25 31 0
25 56 -9
25 39 3
25 34 3
25 30 -2
25 53 10
25 69 8
25 72 7
25 57 -3
25 58 6
26 28 -6
26 53 -6
26 67 5
26 59 -7
26 38 -4
26 33 9
26 44 -6
26 72 10
26 30 4
26 68 0
26 36 9
26 40 -5
26 31 0
26 50 -4
26 65 -9
26 48 9
26 69 6
26 35 -8
26 75 10
26 63 10
26 60 1
26 64 1
26 43 3
26 62 -8
26 37 -2
26 27 6
26 32 3
26 45 1
26 47 -7
26 46 -7
26 51 -5
27 70 6
27 56 9
27 44 10
27 64 -9
27 35 -10
27 43 7
27 45 10
27 68 4
27 37 4
27 61 -2
27 62 9
27 29 -8
27 38 7
27 72 1
27 69 -7
27 46 7
27 52 8
27 53 4
27 49 6
28 48 -4
28 46 9
28 50 -5
28 58 -10
28 44 9
28 59 -5
28 68 8
28 70 9
28 55 5
28 66 -10
28 36 8
28 34 -7
28 41 -9
28 32 -8
28 60 5
28 39 -5
28 63 -3
28 62 -10
28 51 -4
28 33 -1
28 54 -3
28 61 6
28 52 10
28 65 3
29 70 -3
29 31 -3
29 50 -7
29 60 0
29 35 5
29 37 6
29 32 1
29 51 -2
29 38 -7
29 42 1
29 30 6
29 71 1
29 47 9
29 58 7
29 34 6
29 45 8
29 53 -7
29 55 -8
29 63 -9
29 33 0
29 36 0
29 39 3
29 67 5
29 69 6
29 57 3
30 40 -4
30 70 0
30 32 -5
30 51 0
30 41 3
30 31 -5
30 46 -3
30 65 0
30 72 5
30 55 0
30 54 7
30 66 10
30 43 -6
30 67 -4
30 75 -4
30 62 10
30 45 5
30 35 -10
30 64 -4
30 50 -6
30 34 6
30 37 -4
30 44 -3
30 53 -4
30 39 -3
31 50 6
31 69 4
31 55 0
31 65 -7
31 34 1
31 67 9
31 75 -1
31 56 10
31 66 -1
31 59 -6
31 73 2
31 37 -7
31 38 -2
31 39 -10
31 64 8
31 57 6
31 63 -1
31 36 3
31 71 -7
31 41 6
31 45 5
31 51 5
31 49 -7
32 47 0
32 48 -10
32 69 -10
32 54 1
32 65 -6
32 36 2
32 34 1
32 41 9
32 44 -6
32 66 -9
32 42 1
32 49 -6
32 45 0
32 51 -8
32 46 -5
32 33 4
32 60 -10
32 40 -8
32 39 -4
32 55 4
32 57 -10
32 50 -7
32 75 1
32 43 10
33 40 2
33 69 0
33 57 0
33 68 -8
33 51 1
33 60 -4
33 49 -6
33 55 -2
33 35 -4
33 39 -6
33 74 10
33 46 1
33 75 8
33 53 1
33 47 1
33 50 -7
33 54 2
33 63 -8
33 34 5
33 52 10
33 45 -6
34 69 -4
34 42 -5
34 62 -6
34 35 1
34 74 -10
34 37 3
34 66 -7
34 50 2
34 41 -7
34 55 10
34 45 -3
34 70 -5
34 53 4
34 72 -6
34 46 -2
34 39 -10
34 38 -2
34 63 -10
34 59 9
34 57 10
34 52 -6
35 51 10
35 72 -6
35 41 -6
35 68 7
35 62 5
35 37 4
35 73 9
35 48 5
35 47 3
35 71 5
35 56 -7
35 43 4
35 38 -4
35 42 -5
35 44 8
35 74 -1
35 36 -1
35 52 7
35 65 2
35 45 -7
35 54 9
35 66 -2
36 49 -6
36 40 -1
36 57 -3
36 60 -4
36 51 -3
36 55 -8
36 63 0
36 72 -5
36 38 -3
36 44 7
36 41 -5
36 74 1
36 53 9
36 67 4
36 45 -8
36 46 5
37 62 -10
37 71 -9
37 45 3
37 51 5
37 46 7
37 40 8
37 64 5
37 61 -4
37 59 10
37 53 9
37 66 -7
37 39 0
37 60 -4
37 52 -1
37 65 6
37 72 -1
37 50 8
38 58 9
38 53 7
38 48 4
38 54 -2
38 57 2
38 45 -8
38 63 7
38 52 -10
38 59 4
38 72 1
38 70 10
38 42 -1
38 44 -6
38 74 5
38 39 10
38 68 7
38 50 -4
39 52 -3
39 62 1
39 49 -6
39 47 4
39 48 -5
39 51 1
39 53 -3
39 40 -9
39 57 -2
39 60 0
39 54 3
39 74 2
39 64 0
39 70 9
40 69 7
40 75 -3
40 72 -6
40 41 3
40 68 2
40 52 -7
40 62 -7
40 46 7
40 43 1
40 60 3
40 45 4
40 67 -9
40 54 6
40 70 5
40 49 -1
40 58 -8
40 44 -7
40 64 1
40 47 6
40 55 8
40 56 0
40 65 9
40 61 6
40 73 1
41 42 -8
41 43 9
41 67 -1
41 50 -4
41 46 -6
41 60 10
41 45 2
41 53 -6
41 71 1
41 44 -8
41 63 -9
41 62 6
41 52 -8
41 47 -8
41 51 10
41 59 8
41 74 6
42 43 5
42 46 7
42 70 -1
42 65 10
42 51 10
42 56 4
42 66 -1
42 49 9
42 73 9
42 75 -2
42 74 0
42 50 -4
42 45 -2
42 64 4
42 60 -6
42 63 4
42 62 -5
43 73 10
43 72 10
43 58 2
43 47 0
43 50 -1
43 68 -1
43 74 5
43 67 -5
43 55 8
43 59 7
43 54 6
43 70 -4
44 54 6
44 45 -10
44 68 0
44 57 -10
44 59 -6
44 67 -7
44 51 -2
44 63 -6
44 60 -5
44 53 3
44 74 6
44 49 10
44 75 6
44 62 3
44 70 2
44 55 6
44 71 0
44 52 -6
45 70 9
45 74 -1
45 65 -6
45 56 -9
45 58 10
45 66 -7
45 61 -3
45 59 -5
45 73 -9
45 68 6
45 67 6
45 49 -3
46 60 1
46 67 4
46 58 -4
46 63 0
46 51 -5
46 73 -5
46 62 -10
46 56 -7
46 61 -8
46 74 9
46 70 2
46 69 -7
46 49 4
46 75 6
46 50 3
46 64 -2
46 53 -2
46 57 -7
47 68 7
47 71 -9
47 70 6
47 52 3
47 62 -3
47 55 -4
47 49 2
47 61 6
47 72 0
47 53 2
47 58 -6
47 57 -5
47 74 2
47 73 -7
47 48 -4
47 69 8
47 54 3
47 65 1
47 51 2
48 72 -4
48 50 -1
48 54 -4
48 51 -8
48 62 -4
48 66 3
48 61 4
48 73 2
48 55 -3
48 74 0
48 75 0
48 58 7
48 71 -10
48 68 1
48 63 9
48 53 9
48 56 -9
48 60 4
49 60 -3
49 54 9
49 68 -2
49 52 -8
49 61 -5
49 74 7
49 56 7
49 64 8
49 51 -9
49 55 8
49 50 0
50 72 6
50 71 -3
50 68 0
50 67 -3
50 56 -6
50 69 -6
50 59 -1
50 51 -3
50 52 -9
50 64 10
50 75 9
50 63 -7
50 53 -6
50 54 9
51 65 2
51 52 -10
51 74 -1
51 68 9
51 71 1
51 60 -4
51 54 -2
51 67 -7
51 64 -9
51 58 -6
51 53 0
51 61 -1
51 73 -4
51 57 -4
51 72 -6
52 71 -4
52 65 5
52 53 2
52 74 -8
52 55 7
52 54 5
52 70 -6
52 64 -6
52 66 6
52 73 -4
53 70 0
53 65 -5
53 59 -4
53 63 5
53 72 -2
53 74 6
53 71 -5
53 66 9
53 73 1
53 75 -7
53 58 10
53 62 7
53 57 -1
53 61 2
53 68 5
53 55 -2
53 54 3
53 56 5
54 63 -10
54 71 9
54 67 10
54 61 6
54 64 -6
54 62 1
54 72 -4
54 57 3
54 56 1
54 58 -9
54 74 -6
54 59 2
54 70 5
55 59 2
55 61 -7
55 64 -1
55 67 8
55 63 -8
55 71 -1
55 68 0
55 66 -5
55 56 -6
56 60 -5
56 59 5
56 62 2
56 57 1
56 71 -5
56 74 1
57 71 -3
57 72 7
57 67 6
57 61 -1
57 63 0
57 62 -8
57 74 -8
57 59 -3
57 75 10
57 60 1
57 73 -2
58 74 0
58 60 4
58 62 -4
58 68 10
58 66 4
58 65 9
58 63 -8
58 69 -3
58 67 5
58 59 7
59 63 -2
59 64 -9
59 72 9
59 60 -7
59 68 -4
59 75 10
59 62 -7
59 69 9
59 65 -4
60 68 10
60 62 -7
60 63 -3
60 61 -5
60 73 -6
60 67 -9
60 66 9
61 62 6
61 67 -1
61 74 -4
61 64 -1
61 66 -2
61 75 2
61 63 -3
62 72 -10
62 74 -9
62 69 1
62 70 9
62 68 -5
62 64 -3
62 73 6
63 67 8
63 72 -8
63 73 6
63 74 7
63 64 -9
63 66 -4
63 65 -7
64 65 1
64 75 2
64 73 -5
65 74 -1
65 70 -5
65 68 -1
65 71 -5
65 72 6
66 70 10
66 68 3
66 75 -8
66 71 0
66 67 -9
67 75 -3
67 68 -9
67 72 9
67 69 -6
67 70 -5
68 73 -2
68 75 -2
68 69 -10
69 72 4
69 73 -4
70 72 7
70 71 -6
71 75 -4
71 73 4
71 72 10
73 75 -5
73 74 -3
