75 1388 
1 36 2
1 37 5
1 52 7
1 27 6
1 71 -8
1 42 5
1 6 -4
1 60 8
1 54 -2
1 74 7
1 13 -9
1 18 -7
1 49 0
1 29 6
1 53 3
1 3 -7
1 34 9
1 41 10
1 39 4
1 68 5
1 11 0
1 22 0
1 23 3
1 33 -1
1 17 -1
1 73 4
1 35 1
1 4 3
1 7 -5
1 45 -9
1 61 0
1 57 6
1 72 -9
1 28 -3
1 46 10
1 70 6
1 51 -7
1 50 -8
1 69 -5
2 21 -9
2 50 2
2 9 2
2 22 10
2 49 -5
2 32 -10
2 19 0
2 70 5
2 10 -3
2 6 -7
2 45 -7
2 34 1
2 54 8
2 64 -2
2 72 7
2 28 -5
2 67 -3
2 62 3
2 5 -8
2 63 1
2 58 4
2 66 10
2 73 10
2 14 4
2 69 -9
2 24 -6
2 53 8
2 31 -2
2 33 10
2 68 10
2 60 -5
2 30 0
2 11 -9
2 47 1
2 27 8
3 75 8
3 48 -3
3 24 1
3 56 -7
3 13 9
3 47 -3
3 49 -8
3 43 5
3 8 -5
3 41 -1
3 25 8
3 17 -3
3 9 -6
3 63 -3
3 67 3
3 23 -4
3 59 6
3 61 1
3 30 7
3 11 -2
3 42 6
3 27 8
3 60 1
3 40 9
3 4 8
3 5 -5
3 65 10
3 73 2
3 64 1
4 7 -6
4 33 2
4 15 7
4 57 -2
4 44 9
4 21 -6
4 12 5
4 59 6
4 43 -3
4 53 -3
4 37 -1
4 66 3
4 64 -5
4 39 8
4 54 7
4 17 -3
4 70 4
4 56 -8
4 67 -4
4 19 -2
4 11 -8
4 65 1
4 69 6
4 20 -2
4 29 10
4 42 -3
4 16 10
4 13 -9
4 5 7
4 23 -9
4 34 1
4 49 4
4 6 -2
4 62 6
4 31 -6
4 46 -9
4 72 5
4 8 -6
4 51 10
5 41 7
5 12 3
5 13 6
5 35 -6
5 25 4
5 14 10
5 20 7
5 72 5
5 48 4
5 71 4
5 50 3
5 32 9
5 73 -4
5 62 7
5 56 -8
5 60 0
5 67 4
5 24 7
5 37 -9
5 70 -7
5 30 -2
5 52 -7
5 28 -4
5 55 9
5 19 1
5 46 4
5 49 -1
5 18 -5
5 17 5
5 36 -2
5 43 3
5 33 8
5 39 -4
5 15 4
5 63 5
5 75 10
6 33 -8
6 14 1
6 36 -2
6 72 -4
6 12 -2
6 62 -10
6 68 -1
6 10 8
6 11 -1
6 38 3
6 32 1
6 59 8
6 41 9
6 18 6
6 57 -8
6 58 0
6 15 1
6 21 0
6 74 -4
6 44 0
6 34 -2
6 43 -1
6 26 2
6 23 -1
6 31 -8
6 51 -8
6 63 0
6 25 -8
6 61 2
6 39 -3
7 41 3
7 72 -6
7 24 -2
7 60 -1
7 16 -8
7 50 7
7 25 2
7 22 -8
7 56 -6
7 58 4
7 32 -6
7 35 4
7 14 2
7 19 -4
7 45 4
7 54 4
7 65 -10
7 12 6
7 69 -4
7 61 -5
7 53 9
7 74 2
7 13 4
7 55 -2
7 39 -3
7 70 -2
7 44 -9
7 68 8
7 23 0
7 75 0
7 71 -4
7 48 6
7 15 4
8 61 2
8 66 4
8 28 5
8 35 -1
8 68 -5
8 23 -10
8 51 6
8 52 -5
8 56 10
8 72 -6
8 12 -2
8 24 -9
8 11 7
8 34 -8
8 46 -1
8 62 5
8 16 5
8 26 0
8 57 3
8 47 9
8 75 9
8 30 5
8 71 4
8 58 -6
8 32 10
8 27 -9
8 65 7
8 55 1
8 9 4
8 49 6
8 40 -3
9 67 -5
9 69 2
9 40 -4
9 29 -6
9 42 -3
9 30 2
9 70 4
9 51 1
9 55 7
9 23 4
9 74 1
9 34 -5
9 36 1
9 28 -5
9 38 10
9 45 -2
9 43 10
9 32 7
9 73 -7
9 27 -5
9 13 -7
9 21 10
9 20 -1
9 15 8
9 47 2
9 16 0
9 33 -2
9 19 -2
9 25 10
9 62 -8
9 14 -8
9 35 2
9 17 -9
9 49 3
9 60 7
9 18 6
9 50 -7
10 42 1
10 28 -1
10 62 -9
10 32 1
10 48 -3
10 61 5
10 52 -3
10 18 -3
10 73 -3
10 14 -1
10 36 9
10 67 -10
10 41 -4
10 54 -3
10 33 -9
10 22 -2
10 24 -10
10 74 4
10 21 6
10 60 -10
10 30 -10
10 70 5
10 47 7
10 26 -7
10 27 0
10 13 -7
10 57 -4
10 55 -1
10 45 -10
10 15 7
10 75 10
10 68 -2
10 50 10
10 19 -7
10 43 -8
10 38 -10
10 20 4
10 72 -1
11 75 -9
11 16 2
11 46 -4
11 34 9
11 18 -2
11 40 -3
11 25 -4
11 19 2
11 22 3
11 39 1
11 57 -4
11 14 -2
11 44 1
11 70 -3
11 62 3
11 53 -1
11 28 2
11 73 8
11 12 -10
11 52 -5
11 32 8
11 45 7
11 64 2
11 71 9
11 65 -6
11 17 0
11 49 -7
11 26 -9
11 33 -4
12 20 -7
12 26 -8
12 38 9
12 60 -1
12 44 4
12 39 9
12 37 -6
12 14 3
12 21 0
12 24 -8
12 67 -9
12 65 9
12 54 -6
12 15 4
12 49 -9
12 16 -8
12 75 -8
12 25 -6
12 73 -1
12 51 9
12 35 -6
12 13 -8
12 28 4
12 18 -6
12 33 9
12 58 0
12 34 -5
13 40 -9
13 62 -4
13 22 -9
13 52 -8
13 16 8
13 47 3
13 71 5
13 60 6
13 65 -5
13 36 -4
13 31 2
13 20 -3
13 63 -1
13 33 9
13 56 5
13 73 1
13 39 0
13 26 8
13 28 -9
13 30 1
13 72 9
13 19 6
13 38 10
13 37 9
13 74 1
13 59 -8
13 34 10
14 48 -4
14 24 2
14 67 6
14 42 8
14 44 8
14 22 -2
14 70 -10
14 71 9
14 41 -4
14 15 -7
14 20 -8
14 46 -6
14 29 6
14 49 -9
14 38 9
14 60 -5
14 75 -7
14 65 -4
14 26 1
14 32 7
14 19 3
14 37 9
14 31 -8
14 52 -7
14 61 -2
14 40 -5
14 27 10
14 47 -3
14 18 3
14 68 -2
14 50 6
14 56 -10
14 72 -8
14 55 -1
15 62 -10
15 74 10
15 25 -5
15 28 -5
15 38 6
15 75 7
15 60 10
15 51 9
15 47 4
15 63 3
15 46 -4
15 22 -4
15 67 -8
15 33 1
15 18 7
15 39 4
15 53 3
15 29 -10
15 52 -1
15 17 -10
15 36 -2
15 66 -6
15 24 6
15 41 -4
15 30 5
15 71 9
15 34 -8
15 32 -9
15 43 7
15 35 1
15 44 -7
15 49 2
15 72 3
15 21 -3
16 43 -6
16 66 -9
16 47 8
16 35 -5
16 74 0
16 39 -7
16 75 10
16 46 -4
16 24 3
16 26 -5
16 28 6
16 54 6
16 25 -8
16 69 -7
16 60 10
16 21 -6
16 32 -2
16 72 1
16 40 -6
16 51 4
16 18 -10
16 58 3
16 42 4
16 70 -1
16 22 8
16 61 10
16 44 0
16 59 9
16 71 7
16 30 0
16 36 10
17 55 -3
17 41 -2
17 52 8
17 65 0
17 32 3
17 62 -7
17 49 7
17 68 -2
17 70 1
17 43 -10
17 53 -5
17 75 9
17 57 1
17 63 -1
17 23 0
17 21 -4
17 33 7
17 66 -2
17 38 9
17 26 -1
17 46 -1
17 54 0
17 64 -9
17 73 -3
17 74 -8
17 18 9
17 58 -5
17 59 0
17 40 -5
17 20 -6
17 24 -3
17 36 -7
18 37 -4
18 44 -5
18 23 3
18 59 3
18 73 -10
18 24 -4
18 25 8
18 69 -6
18 45 5
18 49 -7
18 65 -9
18 62 -7
18 33 7
18 20 -8
18 30 2
18 54 -8
18 38 -8
18 41 -5
18 43 3
18 58 8
18 26 -3
18 74 10
18 64 3
18 52 -5
18 39 -3
18 63 -8
18 53 -5
18 51 -7
19 37 -8
19 43 10
19 25 -8
19 50 -10
19 33 6
19 45 0
19 28 -7
19 74 1
19 59 -4
19 55 3
19 27 -6
19 20 -1
19 75 8
19 69 7
19 26 8
20 72 5
20 60 -7
20 26 0
20 37 10
20 33 9
20 29 1
20 48 -5
20 40 -9
20 74 -2
20 28 -2
20 71 -9
20 52 -10
20 69 10
20 73 -4
20 44 8
20 23 3
20 32 -6
20 58 4
20 41 7
20 43 2
20 36 -6
20 31 -6
20 45 3
20 61 5
20 64 5
21 34 -3
21 26 2
21 69 -2
21 52 -4
21 24 0
21 31 -10
21 48 -1
21 50 8
21 67 9
21 47 -2
21 60 -7
21 41 -1
21 33 10
21 25 6
21 51 -10
21 29 9
21 40 3
21 73 -9
21 32 5
21 71 3
21 64 10
21 27 1
21 37 1
21 39 -8
21 61 6
21 36 -10
21 59 5
21 72 7
21 66 6
21 56 5
21 30 1
22 56 6
22 42 -1
22 58 -8
22 73 -7
22 46 -6
22 39 -3
22 54 -3
22 61 4
22 23 10
22 45 3
22 53 6
22 60 10
22 64 2
22 36 -7
22 59 -10
22 49 2
22 24 -8
22 70 8
22 29 5
22 62 8
22 26 -8
22 51 5
22 72 -2
22 27 -4
22 48 -2
22 32 -7
23 69 8
23 37 6
23 44 -3
23 32 -10
23 55 5
23 60 5
23 52 -1
23 30 1
23 53 -3
23 66 -10
23 36 5
23 42 7
23 35 5
23 61 3
23 57 2
23 71 -9
23 45 8
23 43 -3
23 51 -6
23 59 9
23 28 -1
23 24 1
23 74 10
23 38 1
24 74 3
24 46 3
24 65 -5
24 54 -8
24 49 4
24 71 2
24 60 -8
24 36 -8
24 40 -10
24 68 0
24 26 -7
24 30 -7
24 69 5
24 42 8
24 55 -4
24 27 4
24 34 -7
24 39 -6
24 43 4
24 31 10
24 48 9
24 37 -7
24 57 2
25 31 9
25 68 -8
25 65 -9
25 59 7
25 35 1
25 70 10
25 45 -4
25 34 -3
25 30 -8
25 50 -5
25 75 7
25 67 -4
25 32 -4
25 71 -9
25 26 -8
25 54 -1
25 61 -6
25 74 7
25 63 0
25 44 0
25 58 -9
25 51 4
25 39 -9
25 38 -4
25 55 9
25 72 8
26 39 -9
26 48 -10
26 47 8
26 66 -1
26 37 -6
26 42 7
26 55 8
26 69 1
26 67 1
26 46 5
26 36 -10
26 70 -10
26 54 6
26 40 8
26 64 -5
26 43 2
26 50 -9
26 74 -1
26 34 -3
26 61 8
26 29 -9
26 65 0
26 41 7
26 28 8
27 41 -3
27 72 3
27 39 -8
27 31 -2
27 46 10
27 70 -7
27 37 -1
27 30 4
27 45 8
27 42 4
27 67 4
27 44 4
27 56 -1
27 53 -3
27 64 6
27 69 -10
27 58 -8
27 33 5
27 34 0
27 32 -10
27 50 -3
27 35 -4
27 74 -3
27 66 -1
27 63 -1
27 49 -1
27 40 9
27 71 6
27 75 5
27 55 6
27 57 4
28 75 -2
28 52 -9
28 72 10
28 71 -4
28 36 5
28 59 -10
28 30 6
28 61 0
28 68 7
28 69 -6
28 41 -1
28 44 -6
28 43 -4
28 47 10
28 66 -4
28 37 3
28 40 2
28 62 5
28 35 8
28 46 3
28 53 2
28 31 -1
28 67 -9
28 65 2
28 57 -1
28 70 1
29 53 -7
29 31 2
29 64 3
29 74 -6
29 61 5
29 46 3
29 68 -1
29 66 7
29 36 4
29 38 7
29 39 0
29 52 -10
29 37 -9
29 60 -9
29 67 2
29 45 5
29 55 0
30 71 -3
30 37 0
30 39 -9
30 49 8
30 58 -2
30 51 -10
30 36 -6
30 63 -9
30 31 7
30 48 -3
30 47 10
30 61 7
30 65 -7
30 52 -1
30 40 8
30 41 -10
30 42 8
30 46 10
30 54 -3
30 56 7
31 40 -9
31 39 3
31 60 -6
31 58 3
31 68 2
31 43 4
31 36 1
31 35 -6
31 66 9
31 56 -1
31 41 4
31 55 2
31 38 10
31 70 4
31 32 5
31 67 6
31 64 -7
31 33 -4
31 47 5
31 73 -3
31 63 7
31 65 -6
31 57 -2
31 50 9
31 52 1
31 44 -8
31 59 -5
32 39 4
32 46 7
32 52 -4
32 67 8
32 35 -1
32 55 6
32 65 -2
32 33 -4
32 57 -7
32 42 3
32 40 8
32 71 -3
32 62 7
32 50 -4
32 58 -3
32 66 -1
32 54 -3
32 41 9
33 72 -10
33 50 -3
33 62 7
33 36 -10
33 56 7
33 52 -1
33 73 -5
33 66 6
33 49 5
33 57 -4
33 63 3
33 70 7
33 43 -7
33 41 -2
33 35 -1
33 59 5
33 74 -9
33 75 -9
33 65 10
34 46 -5
34 50 -10
34 70 -10
34 59 -10
34 61 -3
34 47 2
34 41 6
34 69 -4
34 67 3
34 74 8
34 37 10
34 54 2
34 35 7
34 60 7
34 40 -5
34 75 7
34 55 -8
34 62 -7
34 51 -5
35 43 -7
35 44 -9
35 56 0
35 45 -5
35 51 10
35 67 -4
35 68 6
35 64 2
35 42 -9
35 70 -3
35 40 -7
35 54 -10
35 63 10
35 47 4
35 58 10
35 61 -2
36 67 -5
36 62 -2
36 37 4
36 63 4
36 44 5
36 59 -8
36 56 -6
36 57 -1
36 55 4
36 71 -3
36 48 -2
36 74 -6
36 40 7
36 73 -3
36 69 -10
36 60 -5
36 49 -6
36 42 7
36 72 -4
36 46 7
36 50 -8
36 53 3
37 73 8
37 55 2
37 59 -7
37 66 -2
37 62 7
37 50 0
37 44 8
37 49 7
37 47 2
37 56 6
37 60 -10
37 53 -10
37 70 6
37 61 3
37 46 8
37 72 7
37 54 0
37 65 -4
37 63 1
37 58 -3
38 72 8
38 59 -5
38 53 -7
38 57 -2
38 73 -5
38 67 -1
38 56 -4
38 42 -6
38 49 -9
38 58 7
38 68 6
38 69 -9
38 40 0
38 70 9
38 41 9
38 39 9
38 52 0
38 71 -6
39 61 -3
39 40 -3
39 55 8
39 67 8
39 60 1
39 68 -7
39 65 0
39 50 7
39 47 -2
39 56 7
39 70 9
39 66 -4
39 44 8
39 46 -4
39 62 1
39 53 -6
39 59 -7
39 41 8
39 57 -1
40 75 2
40 43 0
40 57 0
40 68 6
40 64 5
40 49 3
40 41 4
40 54 9
40 74 0
40 62 9
40 66 6
40 63 -4
40 59 -1
40 73 -9
40 52 -4
40 46 -3
41 49 9
41 44 10
41 46 -10
41 62 -4
41 47 9
41 68 0
41 53 -10
41 55 -5
41 71 2
41 45 -10
41 60 -3
41 63 7
41 65 -5
41 67 -4
41 58 9
41 52 8
41 66 1
41 54 -6
42 49 -8
42 55 -1
42 63 1
42 70 8
42 44 -6
42 50 10
42 47 3
42 56 -2
42 61 8
42 52 -9
42 68 1
42 48 7
42 65 -5
42 64 -8
42 58 1
43 73 8
43 59 10
43 63 4
43 49 0
43 61 6
43 64 0
43 44 8
43 65 6
43 51 4
43 53 -5
43 75 3
43 74 -4
43 57 -8
44 58 3
44 50 -1
44 60 -6
44 71 1
44 75 2
44 69 1
44 54 8
44 63 -10
44 59 6
44 65 -4
44 67 -3
44 53 -1
44 72 4
44 46 3
44 74 6
44 52 -8
44 49 10
44 70 7
44 57 5
44 51 7
45 71 3
45 57 -8
45 66 -1
45 50 2
45 72 -4
45 63 -7
45 67 5
45 46 -3
45 73 7
45 74 9
45 53 -6
45 52 -2
45 68 2
45 65 5
45 51 3
46 74 2
46 64 5
46 47 8
46 57 2
46 50 5
46 61 -1
46 51 -4
46 69 -1
46 58 2
46 48 4
46 67 1
46 60 9
46 59 1
46 55 2
46 71 9
47 70 7
47 61 -4
47 62 -10
47 58 3
47 73 -10
47 59 -6
47 68 -9
47 75 -7
47 48 -3
47 55 -2
47 56 9
48 52 6
48 67 -5
48 71 3
48 51 4
48 50 -5
48 61 -1
48 53 0
48 73 -8
48 64 10
48 70 10
48 59 10
48 75 -4
48 63 10
48 55 8
48 57 10
48 68 5
48 56 4
48 49 -6
49 74 1
49 70 -2
49 63 -7
49 67 -6
49 71 -6
49 58 5
49 59 -6
49 54 6
49 66 -5
49 61 3
49 62 -6
49 69 -8
49 72 -6
49 52 -4
49 56 9
49 73 -4
49 57 -5
50 58 9
50 52 5
50 64 -2
50 65 -3
50 66 -7
50 73 2
50 68 -8
50 59 2
50 74 0
50 56 1
50 62 9
50 60 7
50 57 6
51 68 -3
51 55 -5
51 71 4
51 75 9
51 59 -1
51 54 -6
51 66 7
51 63 2
51 64 6
51 72 -1
51 52 -4
51 70 -2
51 57 7
51 53 -6
52 66 -3
52 56 -2
52 72 -3
52 63 1
52 73 -10
52 67 1
52 61 -2
52 74 -2
52 71 -6
52 70 8
52 59 4
52 75 10
52 53 0
52 64 -3
53 74 -10
53 55 -4
53 67 -6
53 72 -6
53 65 2
53 60 -6
53 71 0
53 64 8
53 70 5
53 66 -2
53 54 2
53 59 2
53 63 2
54 66 3
54 61 10
54 74 1
54 75 8
54 70 -4
54 62 6
54 71 1
54 68 9
54 57 0
54 67 2
54 64 3
54 59 8
54 72 6
55 73 -2
55 71 6
55 60 10
55 70 2
55 57 -8
55 63 -1
55 69 3
55 65 -2
55 74 5
55 67 -1
55 61 7
56 71 3
56 67 -9
56 62 -4
56 63 3
56 57 -7
56 69 0
56 68 -9
56 61 -4
56 73 -8
56 74 9
57 71 -10
57 69 -7
57 60 -9
57 58 -2
57 59 4
57 74 -2
57 75 -8
57 70 7
58 72 -8
58 65 2
58 59 -1
58 73 10
58 61 -3
58 62 3
58 71 4
59 71 -1
59 64 3
59 73 2
59 74 -9
59 69 5
59 70 -10
59 66 2
59 62 -10
59 63 -5
59 67 1
59 60 5
60 63 8
60 70 -7
60 73 -5
60 71 -3
60 62 -6
60 61 0
60 74 -10
60 68 0
60 69 3
61 70 -10
61 75 -9
61 73 -9
61 65 9
61 68 -6
61 69 9
61 63 -3
61 64 1
62 74 10
62 67 4
62 72 -7
62 65 -9
62 75 -4
62 63 -3
62 64 2
63 75 -10
63 68 0
63 65 4
63 74 -5
63 69 -2
63 73 -7
63 66 10
64 66 -2
64 72 8
65 72 6
65 70 9
65 66 1
65 75 -4
66 75 -5
66 70 7
66 71 -7
66 69 -6
66 67 0
66 72 -7
67 72 2
67 73 -8
67 75 -10
67 69 -4
68 75 5
68 71 -6
68 74 -1
69 75 -8
69 71 8
69 72 -9
70 71 -5
70 72 -6
70 75 2
71 74 2
71 73 -7
72 74 -6
72 75 -9
73 74 6
