75 1388 
1 6 -8
1 18 -9
1 41 -5
1 2 -6
1 42 -10
1 57 -4
1 48 5
1 20 -7
1 72 0
1 49 -10
1 35 -10
1 55 9
1 58 -3
1 33 -1
1 5 -7
1 61 -9
1 34 -9
1 31 -4
1 17 -3
1 19 0
1 15 10
1 26 -4
1 30 -5
1 14 -5
1 37 0
1 75 10
1 4 6
1 46 5
1 69 -3
1 60 -6
1 7 -4
1 59 7
1 43 -3
1 52 8
1 9 -9
1 40 9
1 3 -8
1 16 -10
1 71 -4
2 74 0
2 11 8
2 21 3
2 13 10
2 12 3
2 52 6
2 53 8
2 66 6
2 70 8
2 33 -2
2 20 8
2 65 1
2 44 -6
2 72 1
2 60 4
2 56 6
2 24 5
2 19 3
2 75 1
2 4 7
2 55 9
2 51 1
2 32 1
2 5 -1
2 8 -6
2 16 -2
2 36 -7
2 27 -10
2 31 1
2 26 -7
2 42 -10
2 40 -9
2 48 -6
2 34 4
2 37 -4
2 17 -8
2 7 3
2 9 2
2 30 -1
2 61 -1
2 10 -2
3 20 -1
3 66 7
3 61 0
3 37 -8
3 70 6
3 62 -6
3 4 7
3 35 -2
3 73 3
3 63 8
3 40 9
3 27 7
3 31 -4
3 49 -5
3 51 -8
3 55 8
3 29 3
3 67 -9
3 71 -2
3 13 -3
3 7 7
3 56 7
3 14 7
3 34 -6
3 12 1
3 69 -9
3 42 -5
3 59 -5
3 10 -1
3 22 10
3 18 8
3 45 1
3 44 6
3 64 -9
3 54 2
3 47 8
3 25 -8
3 39 -3
4 63 -1
4 56 -4
4 5 -10
4 52 -10
4 43 -5
4 7 -4
4 67 -6
4 34 -9
4 61 7
4 21 -6
4 25 -5
4 47 -5
4 6 -3
4 57 6
4 42 4
4 48 9
4 71 10
4 66 -6
4 29 8
4 9 8
4 33 -1
4 45 6
4 40 1
4 11 -8
4 22 6
4 12 -6
4 69 -7
5 33 -8
5 52 -2
5 59 8
5 39 9
5 43 -10
5 61 0
5 68 2
5 38 -7
5 22 10
5 16 -4
5 35 7
5 60 8
5 66 3
5 8 1
5 55 -3
5 34 10
5 14 5
5 15 6
5 42 -8
5 36 10
5 75 -3
5 58 -1
5 26 5
5 13 0
5 23 -5
5 51 3
5 21 1
5 27 -8
5 29 -4
5 57 8
5 62 9
5 72 0
5 69 5
6 24 3
6 72 3
6 32 2
6 70 3
6 29 5
6 20 -8
6 59 -1
6 37 -1
6 30 -9
6 26 8
6 8 -10
6 14 3
6 47 -8
6 25 -9
6 49 2
6 68 -1
6 53 -3
6 48 4
6 41 -5
6 60 -5
6 58 -1
6 71 -6
6 50 3
6 56 1
6 63 6
6 27 2
6 57 2
6 15 -6
6 54 2
6 13 -5
6 17 7
6 67 -10
7 39 5
7 8 7
7 51 9
7 55 -3
7 10 -8
7 20 7
7 17 -2
7 31 -8
7 25 -1
7 22 -3
7 48 -3
7 62 -1
7 71 -9
7 21 10
7 72 8
7 27 10
7 60 9
7 33 -6
7 43 0
7 74 -7
7 66 -6
7 73 -8
7 13 5
7 50 -2
7 46 -5
7 49 -4
7 63 -4
7 16 -9
7 61 -3
7 32 -3
7 26 10
7 69 -9
7 18 3
7 56 5
7 75 -10
7 36 -8
7 29 4
7 28 3
8 55 -2
8 14 6
8 45 5
8 51 -10
8 38 7
8 44 7
8 15 5
8 52 -2
8 48 -10
8 20 -3
8 54 0
8 23 -2
8 75 -1
8 10 4
8 65 6
8 41 -6
8 37 0
8 71 -8
8 66 -5
8 56 -2
8 74 3
8 68 -8
8 36 0
8 59 10
8 34 -9
8 40 4
8 58 7
8 50 -10
8 30 -6
8 18 1
8 35 -1
8 72 0
8 42 -5
8 67 1
9 66 3
9 41 -8
9 27 -2
9 20 -1
9 68 2
9 55 4
9 37 10
9 31 10
9 45 -2
9 70 -10
9 59 2
9 62 2
9 17 8
9 72 8
9 63 -8
9 10 4
9 18 3
9 67 -1
9 48 -3
9 35 1
9 29 1
9 13 -2
9 74 5
9 43 -2
9 16 4
9 19 -2
9 53 6
9 64 6
9 25 3
9 50 -7
9 71 -1
9 14 -4
9 11 9
9 26 -4
9 56 2
9 44 6
9 40 0
10 27 -6
10 29 10
10 14 -9
10 54 -6
10 75 4
10 15 6
10 61 -7
10 20 -8
10 34 -10
10 12 -9
10 31 0
10 37 4
10 46 -7
10 71 -2
10 13 -7
10 60 -10
10 36 -10
10 39 10
10 11 10
10 17 9
10 18 -5
10 47 -6
10 68 -1
10 74 6
11 24 10
11 52 -6
11 28 2
11 30 -8
11 17 -1
11 51 -2
11 45 -9
11 58 3
11 26 -8
11 48 -10
11 42 -1
11 59 -3
11 49 -7
11 68 -5
11 33 -2
11 35 0
11 29 -5
11 40 4
11 39 4
11 72 -4
11 20 -5
11 19 -3
11 74 -7
11 63 9
11 70 -10
11 53 6
11 64 9
11 25 9
11 67 -7
11 32 -4
11 34 9
12 44 -3
12 38 -10
12 63 4
12 37 -6
12 60 -8
12 31 -4
12 52 -2
12 17 -5
12 72 -10
12 32 0
12 58 -7
12 33 -8
12 23 -10
12 55 -2
12 28 -2
12 18 -3
12 48 -5
12 21 6
12 54 10
12 70 6
12 34 -4
12 47 9
12 59 -4
12 40 8
12 68 9
12 61 -2
12 69 2
12 22 -3
13 21 0
13 72 1
13 75 -10
13 65 -5
13 42 -4
13 17 9
13 57 -3
13 71 4
13 24 -5
13 54 -10
13 60 6
13 48 4
13 20 6
13 22 -6
13 36 -10
13 23 -7
13 46 10
13 59 -4
13 58 -7
13 51 -10
13 56 -9
13 43 7
13 73 -8
13 49 6
13 19 -9
13 34 8
13 29 -7
14 44 -2
14 65 9
14 63 -6
14 74 -8
14 72 4
14 39 9
14 21 -3
14 18 5
14 64 9
14 36 0
14 24 2
14 28 3
14 60 -7
14 61 7
14 30 -8
14 47 -4
14 68 -7
14 53 5
14 20 -9
14 50 1
14 75 5
14 31 -8
14 26 0
14 71 -6
14 42 3
14 54 1
14 23 -5
14 29 8
14 59 -1
14 51 -9
15 33 5
15 70 8
15 58 8
15 55 -2
15 46 2
15 67 0
15 24 8
15 35 2
15 60 -2
15 36 -7
15 26 -6
15 74 -7
15 29 -10
15 57 -5
15 18 2
15 47 9
15 19 9
15 64 6
15 45 -2
15 25 10
15 32 -3
15 52 2
15 48 -7
15 34 2
15 27 -2
15 49 0
15 17 1
15 68 3
16 19 6
16 52 -4
16 41 -2
16 71 -1
16 49 0
16 75 3
16 62 4
16 51 -10
16 23 -10
16 30 3
16 58 -9
16 53 -3
16 25 9
16 33 -3
16 54 -7
16 39 4
16 35 -1
16 17 10
16 73 -2
16 46 8
16 50 2
16 66 10
16 18 3
16 63 -1
16 31 -10
16 69 -2
16 37 8
16 45 1
16 74 -10
16 64 10
16 26 -10
16 44 4
16 59 3
16 36 1
16 43 8
16 32 6
16 56 0
17 34 9
17 33 2
17 24 0
17 53 -6
17 62 6
17 31 7
17 54 3
17 30 3
17 74 4
17 64 9
17 41 7
17 55 8
17 56 -9
17 20 -6
17 58 -6
17 19 8
17 27 -10
17 70 -2
17 40 -10
17 69 8
17 66 -1
17 37 7
17 36 3
17 42 6
17 47 -2
17 35 -1
17 52 10
17 57 6
17 67 0
18 32 -4
18 20 -5
18 48 7
18 56 4
18 75 -6
18 51 8
18 49 -7
18 22 9
18 61 -7
18 38 -4
18 34 -1
18 43 -4
18 58 -9
18 74 -8
18 50 5
18 46 3
18 21 9
18 37 -8
18 35 2
18 55 -9
18 57 4
18 28 -7
18 62 10
18 29 2
18 45 -7
18 23 4
18 41 1
18 42 2
18 70 0
18 40 2
18 26 7
18 36 0
18 72 7
18 31 -2
18 69 3
18 68 -3
19 45 0
19 75 -10
19 71 6
19 36 -3
19 28 3
19 68 -10
19 41 -2
19 31 10
19 46 -10
19 65 2
19 44 2
19 21 -4
19 58 5
19 53 7
19 64 -2
19 23 6
19 43 4
19 24 6
19 32 -2
19 61 6
19 62 9
19 33 5
19 60 -1
19 69 4
19 55 10
19 57 9
19 20 3
19 66 2
19 67 7
19 51 0
19 49 -7
20 37 -3
20 35 -5
20 73 6
20 28 -1
20 27 2
20 43 1
20 40 2
20 50 -7
20 38 4
20 46 -4
20 72 -10
20 39 -6
20 22 1
20 55 -1
20 64 -6
20 42 -5
20 29 3
20 66 9
20 71 -3
20 54 -4
20 32 4
20 57 2
20 48 10
20 47 -5
20 75 5
20 70 8
21 42 10
21 47 -4
21 30 -1
21 36 2
21 25 -8
21 70 -10
21 55 -10
21 71 10
21 50 -9
21 69 0
21 39 5
21 64 -3
21 35 -1
21 63 10
21 72 4
21 52 0
21 40 -8
21 43 1
21 62 -3
21 65 9
21 24 -9
21 46 7
21 45 7
21 59 10
21 28 -8
21 60 7
21 23 10
22 63 10
22 25 2
22 40 0
22 68 -4
22 73 -1
22 57 5
22 64 10
22 70 -1
22 65 3
22 32 -2
22 42 9
22 51 -8
22 41 -2
22 58 -4
22 28 -3
22 52 4
22 66 9
22 27 0
22 31 10
22 46 -7
22 60 -9
22 30 1
22 53 6
22 26 8
23 57 1
23 56 2
23 69 8
23 28 -9
23 41 -1
23 49 7
23 43 5
23 50 -8
23 64 -9
23 24 6
23 53 8
23 33 -6
23 29 3
23 38 9
23 73 -6
23 30 6
23 36 -2
23 66 5
23 37 -3
23 72 -10
23 67 8
23 27 -9
23 75 9
23 70 -8
23 44 1
23 65 1
23 40 -9
23 58 -8
24 73 -8
24 29 -2
24 75 -10
24 34 0
24 67 7
24 70 1
24 27 -6
24 37 -8
24 32 5
24 60 -6
24 28 -4
24 65 -7
24 63 -6
24 52 -3
24 68 -3
24 35 0
24 36 -3
24 30 2
24 74 -1
24 56 9
24 47 1
24 33 -4
24 71 6
24 62 10
25 32 -8
25 45 1
25 63 10
25 34 2
25 51 8
25 68 -9
25 70 -8
25 43 -3
25 55 -10
25 56 6
25 75 -5
25 59 0
25 57 -4
25 52 4
25 35 8
25 40 -10
25 37 -9
25 61 8
25 64 -5
25 46 -10
25 73 8
25 27 8
25 30 9
25 39 -2
26 72 -9
26 33 4
26 71 -8
26 74 5
26 37 2
26 58 -4
26 68 -10
26 66 -9
26 56 8
26 34 -7
26 35 -1
26 51 0
26 52 -1
26 67 -6
26 49 6
26 27 -8
26 39 -1
26 64 1
26 41 -2
26 65 -3
26 63 8
26 55 2
26 62 -6
26 44 0
27 28 -10
27 58 -3
27 38 -8
27 44 9
27 36 10
27 64 8
27 72 -8
27 66 -7
27 43 3
27 33 10
27 50 -9
27 42 -1
27 59 -8
27 49 -8
27 74 -3
27 73 3
27 53 6
27 56 6
27 69 6
27 40 8
27 34 0
28 63 6
28 45 -4
28 46 8
28 42 2
28 36 -6
28 31 9
28 68 -2
28 65 -4
28 59 9
28 39 -1
28 44 -6
28 70 -9
28 54 2
28 62 4
28 49 -2
28 75 -3
28 71 -4
28 38 10
28 57 7
28 67 -4
28 51 -8
29 39 3
29 57 5
29 47 -8
29 44 0
29 35 -3
29 32 7
29 49 -6
29 63 -8
29 31 9
29 71 2
29 61 2
29 52 -10
29 68 -9
29 64 10
29 42 3
29 38 1
29 45 -9
29 74 -6
29 62 10
30 55 5
30 53 -8
30 69 -9
30 42 10
30 57 -1
30 70 8
30 71 7
30 61 -6
30 68 -2
30 64 8
30 72 5
30 59 -1
30 45 -2
30 40 -1
30 47 -2
30 33 -10
30 56 -6
30 52 1
30 60 -7
30 63 7
30 75 2
30 32 -8
30 58 -1
31 41 8
31 35 -8
31 55 -6
31 47 -5
31 34 7
31 58 -10
31 61 2
31 45 -4
31 63 9
31 33 -9
31 37 9
31 32 9
31 36 -3
31 42 -7
31 69 -5
31 64 -6
31 39 -9
31 75 -6
31 71 -4
31 72 10
31 51 -3
31 50 -6
31 38 -4
31 48 10
31 44 -7
32 42 -3
32 70 -10
32 64 9
32 34 8
32 35 6
32 41 9
32 66 -7
32 39 -2
32 37 9
32 62 -10
32 47 -2
32 50 6
32 61 0
32 73 0
32 75 9
32 56 -1
32 69 -7
32 46 1
32 51 -3
32 59 8
32 52 7
32 36 -2
32 65 3
32 43 10
32 40 5
32 48 10
32 58 5
32 71 4
33 75 -8
33 45 -9
33 39 0
33 60 -4
33 69 -4
33 49 5
33 46 -1
33 47 -3
33 68 -10
33 42 -10
33 58 5
33 57 -3
33 53 -9
33 70 -5
33 64 2
33 52 -5
33 61 -9
33 55 -6
33 74 4
33 41 10
33 72 4
34 46 10
34 39 5
34 53 3
34 67 -8
34 36 -2
34 72 -2
34 60 9
34 73 -10
34 74 1
34 55 -2
34 68 4
34 75 2
34 71 -2
34 40 -4
34 42 7
34 65 8
34 45 4
34 58 8
35 59 -10
35 42 -4
35 51 -10
35 47 0
35 65 -3
35 49 5
35 66 -10
35 44 5
35 50 2
35 64 -6
35 68 4
35 73 6
35 61 -1
35 54 -8
35 69 0
35 40 2
35 39 -8
35 62 6
35 36 -10
35 53 -7
35 58 -1
36 55 -9
36 56 -8
36 70 6
36 75 0
36 48 -6
36 40 5
36 45 7
36 46 -10
36 49 -10
36 74 -7
36 71 -5
36 58 6
36 38 7
36 54 1
36 63 6
36 64 -4
36 61 1
36 57 -5
36 67 -8
36 68 -10
37 75 -2
37 42 2
37 74 -7
37 55 8
37 47 6
37 40 -1
37 43 4
37 66 1
37 54 9
37 56 -8
37 72 3
37 51 -7
37 68 -5
37 62 1
37 52 -10
37 70 -4
37 63 -2
37 53 -7
37 46 -4
37 49 0
37 73 1
38 50 0
38 70 3
38 66 -8
38 45 -8
38 60 9
38 49 6
38 62 -5
38 44 8
38 42 10
38 63 -2
38 55 -9
38 41 4
38 53 2
38 73 -2
38 64 -10
38 56 3
38 52 -6
38 71 5
38 39 -4
39 44 6
39 66 5
39 49 9
39 64 8
39 65 -4
39 62 5
39 75 4
39 57 -9
39 69 -6
39 42 -2
39 58 7
39 40 -7
39 41 -10
39 47 -3
39 50 5
39 48 7
39 68 -1
40 67 4
40 66 -7
40 44 -7
40 72 2
40 50 4
40 49 8
40 47 9
40 41 10
40 65 -6
40 75 -8
40 69 -5
40 61 8
40 74 3
40 56 -6
40 53 6
40 62 -1
40 43 -2
40 51 0
40 52 -2
41 65 -5
41 58 8
41 69 -2
41 74 2
41 52 -5
41 63 2
41 68 5
41 59 3
41 55 10
41 75 -10
41 57 3
41 73 -8
41 66 4
41 70 9
41 61 0
41 72 4
41 44 9
41 47 7
41 60 10
41 62 -2
42 43 9
42 58 7
42 56 -5
42 61 1
42 46 7
42 64 6
42 59 -9
42 53 0
42 73 -10
42 51 -6
42 71 10
42 47 0
42 65 -7
42 67 0
42 48 -1
43 63 2
43 66 9
43 52 0
43 54 1
43 65 10
43 55 -4
43 74 9
43 64 -3
43 58 0
43 73 7
43 70 -6
43 68 5
44 63 6
44 55 -10
44 52 -10
44 56 -8
44 53 5
44 62 0
44 74 5
44 59 -6
44 61 3
44 50 -6
44 72 -3
44 65 0
44 71 8
44 49 6
44 57 4
45 55 3
45 62 3
45 52 7
45 65 -6
45 50 -2
45 58 -1
45 49 -5
45 74 -8
45 70 -4
45 51 5
45 71 1
45 57 5
45 60 2
45 53 -10
46 49 -10
46 57 -6
46 64 6
46 66 3
46 73 5
46 53 -3
46 55 4
46 59 -5
46 74 7
46 61 -2
46 71 4
46 60 3
46 47 -6
47 62 1
47 61 5
47 56 -3
47 57 6
47 75 -2
47 55 0
47 66 -4
47 48 -4
47 67 -3
47 54 7
47 50 9
47 65 7
47 69 -9
47 60 8
47 74 -6
47 64 -9
47 49 7
48 61 9
48 71 6
48 52 0
48 65 4
48 59 7
48 51 1
48 49 -4
48 64 -10
48 53 10
48 56 2
48 75 5
48 70 -5
48 67 2
48 54 2
49 57 -10
49 53 -2
49 68 8
49 74 7
49 63 -2
49 71 6
49 62 -5
49 65 -1
49 52 8
49 64 -6
49 59 -3
49 58 -4
49 54 -1
50 69 3
50 66 -9
50 56 0
50 63 -8
50 55 8
50 54 0
50 59 1
50 61 0
50 62 0
50 64 7
50 51 -5
50 57 -6
51 66 -8
51 73 2
51 61 -1
51 65 7
51 72 1
51 62 0
51 56 -6
51 74 10
51 67 0
51 52 6
51 57 5
51 54 8
51 71 -5
52 65 4
52 75 -3
52 62 -5
52 61 9
52 74 6
52 55 -4
52 70 -10
52 63 -4
52 59 7
52 58 10
52 64 -3
52 71 5
52 72 8
52 54 -1
53 60 4
53 73 10
53 55 -6
53 66 -2
53 56 3
53 61 5
53 71 1
53 59 6
53 74 -4
53 57 -3
53 75 -5
53 64 -4
54 55 2
54 69 -2
54 64 10
54 66 -5
54 56 3
54 67 5
54 63 9
54 74 -9
54 58 -4
55 63 -10
55 71 4
55 64 -10
55 73 -5
55 70 0
55 68 -2
55 67 5
55 75 6
56 61 -5
56 66 -2
56 68 3
56 57 0
56 74 -10
56 70 -6
56 67 2
56 69 3
56 62 10
56 64 -1
56 71 -6
57 58 -10
57 62 -3
57 63 2
57 65 -7
57 73 4
57 68 2
57 59 10
57 64 0
57 75 -5
58 68 -1
58 59 10
58 74 2
58 73 -3
58 75 -3
58 71 -9
58 65 -6
58 72 -7
58 67 7
58 69 10
58 61 -6
59 74 -5
59 68 -6
59 64 -6
59 71 4
59 70 3
59 65 -3
59 60 -3
60 64 4
60 75 8
60 73 -4
60 71 -1
60 69 10
60 70 3
60 72 3
60 68 0
60 67 -10
60 66 -4
60 62 10
61 75 -5
61 64 5
61 71 8
61 65 0
62 64 -1
62 74 1
62 68 0
62 69 -3
62 66 4
62 75 5
62 70 7
62 73 9
62 65 10
63 65 -10
63 74 1
63 68 4
63 66 9
64 65 6
64 71 -6
64 68 -4
64 72 2
65 68 -4
65 70 5
65 71 5
66 75 8
66 69 3
66 68 3
67 72 9
67 74 -4
67 71 -3
67 69 6
68 71 -9
68 72 -9
68 73 6
68 75 6
69 72 9
69 75 7
69 74 4
69 71 6
70 73 10
70 74 6
70 75 3
70 71 0
71 72 2
71 74 -10
71 73 1
72 73 5
73 74 -8
