75 1388 
1 6 4
1 68 -6
1 58 -3
1 47 -2
1 21 -2
1 50 -3
1 41 9
1 19 2
1 5 -2
1 33 10
1 67 -4
1 61 -6
1 70 -3
1 32 -8
1 45 1
1 59 -3
1 73 -2
1 63 -7
1 4 2
1 72 -2
1 18 -5
1 7 3
1 34 -4
1 55 4
1 22 2
1 57 9
1 23 9
1 69 -6
1 51 8
1 74 -6
1 75 8
1 49 -4
1 30 -6
1 2 -6
1 64 9
1 8 -5
1 20 -8
2 8 -7
2 18 5
2 39 10
2 61 2
2 20 -4
2 64 0
2 29 -7
2 70 -6
2 34 5
2 12 3
2 14 7
2 33 10
2 10 -8
2 60 2
2 13 -8
2 45 9
2 25 -1
2 19 7
2 44 9
2 69 7
2 65 3
2 52 -7
2 46 7
2 40 0
2 58 -8
2 59 8
2 31 -2
2 71 -6
2 17 6
2 3 -1
2 49 4
2 37 6
2 41 -2
2 48 6
2 63 6
2 66 -7
2 30 -4
2 27 2
2 22 -7
2 9 1
2 6 -10
2 56 -5
3 63 6
3 41 -2
3 71 7
3 24 -3
3 8 4
3 55 10
3 26 9
3 30 5
3 53 -10
3 74 8
3 75 1
3 32 8
3 37 6
3 16 -3
3 21 -5
3 59 4
3 11 3
3 4 -8
3 73 -2
3 25 7
3 69 -6
3 70 -6
3 6 -4
3 60 -1
3 54 7
3 44 1
3 38 -6
3 62 10
3 23 -4
3 46 -5
3 15 -5
3 14 9
3 64 6
3 72 -1
3 17 3
3 27 -10
3 35 8
3 5 -8
3 19 -9
3 47 -6
4 23 10
4 13 -2
4 22 -2
4 64 -4
4 37 3
4 25 -10
4 42 0
4 74 -3
4 47 7
4 56 -3
4 17 -1
4 62 7
4 35 3
4 70 -2
4 15 2
4 18 -8
4 49 -7
4 27 -6
4 60 3
4 67 7
4 30 3
4 50 -8
4 58 7
4 14 -6
4 71 -3
4 6 0
4 34 -9
4 24 -2
4 72 -5
4 66 -2
4 8 -4
4 11 1
4 75 -3
4 12 10
5 43 -5
5 64 -1
5 12 9
5 69 3
5 28 4
5 57 6
5 68 -3
5 42 3
5 25 7
5 54 8
5 31 -3
5 47 -8
5 67 6
5 6 5
5 37 1
5 61 -10
5 71 1
5 38 -6
5 35 -5
5 51 -9
5 63 4
5 19 -9
5 53 1
5 29 -3
5 39 6
5 32 -2
5 15 6
6 42 -4
6 40 4
6 56 6
6 55 4
6 13 0
6 50 -10
6 19 5
6 10 -5
6 27 -5
6 59 -7
6 39 -7
6 34 -10
6 8 3
6 58 2
6 73 6
6 75 8
6 38 -10
6 71 1
6 45 9
6 29 10
6 33 -7
6 18 3
6 24 -5
6 41 -3
6 44 -6
6 30 4
6 17 -9
6 46 4
6 21 -9
6 63 7
6 11 -10
7 61 -5
7 13 -1
7 24 -9
7 41 -8
7 60 -4
7 18 -10
7 25 -3
7 37 10
7 63 5
7 28 -10
7 15 -10
7 19 -1
7 68 0
7 44 4
7 31 -5
7 49 0
7 72 9
7 10 8
7 59 4
7 57 2
7 58 5
7 73 -5
7 45 -2
7 52 0
7 12 6
7 65 -9
7 70 -7
7 43 -3
7 11 -8
7 53 2
8 14 0
8 19 -4
8 13 -2
8 45 8
8 71 5
8 16 -8
8 10 3
8 65 10
8 31 10
8 40 8
8 60 -5
8 38 9
8 49 0
8 21 10
8 72 3
8 34 1
8 50 -8
8 36 -4
8 37 1
8 68 5
8 28 3
8 33 -1
8 63 -2
8 24 1
8 30 -5
8 27 10
8 53 8
8 52 -4
8 61 -1
8 56 9
8 67 -10
8 75 5
8 15 7
8 25 -7
9 27 -6
9 46 -2
9 62 -7
9 17 -2
9 26 10
9 48 7
9 51 -3
9 23 2
9 57 10
9 10 3
9 24 -8
9 52 4
9 74 -9
9 14 6
9 18 -8
9 75 -8
9 49 -10
9 72 -8
9 36 3
9 68 -9
9 64 -1
9 30 5
9 39 -6
9 25 4
9 45 7
9 67 3
9 65 -2
9 22 -6
9 44 5
9 12 -1
9 21 -7
9 19 -3
9 32 9
9 34 -9
9 31 2
9 61 -9
9 54 -4
9 13 5
9 56 0
10 19 6
10 28 -9
10 69 -7
10 48 7
10 59 -7
10 68 -7
10 43 8
10 57 -6
10 33 7
10 25 -7
10 21 -6
10 30 7
10 54 1
10 44 -5
10 75 1
10 17 -2
10 50 -1
10 46 -1
10 58 3
10 61 -4
10 71 8
10 37 7
10 64 -1
10 40 -3
10 60 -1
10 22 7
10 70 9
10 49 2
10 53 2
10 13 -2
11 55 -8
11 49 -2
11 68 2
11 58 -7
11 38 0
11 71 10
11 35 10
11 57 10
11 61 -8
11 59 8
11 12 6
11 74 -9
11 64 3
11 20 -8
11 47 -8
11 44 -8
11 23 -10
11 60 -5
11 17 3
11 36 9
11 51 -6
11 42 -6
11 29 0
11 50 -2
11 34 -10
11 24 7
11 69 1
11 27 -9
11 52 -7
11 48 -8
12 22 0
12 63 6
12 24 -8
12 49 7
12 56 -9
12 36 4
12 41 6
12 64 -8
12 30 3
12 25 -1
12 55 6
12 53 2
12 21 2
12 44 9
12 14 -1
12 57 1
12 72 -7
12 17 5
12 34 3
12 75 -5
12 66 -1
12 23 -8
12 32 -3
12 52 9
12 51 1
12 71 1
12 67 9
12 70 8
13 66 -10
13 39 9
13 73 -1
13 27 8
13 69 -4
13 34 -4
13 23 3
13 57 8
13 71 8
13 52 7
13 21 10
13 46 -1
13 35 6
13 31 5
13 36 7
13 20 -6
13 62 -2
13 19 9
13 15 -3
13 18 4
13 51 10
13 29 4
13 56 0
13 50 7
13 16 -7
13 75 2
14 63 3
14 52 -8
14 41 6
14 46 7
14 50 -5
14 66 -10
14 62 -6
14 21 9
14 54 -7
14 33 6
14 28 -1
14 61 3
14 49 5
14 36 -10
14 65 2
14 55 6
14 24 2
14 51 1
14 23 8
14 38 -2
14 30 1
14 56 10
14 35 3
14 60 1
14 75 -2
14 68 -4
14 20 0
14 19 6
14 25 2
15 57 10
15 30 4
15 67 7
15 36 -4
15 49 -9
15 44 0
15 72 -5
15 33 10
15 75 4
15 19 -3
15 17 4
15 58 10
15 62 3
15 48 10
15 21 -5
15 53 5
15 25 2
15 29 2
15 61 9
15 70 3
15 56 -5
15 60 -7
15 50 -5
15 40 -2
15 24 -7
15 59 -3
15 68 5
15 31 4
15 55 -5
15 34 9
15 45 0
16 61 -10
16 62 -4
16 20 0
16 68 -4
16 52 0
16 37 -7
16 44 -2
16 24 5
16 72 -9
16 18 -8
16 23 -6
16 41 -9
16 70 4
16 34 1
16 45 8
16 67 7
16 43 -9
16 63 7
16 74 -8
16 17 -2
16 64 7
16 65 5
16 19 -9
16 75 -7
16 33 -1
16 38 6
16 51 0
16 48 7
17 45 -4
17 18 -5
17 52 -3
17 67 -10
17 27 10
17 43 2
17 62 2
17 40 1
17 68 10
17 66 -3
17 37 3
17 36 7
17 21 -10
17 70 7
17 33 -1
17 28 -8
17 47 0
17 69 6
17 39 5
17 74 -1
17 50 3
17 72 9
17 23 -3
17 26 0
17 35 8
17 19 -5
17 54 9
17 32 -9
17 75 5
17 55 6
17 71 -8
18 25 1
18 65 6
18 58 9
18 40 -3
18 75 -9
18 20 7
18 38 -10
18 54 4
18 73 -7
18 63 0
18 26 10
18 30 10
18 59 -7
18 41 -4
18 45 5
18 55 10
18 24 8
18 52 7
18 19 -9
18 44 4
18 32 5
18 51 10
18 61 1
18 60 -7
18 28 -5
18 50 -9
18 43 2
18 42 -2
18 57 -10
18 69 -4
18 23 -4
18 68 -2
19 56 1
19 66 -9
19 49 9
19 71 8
19 61 9
19 20 3
19 68 -2
19 39 1
19 30 -9
19 34 -10
19 36 -10
19 32 0
19 27 7
19 69 7
19 55 -9
19 45 4
19 63 -7
19 52 -4
19 31 8
19 29 3
19 25 -9
19 40 -2
19 57 -2
19 44 -5
19 22 1
20 47 1
20 53 10
20 67 -7
20 26 -2
20 21 8
20 57 -2
20 69 -6
20 56 -3
20 36 -2
20 52 -5
20 61 -9
20 46 4
20 54 -10
20 27 4
20 68 -2
20 39 6
20 38 -10
20 37 -1
20 34 -6
20 55 10
20 44 -1
20 66 -3
20 41 9
20 22 9
20 70 -2
20 23 0
20 63 -10
20 35 -1
21 67 -7
21 69 -2
21 74 -9
21 25 -5
21 36 2
21 71 7
21 68 -6
21 46 5
21 38 7
21 39 -2
21 44 2
21 35 -7
21 23 -9
21 73 -3
21 42 1
21 55 -8
21 65 -8
21 57 9
21 52 -3
21 41 -5
21 43 -6
21 63 -10
21 37 -8
21 29 8
22 31 -5
22 66 -8
22 41 0
22 46 -10
22 59 -6
22 53 -2
22 51 0
22 71 3
22 65 -4
22 32 5
22 61 1
22 37 4
22 60 2
22 24 -3
22 27 7
22 34 4
22 68 0
22 29 -9
22 44 -10
22 33 -6
22 30 -9
22 64 -5
22 67 8
22 73 -10
22 58 7
22 42 -5
23 34 4
23 43 3
23 27 6
23 64 8
23 30 -10
23 67 -3
23 37 -6
23 56 0
23 40 7
23 41 5
23 75 4
23 73 7
23 28 8
23 53 -1
23 49 -6
23 42 -3
23 44 6
23 46 9
23 51 -2
23 33 10
23 57 -8
23 25 1
23 26 3
24 48 4
24 74 -5
24 46 8
24 67 7
24 70 -7
24 47 -1
24 44 9
24 56 -6
24 34 4
24 41 -6
24 73 -10
24 38 9
24 40 9
24 71 -2
24 25 -9
24 55 -5
24 43 5
24 53 -7
24 31 -4
24 63 -10
24 26 0
24 35 1
24 58 -10
24 30 -5
24 62 7
24 60 10
24 42 -10
24 64 -8
25 32 -1
25 62 10
25 48 -3
25 75 2
25 43 3
25 55 7
25 27 -6
25 38 0
25 58 2
25 31 -5
25 70 -5
25 45 0
25 51 9
25 56 3
25 46 -2
25 65 -1
25 34 -3
25 63 -7
25 50 2
25 69 7
25 47 -6
26 62 -3
26 46 -7
26 29 -5
26 32 1
26 43 -7
26 38 2
26 64 6
26 49 -7
26 75 7
26 53 2
26 66 -2
26 68 1
26 36 -8
26 70 10
26 33 -10
26 50 -4
26 60 -4
26 59 -2
26 34 -10
26 65 -10
26 27 -4
26 31 -5
26 63 -8
26 51 1
26 67 7
27 42 0
27 56 1
27 69 -1
27 64 4
27 39 -7
27 57 6
27 40 9
27 36 8
27 51 -1
27 63 1
27 50 7
27 58 -10
27 59 5
27 55 -1
27 35 -10
27 72 7
27 75 1
27 49 -10
27 41 -2
27 34 8
28 39 -8
28 71 5
28 75 3
28 66 2
28 41 1
28 42 -9
28 29 -6
28 52 -3
28 72 -8
28 44 -7
28 32 -9
28 38 -7
28 56 6
28 67 -10
28 43 -7
28 37 -3
28 35 10
28 47 -6
28 51 9
28 45 0
28 64 -9
28 33 4
28 68 8
28 59 0
28 48 -2
29 59 -1
29 47 3
29 56 -2
29 36 8
29 72 2
29 37 -8
29 46 -8
29 66 2
29 73 -6
29 74 3
29 53 10
29 70 2
29 40 1
29 60 2
29 61 -9
29 39 -7
29 62 2
29 67 -6
29 75 -6
29 50 10
29 55 -3
29 35 7
29 63 1
29 31 -7
29 54 8
29 68 4
30 74 -10
30 55 -7
30 58 1
30 71 -6
30 31 -7
30 46 1
30 67 -1
30 44 -6
30 69 3
30 72 -9
30 39 -10
30 73 -6
30 52 -8
30 61 3
30 34 -3
30 60 6
30 48 -5
30 68 2
30 70 2
30 54 -6
30 41 -6
31 50 -2
31 61 -7
31 44 -7
31 51 1
31 70 8
31 62 10
31 53 6
31 73 10
31 68 1
31 48 -10
31 47 -9
31 52 -5
31 36 -4
31 56 -5
31 75 6
31 69 0
31 40 0
31 39 9
31 41 -4
31 65 -6
31 55 5
32 33 2
32 61 1
32 72 5
32 50 8
32 40 0
32 67 -1
32 56 9
32 36 -1
32 53 4
32 66 0
32 47 -3
32 45 -10
32 57 5
32 74 -1
32 64 3
33 41 -2
33 63 10
33 68 -3
33 46 -8
33 43 7
33 37 7
33 45 6
33 51 0
33 72 9
33 67 -8
33 55 3
33 73 1
33 75 7
33 70 7
33 74 6
33 56 -9
33 53 -10
33 34 -7
33 36 -7
33 49 7
33 69 10
33 60 -9
33 35 4
34 56 3
34 69 -5
34 49 -5
34 73 9
34 59 -8
34 51 9
34 62 -2
34 39 7
34 71 2
34 43 -7
34 46 -10
34 61 9
34 52 4
34 35 -7
34 36 6
34 54 -10
34 42 -7
34 74 -5
34 68 0
34 53 2
34 72 10
34 66 10
34 41 8
35 51 2
35 75 -10
35 36 -9
35 65 -9
35 60 -2
35 37 -1
35 44 -8
35 50 6
35 47 1
35 74 7
35 58 -6
35 45 8
35 63 4
35 72 7
35 55 6
35 49 3
35 69 -6
35 41 4
35 54 -3
35 62 -7
35 57 -7
35 52 -10
35 38 1
35 66 4
36 41 -1
36 42 1
36 62 5
36 52 -1
36 44 -9
36 38 2
36 72 3
36 47 6
36 57 -6
36 64 2
36 55 8
36 39 2
36 46 -2
36 75 2
36 67 9
36 45 2
36 61 -4
36 71 6
36 37 -1
37 69 -3
37 60 6
37 41 4
37 51 10
37 53 -2
37 74 3
37 48 9
37 63 -7
37 70 -8
37 66 -8
37 73 -8
37 65 -6
37 39 -4
37 56 5
37 46 7
37 52 -6
38 71 -6
38 40 5
38 57 -3
38 39 2
38 50 -5
38 63 -4
38 64 -2
38 60 4
38 54 2
38 62 -10
38 65 0
38 67 7
38 47 5
38 69 3
38 43 -1
38 46 -3
38 74 2
38 53 8
38 66 8
38 41 4
38 72 -2
39 73 -4
39 69 -3
39 63 10
39 46 -6
39 75 5
39 74 8
39 40 -6
39 57 -4
39 66 1
39 64 7
39 65 -4
39 62 -2
39 68 9
39 45 -5
39 59 9
39 47 7
39 52 -10
39 72 8
39 44 -7
39 54 -3
39 71 -8
39 43 5
39 55 10
40 46 6
40 52 9
40 72 -7
40 51 -4
40 42 9
40 68 -8
40 60 9
40 57 1
40 62 -5
40 67 3
40 65 -3
40 74 -8
40 56 -8
40 71 6
40 50 4
40 73 4
40 53 2
40 58 8
40 54 4
41 46 -6
41 53 -1
41 54 4
41 61 -3
41 48 -1
41 66 8
41 56 -10
41 57 -10
41 63 7
41 59 -4
41 50 -10
41 72 -2
41 60 6
41 68 0
41 49 -6
41 73 8
41 42 -6
41 69 5
41 70 4
41 44 -10
42 73 2
42 63 7
42 69 3
42 44 -8
42 48 7
42 43 -10
42 67 -7
42 56 2
42 46 1
42 45 -1
42 60 -6
42 59 -3
42 72 9
42 70 4
42 65 -2
42 64 -3
42 58 7
43 58 6
43 62 -4
43 57 7
43 49 5
43 67 7
43 70 0
43 53 -1
43 71 4
43 44 4
43 65 6
43 69 7
43 55 2
43 52 9
43 47 -6
43 61 -1
43 56 -2
44 50 2
44 63 4
44 52 9
44 45 1
44 75 -1
44 73 -1
44 66 5
44 60 10
44 67 -5
44 57 10
44 64 0
45 74 -6
45 47 -2
45 64 1
45 50 -8
45 49 4
45 75 -9
45 67 4
45 71 -2
45 65 3
45 61 8
45 54 0
45 55 -3
45 60 -6
45 53 -4
45 56 -10
46 64 -9
46 55 2
46 57 -10
46 66 9
46 70 6
46 50 0
46 75 5
46 52 -7
46 48 -2
46 72 -2
46 62 1
46 49 -9
46 67 -2
47 57 5
47 51 4
47 73 -5
47 53 -8
47 50 7
47 54 -4
47 61 -5
47 69 8
47 71 9
47 70 -10
47 48 -7
48 67 8
48 57 1
48 72 -7
48 58 6
48 50 8
48 53 -9
48 64 2
48 63 -6
48 62 1
48 74 -4
48 68 8
48 66 -4
48 52 1
48 75 -9
48 65 3
48 54 4
48 51 3
49 56 -10
49 52 -4
49 67 -4
49 70 9
49 71 6
49 75 8
49 51 6
49 62 7
49 63 0
49 64 -9
49 54 4
49 58 3
49 59 3
50 75 -6
50 66 -6
50 62 -5
50 58 6
50 69 -7
50 67 3
50 61 -7
50 70 -6
50 55 -10
50 52 -1
50 53 -8
50 74 2
50 73 1
50 72 -3
50 68 -2
50 59 -6
50 65 10
51 52 10
51 69 -3
51 53 -9
51 59 -5
51 67 2
51 65 7
51 66 -2
51 61 2
51 54 8
51 56 -3
51 70 -3
52 62 8
52 54 -7
52 63 -1
52 64 1
52 73 -5
52 69 -9
52 60 -2
52 68 -9
52 75 3
52 67 -9
52 55 -1
52 70 2
52 66 -4
52 71 -5
52 58 2
52 57 -5
53 55 -10
53 56 -4
53 54 -8
53 60 5
53 65 4
53 61 -10
53 57 -4
53 62 9
53 71 9
53 75 5
53 72 3
54 70 -9
54 66 -8
54 57 -7
54 65 -6
54 69 5
54 64 -2
54 58 -7
54 71 -3
54 62 10
54 75 3
54 59 2
55 57 4
55 72 1
55 69 -1
55 61 -5
55 73 5
55 66 -6
55 67 9
55 58 -5
55 71 -1
55 63 2
55 59 6
56 58 9
56 61 3
56 74 8
56 69 -6
56 68 -6
56 70 4
56 72 1
57 59 -5
57 68 -8
57 73 10
57 61 -9
57 69 7
57 62 3
57 64 9
57 75 -10
58 67 9
58 61 -5
58 65 2
58 60 8
58 74 -7
58 70 -8
58 69 5
58 62 6
58 64 9
59 73 -10
59 70 6
59 60 5
59 67 6
59 65 -5
59 63 4
59 66 -1
59 71 9
59 72 -3
59 68 2
60 63 -1
60 62 8
60 67 5
60 72 8
60 73 -7
60 66 6
60 75 -8
60 69 -10
60 74 10
60 70 -9
60 64 -2
60 65 9
61 72 2
61 71 -5
61 75 -8
61 67 10
61 65 -5
61 68 7
61 66 -5
61 74 -5
61 73 -10
62 75 3
62 64 -9
62 65 -9
62 68 4
62 67 -2
62 71 0
62 73 8
63 73 -5
63 67 -2
63 75 -3
63 66 -9
64 66 6
64 68 1
64 75 -4
64 69 5
64 73 8
64 67 -10
65 68 3
65 73 -5
65 70 4
65 74 1
65 75 -6
66 75 -3
66 68 6
66 72 -2
66 71 4
67 71 9
67 70 1
67 75 9
67 69 -6
67 74 4
68 72 -8
68 75 5
68 69 5
68 74 2
69 72 -5
69 75 -6
69 70 6
69 73 -2
69 71 -7
70 74 1
70 72 -4
71 75 -9
71 73 -5
71 74 10
73 75 -1
73 74 2
74 75 -3
