75 1388 
1 6 -2
1 64 9
1 63 -9
1 28 -10
1 32 -10
1 19 4
1 37 3
1 7 -6
1 17 -6
1 40 -10
1 67 3
1 54 -8
1 26 10
1 31 3
1 66 -10
1 57 -6
1 3 5
1 75 -1
1 33 0
1 18 2
1 12 9
1 42 3
1 47 0
1 65 8
1 13 1
1 39 0
1 11 -10
1 10 6
1 30 1
1 74 -8
1 62 -8
1 44 -9
1 51 -7
1 14 -5
1 27 4
1 21 -3
1 5 -10
1 61 4
1 73 4
2 16 -2
2 36 3
2 53 -7
2 6 9
2 50 -10
2 34 -10
2 12 -7
2 68 3
2 74 8
2 48 -6
2 55 8
2 65 -4
2 11 -7
2 8 3
2 24 -4
2 29 -7
2 43 5
2 27 9
2 41 6
2 37 0
2 42 0
2 72 0
2 67 -4
2 58 -1
2 5 10
2 30 5
2 57 10
2 38 6
2 25 3
2 9 2
2 45 -1
2 7 -8
2 61 -10
2 14 9
2 51 6
2 4 1
2 44 3
2 71 0
3 33 -9
3 27 3
3 60 6
3 13 -10
3 36 -4
3 35 1
3 9 1
3 49 -4
3 30 -3
3 25 6
3 24 -5
3 75 -4
3 57 6
3 63 -1
3 42 -3
3 11 -7
3 38 2
3 37 -6
3 58 5
3 45 3
3 19 7
3 52 -7
3 31 -2
3 68 -5
3 23 -1
3 73 -5
3 70 8
3 39 0
3 29 7
3 17 -5
3 51 -10
4 56 9
4 37 6
4 61 9
4 48 5
4 32 6
4 16 4
4 39 2
4 54 -9
4 33 -6
4 14 -2
4 74 3
4 35 -6
4 18 4
4 30 7
4 12 8
4 58 7
4 22 -6
4 45 8
4 59 -10
4 27 -7
4 5 5
4 19 -10
4 28 9
4 41 2
4 60 5
4 21 0
4 24 7
4 55 -4
4 8 -10
4 15 9
4 36 9
4 63 -1
4 52 -6
4 68 -7
4 29 -1
5 6 3
5 60 -4
5 34 -9
5 15 8
5 49 8
5 12 -5
5 23 -5
5 69 -10
5 61 6
5 11 -7
5 44 1
5 73 7
5 45 9
5 50 -1
5 63 -5
5 46 -9
5 18 7
5 30 -4
5 25 5
5 21 3
5 66 8
5 74 1
5 57 -10
5 55 5
5 71 -7
5 16 4
5 17 5
5 7 6
5 14 6
6 51 -5
6 7 -10
6 72 -3
6 12 10
6 15 -1
6 24 10
6 50 -5
6 62 -1
6 73 -5
6 11 -6
6 43 -7
6 53 -2
6 74 -5
6 28 9
6 49 10
6 38 -7
6 9 -5
6 20 -10
6 60 -8
6 35 5
6 69 -8
6 33 10
6 22 -2
6 57 1
6 40 -5
6 42 5
7 16 8
7 38 5
7 49 0
7 65 9
7 70 4
7 29 8
7 51 3
7 69 9
7 58 -8
7 50 -3
7 33 6
7 18 -10
7 63 5
7 26 2
7 22 -5
7 28 9
7 13 -6
7 43 -2
7 12 7
7 68 -9
7 42 -7
7 56 -1
7 37 8
7 20 -1
7 67 2
7 73 2
7 14 -9
7 35 0
7 30 6
7 32 -8
7 54 9
7 15 3
7 19 9
7 64 4
7 9 9
7 74 -3
8 50 7
8 61 1
8 38 3
8 67 -10
8 56 -2
8 52 -1
8 26 -7
8 55 4
8 30 7
8 43 -6
8 25 -5
8 16 -4
8 71 2
8 24 -6
8 64 6
8 41 -4
8 36 -10
8 34 -5
8 33 -8
8 70 7
8 62 -9
8 49 6
8 51 -7
8 60 -10
8 59 3
8 48 5
8 22 2
8 63 -7
8 9 -10
8 53 7
8 58 8
9 16 -4
9 70 -3
9 58 -7
9 12 8
9 18 9
9 29 -7
9 49 -10
9 41 -6
9 37 -8
9 46 6
9 48 2
9 15 4
9 63 5
9 56 -5
9 27 7
9 75 -2
9 67 -6
9 73 5
9 43 -5
9 64 -2
9 39 -1
9 36 10
9 42 -5
9 31 -8
9 44 -4
9 26 7
9 65 4
9 34 6
9 51 -9
9 28 -1
9 24 1
9 60 -6
9 22 -10
9 53 4
10 65 -2
10 50 6
10 55 8
10 43 -3
10 71 -5
10 29 -8
10 74 4
10 31 0
10 67 4
10 44 -5
10 35 2
10 72 7
10 14 6
10 26 -5
10 32 3
10 30 7
10 33 10
10 46 -3
10 16 -1
10 56 -10
10 49 3
10 24 2
10 13 9
10 58 1
10 73 8
10 36 1
10 53 7
10 63 8
10 18 3
10 51 -4
10 59 10
10 60 -2
10 42 0
10 22 -5
10 62 -3
10 57 -10
10 39 2
10 25 -4
11 35 7
11 23 -5
11 74 8
11 55 -8
11 14 10
11 18 8
11 13 -9
11 53 -4
11 24 -5
11 16 -8
11 26 8
11 63 2
11 48 4
11 73 -8
11 54 9
11 71 9
11 62 9
11 67 -6
11 12 -6
11 65 2
11 33 -10
11 64 7
11 69 9
11 46 -10
11 36 9
11 50 -8
11 37 3
11 27 -3
11 49 -10
11 43 -2
12 49 -7
12 26 -10
12 38 2
12 62 4
12 30 9
12 17 0
12 58 8
12 60 1
12 64 -4
12 20 -8
12 66 8
12 36 -6
12 25 2
12 70 -2
12 48 -3
12 71 -1
12 42 -4
12 29 9
12 67 5
12 75 -2
12 31 -2
12 34 4
12 46 9
12 15 10
12 59 -5
12 55 -4
12 73 5
12 18 0
13 50 -10
13 33 10
13 56 -9
13 75 -6
13 67 -10
13 51 9
13 59 -2
13 48 10
13 17 10
13 18 4
13 70 3
13 68 7
13 55 -9
13 31 -7
13 15 6
13 24 -6
13 29 8
13 32 4
13 16 -6
13 22 3
13 57 -9
13 65 3
13 72 3
13 49 0
13 52 -8
13 62 -10
13 66 9
13 20 8
13 64 -4
14 67 -3
14 40 7
14 30 9
14 75 3
14 38 -10
14 44 2
14 19 -8
14 70 10
14 48 6
14 64 -1
14 62 -8
14 17 5
14 34 -3
14 31 3
14 65 -2
14 54 -5
14 15 1
14 46 -1
14 58 4
14 29 7
14 59 -1
14 72 6
14 22 -10
14 16 -2
14 26 0
14 39 -2
14 37 2
14 63 6
14 68 -6
14 69 2
15 58 -10
15 25 -6
15 72 10
15 64 -9
15 28 -4
15 22 3
15 32 -3
15 38 7
15 51 -10
15 55 4
15 27 -6
15 31 -9
15 62 5
15 66 10
15 53 0
15 52 -4
15 75 -5
15 44 9
15 68 -5
15 34 -8
15 65 -1
15 48 -6
15 46 10
15 73 5
15 24 -8
15 16 5
15 67 -1
15 36 -10
15 39 4
15 30 -9
15 29 -2
16 24 -8
16 19 -7
16 75 0
16 39 2
16 23 -7
16 63 -7
16 51 7
16 40 7
16 57 -3
16 26 -8
16 38 10
16 44 -5
16 43 0
16 69 -1
16 67 -9
16 56 -10
16 46 -10
16 62 -10
16 52 2
16 27 10
16 55 10
16 29 -10
16 72 -8
16 28 10
16 54 -4
16 36 -9
16 59 -10
16 73 3
16 18 0
16 37 8
17 29 3
17 62 5
17 54 -9
17 45 -7
17 73 4
17 60 -6
17 32 -4
17 50 -2
17 40 0
17 19 8
17 31 -8
17 36 0
17 30 9
17 59 1
17 23 5
17 35 8
17 48 -6
17 49 5
17 22 5
17 65 -5
17 25 -9
17 24 -1
17 69 9
17 64 8
17 71 7
17 21 -8
17 47 10
17 37 1
17 51 3
17 18 10
18 73 1
18 47 2
18 74 -8
18 46 -1
18 69 2
18 23 -4
18 53 3
18 50 -9
18 48 -10
18 33 -9
18 29 1
18 32 -8
18 26 0
18 49 9
18 27 -10
18 68 4
18 39 -4
18 52 7
18 61 -3
18 42 0
18 24 -4
18 51 9
18 36 -7
18 66 2
18 43 -10
18 30 6
18 75 9
18 71 -7
18 44 3
18 60 4
18 41 5
18 67 1
19 29 -1
19 44 -8
19 72 0
19 42 -10
19 75 3
19 56 6
19 28 -9
19 45 -2
19 73 7
19 51 -4
19 41 5
19 59 7
19 69 6
19 53 -8
19 71 2
19 22 9
19 36 8
19 52 8
19 63 9
19 47 -10
19 39 3
19 37 -10
19 35 0
19 31 6
19 58 -9
19 64 -2
19 38 -2
19 61 6
19 55 2
19 46 9
19 27 -2
20 55 8
20 51 1
20 49 -2
20 21 4
20 70 -7
20 33 6
20 45 9
20 36 -4
20 53 1
20 71 -9
20 39 5
20 43 -7
20 37 1
20 60 7
20 64 -5
20 30 8
20 25 10
20 29 -5
20 23 0
20 56 1
20 50 9
20 52 5
20 35 5
20 66 4
20 67 -5
20 72 1
21 48 -5
21 72 -1
21 56 -3
21 70 -5
21 25 -8
21 31 -2
21 61 6
21 30 6
21 65 3
21 40 -1
21 64 8
21 53 -6
21 67 9
21 47 5
21 43 -7
21 32 3
21 71 -1
21 36 5
21 29 5
21 55 10
21 63 -10
21 37 8
21 41 -4
21 66 2
21 46 -3
21 62 6
22 48 2
22 72 -5
22 27 3
22 67 6
22 53 -8
22 44 -9
22 41 -10
22 33 0
22 55 -1
22 70 -8
22 50 6
22 30 -4
22 71 4
22 65 6
22 62 8
22 52 -1
22 59 -1
22 58 3
22 23 6
22 49 8
22 24 -3
22 37 -6
22 56 -3
22 28 -10
22 42 -10
22 63 4
22 40 6
22 43 -8
23 53 -1
23 71 -3
23 26 6
23 36 6
23 31 -3
23 65 7
23 73 1
23 51 -3
23 39 0
23 50 -9
23 32 -4
23 61 -6
23 47 -2
23 29 5
23 46 -6
23 66 -8
23 49 9
23 55 -2
23 28 -6
23 70 -10
23 40 5
23 37 -7
23 33 -10
23 56 -7
24 66 -8
24 44 9
24 64 -1
24 60 6
24 51 -7
24 70 -10
24 56 0
24 42 2
24 71 -4
24 34 -10
24 39 -2
24 58 -3
24 38 9
24 75 -10
24 35 -9
24 40 -7
24 41 5
24 52 -7
24 62 4
24 69 -5
24 37 6
24 32 6
24 53 -1
24 45 -6
24 27 6
24 36 0
24 74 -1
25 36 9
25 44 -6
25 39 5
25 51 -2
25 37 1
25 45 6
25 64 -10
25 59 -6
25 26 -8
25 75 -4
25 40 8
25 29 -5
25 71 1
25 28 -9
25 34 7
25 58 6
25 56 -4
25 62 10
25 63 -10
25 31 1
25 30 -5
25 67 1
26 73 8
26 68 2
26 44 -6
26 55 0
26 43 -7
26 66 7
26 52 -10
26 69 4
26 38 -3
26 56 -2
26 30 2
26 53 -8
26 29 5
26 28 -4
26 62 7
26 51 -1
26 42 10
26 39 -4
26 37 3
26 58 5
26 40 -2
26 60 -10
26 50 4
26 46 3
26 63 -5
26 70 10
26 61 7
27 75 7
27 67 -9
27 41 4
27 61 -2
27 45 -4
27 34 -8
27 64 0
27 30 2
27 38 9
27 66 6
27 58 -2
27 47 2
27 43 4
27 65 -1
27 52 -9
27 62 -4
27 32 -2
27 44 6
27 72 -5
27 53 -7
27 68 1
27 37 -1
27 48 -2
27 33 10
27 50 -9
27 59 -2
27 56 1
28 30 0
28 51 -6
28 50 -3
28 43 1
28 54 5
28 38 7
28 39 3
28 41 -5
28 57 -6
28 59 7
28 48 5
28 44 -10
28 75 -9
28 72 9
28 29 8
28 62 -7
28 49 -6
28 69 9
28 65 7
28 47 -1
28 73 10
28 56 9
28 67 2
29 32 -9
29 72 -9
29 53 -8
29 44 -6
29 61 2
29 42 -7
29 40 4
29 63 7
29 39 1
29 75 -3
29 36 3
29 54 6
29 57 4
29 56 -7
29 50 7
29 52 -1
29 58 4
29 43 -3
29 62 -7
29 37 2
29 46 -6
29 41 6
30 32 0
30 65 1
30 56 5
30 51 2
30 35 -5
30 63 6
30 40 -3
30 34 6
30 54 -2
30 69 10
30 58 8
30 59 -9
30 60 0
30 45 5
30 31 9
30 67 8
30 66 10
30 68 10
30 70 9
30 33 2
30 36 -8
30 41 -6
30 44 -8
30 39 -3
30 64 8
30 55 -9
30 48 4
31 46 0
31 62 -5
31 72 -4
31 73 -8
31 63 -4
31 50 -6
31 55 1
31 34 -2
31 33 6
31 45 8
31 70 -4
31 37 -4
31 67 8
31 36 9
31 69 5
31 66 0
31 51 -3
31 74 3
31 42 9
31 32 -9
31 39 4
32 63 -8
32 59 -8
32 61 1
32 35 1
32 72 2
32 44 -5
32 38 8
32 71 3
32 67 0
32 68 1
32 52 6
32 46 -1
32 34 -3
32 75 -2
32 33 8
32 41 9
32 50 -10
32 73 7
32 70 10
32 55 -2
32 45 -7
32 69 8
32 49 -6
32 48 -5
32 64 -1
33 62 4
33 68 8
33 61 -3
33 74 10
33 34 -2
33 51 -10
33 48 0
33 53 -7
33 45 5
33 64 10
33 67 8
33 71 -7
33 38 2
33 43 -1
33 60 6
33 42 4
33 70 -10
33 69 2
33 63 7
33 75 -10
33 65 5
33 66 -7
34 37 -1
34 68 -4
34 55 -4
34 63 7
34 64 6
34 75 -3
34 40 5
34 39 -3
34 70 -2
34 61 9
34 54 -9
34 59 1
34 51 0
34 42 -5
34 50 3
34 49 8
34 45 -1
34 47 8
34 46 -2
34 48 -6
34 72 -7
34 74 -4
34 71 4
35 67 5
35 46 0
35 71 1
35 59 -4
35 55 1
35 72 10
35 60 2
35 57 -3
35 40 -3
35 58 5
35 69 -6
35 75 8
35 49 1
35 64 2
36 54 10
36 61 2
36 49 3
36 72 -5
36 40 1
36 47 8
36 45 -5
36 69 -2
36 38 10
36 57 -7
36 55 0
36 74 -1
36 51 2
36 65 -5
36 44 7
36 63 -4
36 70 0
36 37 -6
36 75 3
36 71 6
36 42 4
36 48 -10
36 53 9
36 64 -2
37 63 1
37 71 -1
37 74 10
37 69 -10
37 47 -4
37 72 -6
37 42 3
37 41 8
37 44 5
37 49 -2
37 53 -2
37 43 -5
37 58 -1
37 73 -1
37 68 -10
37 38 7
37 65 -5
37 64 -9
37 61 9
37 75 3
37 56 5
38 63 7
38 58 10
38 62 10
38 49 -6
38 64 9
38 52 1
38 39 -10
38 43 8
38 56 -4
38 69 6
38 68 -1
38 73 1
38 60 1
38 55 4
38 53 -8
38 44 -8
38 66 -6
39 61 0
39 65 7
39 52 -2
39 72 -3
39 66 5
39 73 -10
39 55 -7
39 75 -6
39 62 -1
39 59 -2
39 42 5
39 43 -5
39 54 5
39 68 -6
39 71 -10
39 49 -5
40 58 9
40 51 1
40 61 -7
40 59 -8
40 45 2
40 69 -1
40 55 6
40 52 -9
40 72 -10
40 74 -7
40 60 6
40 73 -7
40 75 7
40 44 4
40 66 -6
40 64 5
40 67 10
40 49 -6
40 41 2
40 65 0
40 46 -9
40 54 0
41 60 -10
41 63 4
41 62 2
41 45 -8
41 59 -2
41 51 8
41 65 -1
41 54 6
41 73 -4
41 46 -7
41 56 -2
41 71 1
41 69 2
41 70 -1
41 43 1
42 70 3
42 49 9
42 53 9
42 59 -4
42 52 -7
42 56 8
42 62 -10
42 73 -1
42 43 -7
42 63 8
42 60 -4
42 54 2
42 72 0
42 61 0
42 67 6
42 55 8
42 48 -6
42 65 -10
43 67 5
43 64 -7
43 66 -8
43 50 -9
43 70 -3
43 49 2
43 47 2
43 57 -2
43 72 2
43 75 3
43 53 -3
43 52 0
43 68 5
43 73 2
43 58 -10
43 62 -3
43 69 -7
43 51 7
43 60 -5
43 59 6
44 75 -9
44 51 -1
44 56 9
44 55 -3
44 63 -6
44 48 0
44 69 -7
44 72 -7
44 74 -5
44 46 1
44 68 -3
44 54 -7
45 50 -3
45 70 -6
45 51 -10
45 69 2
45 66 3
45 48 -3
45 55 4
45 71 7
45 64 -8
45 68 -2
45 73 7
45 46 7
45 54 0
45 65 -9
45 62 1
45 53 -1
45 47 7
46 70 -8
46 57 5
46 65 -7
46 58 2
46 49 -5
46 51 -9
46 71 -10
46 73 -7
46 67 -1
46 69 4
46 66 8
46 75 9
46 59 -4
46 47 -5
46 60 -6
46 50 -6
47 73 6
47 51 -7
47 57 -4
47 55 -9
47 48 -8
47 67 -1
47 74 10
47 52 6
47 56 0
47 69 8
47 50 3
48 73 -4
48 72 -9
48 71 -9
48 75 5
48 62 -10
48 65 4
48 53 0
48 63 0
48 57 -10
48 51 -10
48 66 -9
48 56 -6
48 49 7
48 58 2
48 55 3
48 64 -5
48 61 -2
49 58 2
49 64 10
49 50 -10
49 68 1
49 53 -5
49 67 -5
49 55 6
49 54 5
49 63 9
49 73 2
49 74 -1
50 59 -1
50 56 4
50 74 -10
50 55 -3
50 58 3
50 72 -1
50 61 -8
50 66 -7
50 62 -2
50 75 -1
50 65 10
50 71 -2
51 57 -9
51 58 -6
51 52 10
51 54 -8
51 71 8
51 59 2
52 75 4
52 55 5
52 74 -1
52 61 5
52 73 8
52 54 0
52 63 4
52 53 -9
52 60 -7
52 65 -5
52 58 3
52 62 3
52 64 9
52 71 -10
53 66 -9
53 64 -3
53 67 -10
53 65 -8
53 61 3
53 55 1
53 59 5
53 54 7
53 68 0
53 60 -3
53 63 6
53 73 -3
54 70 1
54 65 -6
54 58 5
54 59 -3
54 57 -4
54 73 7
54 66 -1
54 64 8
54 67 -7
54 56 5
54 74 2
55 57 -10
55 73 8
55 67 3
55 69 7
55 56 9
55 60 -2
55 66 3
55 63 2
56 74 -8
56 58 -8
56 67 -2
56 60 0
56 62 -7
56 72 -7
56 61 6
56 57 -2
56 65 -4
57 64 -9
57 69 -1
57 73 -1
57 60 10
57 74 6
57 67 10
57 63 10
57 66 1
58 61 9
58 65 0
58 66 3
58 64 5
58 67 -9
58 72 2
58 73 4
58 68 -2
58 75 -3
58 59 4
58 69 6
58 74 4
59 72 -8
59 69 -10
59 63 -3
59 70 -8
59 68 9
59 75 -2
59 66 7
59 61 9
60 72 -5
60 74 -7
60 70 1
60 68 2
60 64 -5
60 71 -5
60 61 -1
60 69 2
61 73 0
61 66 10
61 62 6
61 70 6
61 74 2
61 72 10
61 68 -3
62 73 -9
62 71 1
62 64 7
62 63 0
62 72 0
62 70 1
62 67 0
62 69 1
62 68 3
63 75 -9
63 65 4
63 66 7
63 73 5
63 68 4
63 69 -6
63 64 -1
64 69 4
64 67 -5
64 66 5
64 70 -3
65 74 -8
65 72 -7
65 67 8
65 66 4
65 68 -1
65 71 -8
66 70 6
66 72 3
66 68 5
66 71 10
67 71 3
67 75 4
67 74 7
67 68 -6
68 73 3
68 74 8
68 70 -2
69 73 4
70 72 10
70 74 -2
71 75 -8
71 72 7
72 74 7
74 75 4
