75 1388 
1 61 5
1 55 10
1 51 -6
1 8 6
1 54 10
1 16 -2
1 44 -9
1 43 4
1 74 4
1 70 8
1 22 -7
1 38 -2
1 75 5
1 7 6
1 9 -2
1 14 -8
1 41 -1
1 35 2
1 53 2
1 30 0
1 4 4
1 52 -8
1 36 2
1 58 3
1 10 6
1 40 -7
1 48 -7
1 6 -3
1 3 4
1 26 5
1 60 -4
1 46 -7
1 18 4
1 17 -6
1 2 10
1 47 -5
1 15 -8
1 24 -5
1 23 -8
2 63 2
2 29 8
2 18 6
2 11 0
2 19 6
2 59 -8
2 44 -9
2 49 -8
2 12 7
2 6 3
2 70 4
2 69 -8
2 25 -4
2 64 10
2 20 -3
2 74 4
2 26 -8
2 4 -10
2 67 4
2 21 -5
2 36 -3
2 54 -1
2 16 2
2 61 -5
2 5 10
2 58 8
2 52 10
2 62 -8
2 13 -10
2 32 4
2 38 10
2 17 -6
3 39 -3
3 55 10
3 51 -2
3 10 -3
3 20 -3
3 21 -3
3 53 2
3 11 -5
3 25 5
3 29 -9
3 8 1
3 32 3
3 33 5
3 71 10
3 40 2
3 35 -1
3 22 7
3 59 -8
3 6 -6
3 73 -4
3 34 5
3 70 -6
3 66 -1
3 28 -10
3 47 -8
3 37 3
3 52 -6
3 16 -7
3 75 -3
3 9 6
3 19 -10
3 56 0
3 48 -7
3 7 -6
3 41 3
4 28 5
4 34 10
4 5 6
4 38 2
4 10 2
4 49 4
4 27 -1
4 50 -8
4 21 -7
4 14 4
4 32 2
4 26 9
4 25 -7
4 15 -1
4 51 -10
4 24 -7
4 63 5
4 64 -9
4 6 6
4 68 -7
4 55 -8
4 36 -6
4 56 -4
4 58 -4
4 37 4
4 69 1
4 61 6
4 35 -8
4 66 1
4 48 -3
4 72 -5
4 44 -7
4 19 -6
4 70 8
4 65 -10
5 45 -1
5 54 7
5 39 1
5 8 -9
5 18 -9
5 17 -4
5 14 5
5 68 -4
5 24 -7
5 61 -3
5 64 6
5 6 -6
5 40 -7
5 67 6
5 10 9
5 37 9
5 19 -7
5 60 -6
5 11 7
5 32 -2
5 35 0
5 42 3
5 15 -6
5 16 -1
5 22 -7
5 13 10
5 25 -2
5 48 8
5 27 -7
5 69 -3
5 43 -7
5 12 -9
5 30 -10
5 73 -3
5 41 -9
5 49 -5
5 53 -8
5 34 -10
5 66 -2
5 44 -7
6 34 -6
6 19 -1
6 69 -5
6 14 8
6 29 10
6 45 -4
6 60 -10
6 28 -7
6 65 1
6 66 7
6 40 -7
6 46 -3
6 39 -8
6 23 -3
6 50 1
6 52 8
6 58 -5
6 49 -8
6 59 10
6 9 9
6 15 5
6 44 -7
6 53 -2
6 13 -10
6 41 -10
6 72 8
6 7 -7
6 56 -1
6 75 5
6 20 -5
6 37 8
6 8 -9
6 62 -10
6 25 1
6 42 -6
6 38 9
6 30 -6
6 10 1
6 51 -5
6 16 -6
6 22 1
6 73 2
7 60 2
7 46 -9
7 48 3
7 51 -9
7 45 -5
7 50 5
7 29 3
7 62 10
7 69 0
7 75 5
7 8 9
7 57 -9
7 27 -9
7 12 3
7 72 3
7 36 -3
7 49 1
7 32 -5
7 9 -1
7 25 -4
7 53 -4
7 14 10
7 52 1
7 18 7
7 63 -2
7 54 -6
7 67 7
7 59 -8
7 17 7
7 40 -4
7 64 7
7 13 -6
7 47 6
7 19 -2
7 61 -8
7 74 -1
7 56 -8
7 26 4
7 28 9
7 24 9
7 34 -1
7 20 7
8 73 10
8 50 5
8 30 10
8 40 4
8 43 -2
8 12 -3
8 52 10
8 49 9
8 57 3
8 27 -2
8 28 -4
8 56 -9
8 25 2
8 31 -10
8 61 -3
8 54 -7
8 60 -6
8 41 3
8 72 8
8 37 -2
8 21 -3
8 9 4
8 63 10
8 68 10
8 29 8
8 47 4
8 10 2
8 20 4
8 44 9
8 34 7
8 42 -3
8 64 1
8 39 3
8 67 10
8 17 -10
8 11 0
8 65 -10
9 58 2
9 46 5
9 74 0
9 63 8
9 44 5
9 13 8
9 49 -5
9 70 3
9 26 7
9 27 8
9 42 -9
9 59 -6
9 66 0
9 37 -9
9 73 10
9 71 1
9 12 5
9 35 9
9 54 -10
9 64 6
9 30 -3
9 65 -9
9 48 -9
9 34 9
9 20 7
9 39 0
9 52 -3
9 41 -4
9 22 6
9 61 5
9 69 8
9 31 9
9 23 4
9 29 0
9 47 5
9 62 -4
9 50 -9
9 43 5
10 37 5
10 24 -6
10 44 -5
10 48 -8
10 56 -2
10 41 -7
10 49 9
10 26 10
10 15 -9
10 42 10
10 63 -2
10 36 0
10 69 1
10 59 -8
10 50 3
10 67 -3
10 38 7
10 64 -8
10 14 6
10 75 6
10 74 2
10 61 -1
10 32 9
10 29 4
10 30 3
10 62 2
10 25 7
10 22 8
10 71 2
10 73 3
10 11 4
10 51 5
10 12 8
10 19 8
10 57 10
10 35 -7
10 40 -8
10 39 8
10 16 -2
11 43 -5
11 30 -6
11 22 0
11 72 -9
11 32 7
11 26 -9
11 71 4
11 45 2
11 66 -6
11 18 9
11 13 2
11 74 -10
11 64 -3
11 50 3
11 17 8
11 16 9
11 27 -10
11 57 -4
11 54 7
11 19 10
11 42 -8
11 63 2
11 69 -9
11 75 10
11 38 -4
11 67 -3
11 41 1
11 15 5
11 23 2
11 21 -5
11 12 -6
11 56 -5
11 60 4
11 36 -8
11 44 -8
11 40 0
11 70 -2
11 47 6
11 58 -6
11 24 9
11 46 7
11 62 9
12 71 -1
12 23 -5
12 66 -2
12 60 2
12 59 10
12 29 -8
12 43 6
12 30 5
12 24 10
12 51 8
12 53 -9
12 74 10
12 39 -1
12 54 -6
12 27 -5
12 19 -8
12 20 4
12 37 -4
12 38 9
12 31 -9
12 21 -3
12 25 1
12 61 0
12 50 1
12 44 -5
12 42 -8
12 34 1
12 57 -5
13 57 -6
13 27 -8
13 66 8
13 56 0
13 26 -9
13 70 -3
13 58 8
13 42 9
13 73 8
13 35 5
13 68 -1
13 72 1
13 49 10
13 64 -8
13 45 -5
13 74 3
13 75 -3
13 67 6
13 59 1
13 15 -7
13 46 6
13 36 -3
13 38 -8
13 14 5
13 24 7
13 55 9
13 48 -1
13 71 -1
13 32 9
13 41 6
13 31 5
13 40 -7
13 53 -6
14 32 2
14 24 9
14 63 -8
14 20 6
14 59 0
14 71 -10
14 55 2
14 73 9
14 43 -10
14 15 2
14 56 -9
14 53 7
14 45 6
14 49 -5
14 18 -6
14 42 -3
14 48 -8
14 60 2
14 61 -6
14 35 4
14 75 -2
14 68 8
14 70 9
14 40 4
14 66 -9
14 58 -6
14 44 -5
15 38 -8
15 32 -2
15 47 10
15 35 6
15 53 -10
15 62 -10
15 66 0
15 22 -1
15 28 0
15 60 -5
15 39 9
15 21 -7
15 30 -6
15 74 -2
15 48 -9
15 54 -7
15 46 1
15 69 -7
15 64 0
15 24 -4
15 71 1
15 40 9
15 17 -4
15 50 7
15 59 -3
15 70 2
15 41 -9
15 33 -8
15 29 5
15 75 1
15 51 -9
16 30 1
16 35 5
16 69 -8
16 55 7
16 45 -4
16 44 2
16 22 -7
16 25 -6
16 34 5
16 31 6
16 39 -2
16 38 -3
16 37 7
16 66 -2
16 32 -2
16 23 -2
16 47 9
16 67 0
16 46 2
16 62 10
16 43 -3
16 60 3
16 36 -6
17 72 -8
17 45 -7
17 18 2
17 36 7
17 64 -3
17 19 -5
17 57 4
17 20 4
17 71 -10
17 62 -9
17 70 -10
17 74 8
17 46 8
17 31 3
17 33 5
17 37 -4
17 66 7
17 39 8
17 61 -10
17 22 -4
18 42 10
18 74 -1
18 69 -1
18 27 -8
18 29 -5
18 31 10
18 56 7
18 28 -7
18 46 1
18 57 6
18 40 -3
18 26 9
18 34 1
18 23 -1
18 20 -5
18 44 -7
18 52 -4
18 64 4
18 50 4
18 47 6
18 24 -3
18 59 -4
18 54 -1
18 53 1
18 62 -6
18 48 6
18 61 8
18 45 8
18 70 9
19 34 8
19 71 3
19 54 7
19 44 -4
19 65 2
19 29 -2
19 69 6
19 24 4
19 74 -1
19 45 1
19 67 -7
19 26 -8
19 32 1
19 66 8
19 52 5
19 36 -4
19 40 0
19 30 -9
19 56 9
19 49 5
19 50 5
19 61 1
20 59 1
20 26 -8
20 52 3
20 73 10
20 30 -5
20 72 -9
20 43 -7
20 31 7
20 45 -1
20 33 2
20 54 -5
20 51 -4
20 66 -6
20 37 -5
20 41 -5
20 57 9
20 63 -2
20 38 8
20 70 1
20 47 7
20 22 -9
20 24 -10
20 49 -8
21 27 8
21 53 -4
21 29 7
21 57 -7
21 47 0
21 54 -9
21 73 -2
21 56 2
21 74 -1
21 25 -8
21 38 4
21 75 -6
21 41 4
21 71 -10
21 70 -2
21 66 1
21 30 -5
21 36 -9
21 37 9
21 32 -9
21 59 -7
21 26 1
21 69 4
21 33 5
21 68 -10
21 40 8
21 62 2
21 28 -4
21 49 -9
21 39 -7
21 58 0
21 64 -2
22 55 1
22 29 7
22 66 -4
22 26 1
22 48 -7
22 54 -2
22 34 -4
22 73 10
22 53 1
22 68 5
22 39 3
22 36 2
22 57 -10
22 33 4
22 51 8
22 71 -7
22 27 5
22 69 1
22 31 -10
22 44 6
22 40 10
22 74 2
22 25 -3
23 63 -7
23 38 -8
23 46 -2
23 66 0
23 55 10
23 31 7
23 29 1
23 25 -3
23 28 -3
23 52 -6
23 26 1
23 59 -7
23 61 4
23 37 -10
23 54 2
23 53 -10
23 64 5
23 60 -10
23 47 -2
23 50 -7
23 43 -7
23 42 -7
23 51 -3
23 69 5
23 70 -3
24 62 -7
24 50 1
24 35 6
24 38 3
24 70 -3
24 52 8
24 71 -5
24 32 -6
24 75 -10
24 67 -7
24 73 -9
24 47 -8
24 33 -10
24 53 7
24 68 3
24 27 1
24 41 -7
24 63 1
24 64 9
24 54 -8
24 66 -2
24 69 -1
24 60 -10
24 45 4
24 26 5
25 29 -9
25 67 3
25 40 1
25 46 9
25 65 3
25 73 -5
25 34 -3
25 59 6
25 52 -6
25 63 5
25 70 -7
25 60 4
25 28 -10
25 49 -3
25 57 2
25 39 6
25 27 -7
25 45 -4
25 68 1
25 75 -6
25 50 5
25 56 -2
25 38 -2
25 53 -8
25 41 9
25 51 -7
25 33 -1
25 35 9
25 31 -1
25 64 4
25 48 9
25 54 5
25 55 -4
25 43 -5
25 37 6
26 70 10
26 51 -1
26 57 -10
26 54 5
26 33 6
26 38 -8
26 56 -2
26 71 0
26 31 0
26 59 -4
26 28 -3
26 60 3
26 46 -2
26 44 -3
26 39 -8
26 65 7
26 29 -1
26 32 -2
26 41 6
26 64 -3
26 27 9
26 34 0
26 47 -2
26 42 4
26 35 -10
26 69 9
27 63 -6
27 36 -7
27 65 -1
27 72 1
27 34 -7
27 51 -4
27 40 9
27 53 3
27 43 3
27 62 -6
27 70 6
27 64 10
27 41 5
27 75 5
27 68 4
27 45 3
27 47 1
27 71 8
28 45 8
28 36 2
28 38 5
28 34 -8
28 68 1
28 65 -4
28 33 6
28 70 3
28 40 8
28 41 -4
28 66 -10
28 57 -2
28 51 -6
28 75 5
28 49 -9
28 47 2
28 42 -2
28 60 -3
28 29 9
28 73 0
28 43 -9
29 72 8
29 41 10
29 46 -3
29 48 -7
29 42 2
29 40 5
29 63 7
29 43 -10
29 65 0
29 49 -5
29 74 -8
29 47 -1
29 58 -9
29 53 6
29 71 2
29 69 -5
29 52 -4
29 32 6
29 37 -1
29 75 0
30 32 9
30 57 -9
30 59 6
30 60 -1
30 41 5
30 35 10
30 54 7
30 38 8
30 66 -8
30 58 -9
30 73 -5
30 46 -4
30 69 8
30 44 -4
30 62 4
30 74 3
30 64 5
30 52 10
30 45 -7
30 43 -3
30 36 -2
30 63 -2
31 45 -10
31 39 -9
31 74 -3
31 69 -3
31 40 -7
31 57 -6
31 38 9
31 42 -5
31 52 10
31 53 -6
31 65 3
31 64 4
31 41 1
31 55 -3
31 35 6
31 32 2
31 66 -6
31 49 10
31 62 -8
31 48 -7
32 55 -2
32 39 10
32 35 -2
32 38 -3
32 62 10
32 57 -3
32 41 4
32 72 -7
32 58 -9
32 33 3
32 53 -9
32 73 8
32 48 -7
32 44 -4
32 75 7
32 43 -1
32 67 0
32 36 0
32 37 -5
32 50 -1
32 46 0
32 63 1
32 64 -7
32 70 -5
33 69 2
33 35 -7
33 43 1
33 49 -3
33 68 8
33 38 4
33 47 -9
33 52 10
33 58 -7
33 40 -4
33 50 7
33 39 4
33 46 -3
33 62 3
33 75 -3
33 73 -1
33 56 -9
33 57 -5
33 63 7
33 36 0
33 51 -2
33 60 2
34 72 -10
34 69 -8
34 75 5
34 58 7
34 39 6
34 37 -1
34 49 8
34 71 -9
34 40 -10
34 74 -6
34 45 -6
34 46 -8
34 42 4
34 67 -3
34 61 5
34 66 5
34 35 -10
34 53 7
34 56 -5
34 68 2
34 62 6
34 57 8
34 47 -3
34 60 1
35 47 4
35 67 -2
35 60 -4
35 70 -6
35 36 -8
35 42 -4
35 68 6
35 72 2
35 56 3
35 61 -1
35 38 0
35 69 -6
35 40 -2
35 58 1
35 63 6
35 71 -4
35 46 -3
35 39 -8
35 74 7
35 37 0
35 44 -6
35 54 -2
35 73 10
35 45 -4
35 65 6
35 64 -8
35 51 -4
35 43 -9
35 75 -3
36 59 -6
36 64 8
36 37 2
36 70 3
36 51 -5
36 62 4
36 45 -1
36 71 -9
36 58 -3
36 43 -10
36 67 8
36 69 3
36 63 -7
36 39 2
36 61 -3
37 59 2
37 64 -9
37 44 6
37 67 -7
37 70 4
37 56 10
37 61 -7
37 72 3
37 39 10
37 45 10
37 58 -9
37 71 0
37 73 1
37 62 4
37 52 9
37 57 3
37 55 -1
37 54 -3
38 54 2
38 70 -2
38 72 0
38 41 -8
38 50 6
38 55 5
38 69 8
38 64 -3
38 43 -9
38 68 -7
38 66 1
38 61 -3
38 49 1
38 73 -7
38 48 -10
38 52 0
38 39 2
38 40 -4
38 71 10
39 55 5
39 61 -2
39 71 0
39 48 8
39 63 -1
39 40 -10
39 41 -5
39 44 10
39 74 0
39 50 -1
39 72 6
39 62 4
39 57 -1
39 54 -5
39 52 -4
39 51 4
39 60 0
39 47 -9
39 69 -9
39 56 -2
39 58 0
40 49 7
40 47 2
40 55 -5
40 57 10
40 62 6
40 48 -10
40 43 -10
40 69 -5
40 42 -3
40 50 2
40 72 -8
40 68 -7
40 41 -10
40 66 1
40 65 -9
41 75 -9
41 48 2
41 61 -6
41 57 1
41 42 10
41 56 -2
41 65 1
41 68 0
41 43 -8
41 58 -5
41 74 10
41 47 1
41 55 -6
41 49 10
41 53 -9
41 60 10
41 52 9
41 64 -7
41 62 -9
41 51 4
41 73 6
41 71 3
42 50 -10
42 55 -2
42 43 3
42 72 7
42 46 -2
42 44 4
42 49 9
42 65 -3
42 63 -3
42 67 8
42 71 10
42 66 9
42 52 2
42 58 7
43 45 -1
43 61 -4
43 58 -9
43 46 1
43 71 6
43 50 -7
43 73 -10
43 57 7
43 63 0
43 74 1
43 69 0
43 75 8
43 51 2
44 45 -10
44 59 0
44 60 -9
44 64 -2
44 51 1
44 56 9
44 48 8
44 74 -3
44 72 9
44 75 -10
44 66 -7
44 69 2
44 49 -5
44 54 4
45 72 7
45 49 1
45 47 7
45 61 4
45 68 -5
45 59 -4
45 50 0
45 56 1
45 58 -2
45 73 8
45 66 2
45 64 5
45 53 -8
45 74 5
45 52 -10
45 54 -5
45 69 -4
45 55 -5
46 51 -4
46 66 1
46 53 9
46 63 9
46 67 -2
46 58 9
46 48 -2
46 62 5
46 65 -7
46 59 8
46 56 -9
46 60 6
46 64 2
46 54 -1
46 50 1
46 49 -4
47 66 0
47 63 -7
47 68 5
47 58 -9
47 60 4
47 54 -2
47 61 -8
47 51 -3
47 67 4
48 53 -1
48 65 -8
48 75 -10
48 74 1
48 54 -9
48 55 -6
48 71 -8
48 61 1
48 49 3
48 72 -4
48 63 6
48 70 3
48 60 6
48 51 5
49 67 6
49 50 10
49 53 6
49 56 6
49 54 2
49 74 7
49 59 0
49 60 0
49 55 6
49 65 9
49 51 5
50 66 -4
50 59 3
50 70 -2
50 51 7
50 65 -5
50 69 9
50 72 2
50 54 3
51 66 -2
51 59 2
51 56 -7
51 58 -9
51 64 9
51 52 -7
51 68 7
51 65 0
51 60 1
51 62 -10
51 67 5
51 63 -10
52 62 0
52 63 7
52 69 4
52 68 5
52 64 8
52 66 9
52 56 -6
52 73 -1
52 61 -1
52 75 9
52 65 1
52 70 10
53 75 -9
53 62 1
53 61 -1
53 57 -6
53 68 8
53 64 0
53 67 -6
53 65 9
53 58 7
54 66 1
54 64 7
54 61 -10
54 73 -7
54 65 4
54 68 0
54 55 -10
54 72 -6
54 59 8
54 69 -4
55 62 6
55 56 9
55 58 6
55 65 -10
55 61 -5
55 75 10
55 71 -10
55 59 5
55 63 -10
55 60 -5
55 72 -7
55 67 1
55 74 -2
56 59 -9
56 63 -8
56 72 10
56 70 7
56 62 3
56 68 -4
56 64 -4
56 61 6
57 63 -2
57 75 -9
57 62 -4
57 67 7
57 68 10
57 70 4
57 71 6
57 60 -1
58 67 -2
58 62 -6
58 61 -1
58 75 7
59 75 9
59 64 -5
59 60 0
59 66 -10
59 69 5
59 65 -7
59 73 1
59 74 1
59 62 8
59 63 1
59 71 2
59 72 -4
59 61 8
60 70 -9
60 66 -9
60 71 9
60 69 2
60 72 -8
61 74 -9
61 69 -1
61 62 3
61 66 -10
62 74 -8
62 68 5
62 69 -8
62 72 -4
62 65 0
63 74 -7
63 64 9
63 72 -4
63 73 4
64 67 -1
64 75 5
64 74 4
64 72 -1
64 68 1
65 71 6
65 70 8
65 68 10
65 74 -5
65 73 -6
65 66 0
65 72 -9
66 67 8
66 68 -3
66 74 -2
66 73 4
66 75 -4
66 71 0
67 75 2
67 69 -8
68 70 -9
68 72 3
68 75 -6
69 73 7
69 71 -2
69 72 7
70 71 -1
70 74 -5
71 74 -10
71 73 -4
72 73 4
