75 1388 
1 50 8
1 68 -6
1 52 -1
1 25 7
1 72 10
1 12 3
1 8 -6
1 39 -4
1 62 3
1 61 4
1 47 9
1 56 5
1 30 -10
1 60 10
1 46 -4
1 43 7
1 73 -8
1 7 -7
1 33 -3
1 69 8
1 45 9
1 3 -8
1 64 1
1 51 -3
1 29 8
1 13 1
1 15 -8
1 49 -2
1 17 5
1 58 -2
1 4 -3
2 13 -6
2 33 -7
2 43 -7
2 66 -7
2 45 -6
2 75 2
2 56 -2
2 34 -10
2 24 4
2 21 7
2 16 -3
2 11 -5
2 68 -10
2 57 4
2 74 4
2 25 0
2 35 7
2 52 8
2 71 0
2 3 6
2 50 9
2 15 -1
2 27 10
2 63 -10
2 48 5
2 26 7
2 39 -5
2 32 -1
2 23 2
2 69 2
2 61 -2
2 10 10
2 51 4
2 73 -9
2 28 4
2 9 0
2 36 -9
2 30 6
2 8 2
2 12 8
2 20 -9
2 7 5
3 19 7
3 35 10
3 14 -6
3 6 3
3 23 10
3 43 1
3 12 -5
3 8 -2
3 30 -4
3 71 0
3 41 -2
3 21 -9
3 66 9
3 48 -1
3 73 -9
3 5 5
3 56 -3
3 26 -3
3 44 -9
3 34 -4
3 51 5
3 32 -9
3 9 -7
3 24 1
3 33 1
3 25 -10
3 65 5
3 20 0
3 38 4
3 39 7
3 47 5
3 60 -5
3 17 9
3 74 -10
4 43 -1
4 33 -1
4 38 -3
4 27 0
4 20 10
4 46 -10
4 11 8
4 37 -8
4 61 -8
4 63 0
4 10 -5
4 14 -1
4 26 0
4 16 6
4 6 7
4 48 2
4 29 8
4 31 7
4 50 -2
4 62 10
4 73 10
4 8 6
4 28 9
4 55 -5
4 40 7
4 60 -7
4 25 6
4 9 -3
4 54 10
4 21 -5
4 32 4
4 49 2
4 67 2
4 74 9
4 19 7
5 63 -5
5 14 2
5 33 -10
5 24 6
5 26 0
5 69 9
5 21 6
5 62 0
5 39 -6
5 47 8
5 61 -9
5 48 -9
5 60 -9
5 44 9
5 65 9
5 32 8
5 71 -10
5 68 -1
5 64 -9
5 29 7
5 13 7
5 11 0
5 34 2
5 50 -4
5 27 2
5 53 7
5 10 6
5 72 1
6 16 10
6 29 9
6 48 9
6 71 -9
6 49 7
6 27 3
6 14 -7
6 62 -6
6 12 -1
6 67 -4
6 65 -3
6 17 -5
6 46 6
6 69 1
6 59 1
6 13 -9
6 32 3
6 63 3
6 60 8
6 55 -6
6 20 -2
6 37 -6
6 39 -8
6 70 2
6 41 -7
6 42 4
7 60 -3
7 38 -2
7 67 4
7 36 -7
7 52 6
7 24 0
7 72 1
7 49 3
7 16 -7
7 31 5
7 55 -6
7 74 -3
7 61 0
7 25 -4
7 34 -6
7 12 1
7 23 -10
7 20 -7
7 47 4
7 68 -7
7 39 4
7 9 -8
7 19 -1
7 50 0
7 37 -2
7 32 1
7 45 -3
7 30 -2
7 48 1
8 18 3
8 9 7
8 71 8
8 40 -3
8 38 10
8 50 -7
8 19 9
8 53 4
8 10 7
8 16 4
8 56 -3
8 49 -5
8 44 -8
8 12 -5
8 29 -7
8 70 -6
8 47 7
8 61 -1
8 21 -8
8 48 9
8 54 -7
8 75 2
8 28 0
8 22 -8
8 68 -1
8 36 -6
8 33 -7
8 72 7
8 26 10
8 34 0
8 24 -5
8 31 1
8 17 3
8 39 5
8 58 -8
9 21 -10
9 29 4
9 63 -4
9 19 -2
9 13 10
9 57 9
9 58 -6
9 64 8
9 37 -2
9 14 -5
9 11 5
9 43 3
9 71 0
9 34 7
9 65 -8
9 54 8
9 39 -2
9 40 -3
9 41 -1
9 16 -8
9 12 4
9 53 -6
9 68 -8
9 32 10
9 73 -3
9 46 -7
9 26 -6
9 15 4
10 65 -10
10 62 7
10 26 2
10 63 -6
10 17 4
10 72 8
10 47 -1
10 11 -9
10 54 2
10 48 2
10 49 0
10 25 3
10 37 -5
10 43 -8
10 64 10
10 53 -1
10 61 -9
10 23 5
10 70 6
10 46 -2
10 44 3
10 33 -8
10 35 7
10 66 -10
10 18 9
10 24 8
10 30 8
10 27 -7
10 67 1
10 56 -2
10 69 7
11 46 -7
11 51 -3
11 20 10
11 50 3
11 56 -4
11 38 -10
11 71 2
11 48 1
11 17 6
11 69 -2
11 74 -9
11 34 10
11 33 -4
11 14 -2
11 75 10
11 42 8
11 13 1
11 49 2
11 12 -8
11 15 10
11 57 10
11 18 0
11 59 0
11 54 -3
11 39 -4
11 26 10
11 37 4
11 58 -2
11 72 -4
11 70 4
11 27 -4
11 24 9
11 35 -9
12 60 -8
12 42 -9
12 35 -10
12 16 -8
12 28 10
12 17 2
12 30 -3
12 27 -7
12 64 3
12 23 -10
12 65 -8
12 44 -2
12 40 6
12 50 7
12 19 -1
12 20 5
12 52 8
12 57 9
12 34 9
12 54 0
12 73 -4
12 37 -7
12 70 -5
12 68 1
12 71 0
12 13 -1
12 46 5
12 47 -7
12 63 -7
12 58 0
12 14 -6
12 62 9
12 66 -7
13 55 -2
13 60 6
13 65 -2
13 30 -9
13 59 4
13 70 -4
13 72 -10
13 61 -9
13 19 -7
13 68 10
13 45 4
13 40 1
13 41 -1
13 58 -7
13 71 -6
13 48 7
13 62 -1
13 38 -6
13 63 8
13 44 0
13 24 -9
13 16 0
13 35 -2
13 54 -10
13 47 2
13 51 3
13 32 -8
13 15 -10
14 74 -6
14 56 -3
14 66 4
14 16 -7
14 25 7
14 35 -10
14 75 7
14 42 -9
14 61 9
14 39 -5
14 60 8
14 64 10
14 20 10
14 73 -8
14 40 9
14 27 9
14 32 10
14 53 2
14 43 7
14 65 -7
14 23 1
14 24 2
14 49 8
14 44 2
14 51 -7
14 63 7
14 28 8
14 50 -7
14 15 10
14 34 6
14 52 4
14 58 -5
14 57 0
14 72 -2
14 33 -4
14 18 -8
15 38 -5
15 20 7
15 41 -7
15 67 7
15 31 9
15 55 -2
15 19 -10
15 37 -1
15 18 8
15 57 0
15 49 -10
15 21 -5
15 69 -8
15 56 -2
15 61 -4
15 30 -3
15 36 9
15 32 3
15 64 -2
15 48 1
15 40 7
15 34 3
15 71 6
15 65 -9
15 35 5
15 68 8
15 29 -2
15 27 5
16 41 -5
16 19 7
16 46 9
16 22 -8
16 49 -1
16 44 -2
16 35 0
16 75 7
16 58 0
16 56 -8
16 40 5
16 52 -3
16 43 5
16 66 0
16 32 3
16 67 6
16 34 1
16 23 10
16 55 -2
16 24 -2
16 27 3
16 31 4
16 57 -2
16 59 7
16 39 5
16 69 4
16 60 -10
16 36 -2
17 68 3
17 53 -8
17 39 4
17 72 -9
17 22 8
17 35 -4
17 52 4
17 69 -7
17 38 -5
17 71 -1
17 28 -3
17 54 -8
17 32 -4
17 74 9
17 19 8
17 64 4
17 18 -7
17 43 -8
17 66 8
17 34 4
17 29 6
17 62 3
17 36 -6
17 41 10
17 73 -4
17 65 -7
17 59 -5
17 44 10
17 70 3
17 67 7
17 46 8
17 27 5
17 51 -5
17 26 4
18 62 9
18 61 -8
18 40 -6
18 25 -2
18 60 0
18 21 -3
18 53 0
18 34 -2
18 59 4
18 57 -5
18 27 8
18 41 10
18 49 5
18 58 3
18 54 5
18 69 -8
18 31 -6
18 39 9
18 35 -1
18 20 -6
18 48 -9
18 73 -10
18 44 -3
18 74 -5
18 19 9
18 63 9
18 30 0
18 64 -6
18 45 -7
18 66 -8
18 68 -3
19 74 0
19 67 8
19 44 -4
19 49 -6
19 57 1
19 64 4
19 69 -8
19 36 -9
19 32 -4
19 50 5
19 30 7
19 62 -3
19 26 9
19 48 -3
19 25 3
19 55 6
19 39 -1
19 61 -5
19 33 10
19 65 7
19 56 0
19 46 -8
19 60 -5
19 42 -8
19 29 10
19 53 -5
19 37 -10
19 20 7
19 72 -1
20 27 -8
20 68 -7
20 31 -9
20 58 4
20 66 -9
20 41 -2
20 70 7
20 59 -7
20 49 1
20 71 -3
20 51 3
20 52 -5
20 44 8
20 61 -9
20 23 -10
20 50 -1
20 62 -8
20 64 4
20 36 9
20 42 0
20 33 -2
20 22 8
20 60 4
20 75 10
20 67 -6
20 56 0
20 39 -1
20 29 1
20 65 8
21 42 2
21 37 -7
21 61 4
21 31 -6
21 38 -2
21 39 2
21 30 10
21 27 -9
21 35 -2
21 40 -6
21 47 5
21 48 -10
21 64 4
21 71 -3
21 28 -1
21 53 3
21 56 5
21 63 1
21 24 -6
21 58 -10
21 68 10
21 51 -7
21 59 -3
21 74 1
21 46 5
21 70 -2
21 54 -10
21 52 9
21 29 4
21 23 7
22 71 6
22 69 8
22 24 -10
22 63 0
22 43 6
22 34 -6
22 40 -1
22 42 -6
22 31 -6
22 47 -2
22 35 -9
22 23 -7
22 66 -1
22 51 3
22 65 7
22 29 -10
22 27 5
22 74 -7
22 45 2
22 75 10
22 25 8
22 72 -1
22 52 6
22 33 2
22 49 -6
22 39 1
22 48 7
22 55 6
22 61 6
23 68 -7
23 38 -4
23 39 -9
23 25 6
23 59 4
23 48 -9
23 27 -4
23 61 4
23 70 -7
23 47 -8
23 51 2
23 58 4
23 31 5
23 69 -6
23 67 -8
23 45 -3
23 75 -9
23 37 4
23 60 -9
23 57 6
24 38 -9
24 42 -1
24 75 9
24 56 1
24 72 -5
24 45 -4
24 39 9
24 27 7
24 37 4
24 71 8
24 51 -6
24 40 1
24 47 10
24 65 10
24 28 -6
24 46 5
24 44 -2
24 52 5
24 69 8
24 62 7
24 48 9
24 31 1
24 49 1
24 58 0
25 45 3
25 73 -6
25 50 -9
25 57 -4
25 27 -8
25 35 -5
25 41 2
25 61 -9
25 74 -3
25 38 5
25 43 4
25 48 4
25 42 0
25 30 -3
25 68 -10
25 32 4
25 59 4
25 66 1
25 34 2
25 62 7
25 46 -10
25 28 0
25 54 -4
25 70 6
25 60 -9
26 41 6
26 46 7
26 31 -5
26 50 6
26 40 -3
26 49 3
26 55 0
26 51 2
26 67 -7
26 38 -8
26 65 0
26 47 7
26 28 7
26 60 3
26 48 5
26 64 -5
26 59 -3
26 73 -5
26 57 -7
26 32 -9
26 53 -8
26 63 5
27 53 2
27 32 -4
27 40 9
27 29 -9
27 55 8
27 41 -3
27 59 10
27 71 -8
27 51 -4
27 36 -4
27 75 -7
27 64 10
27 35 10
27 47 -3
27 54 -3
27 44 -6
27 70 -9
27 46 3
27 37 8
27 38 -4
27 42 9
27 66 -10
27 63 -6
27 50 -8
28 45 9
28 69 -1
28 59 -9
28 52 8
28 36 -9
28 54 -4
28 46 2
28 37 -2
28 60 -1
28 38 9
28 65 -10
28 51 -1
28 61 -5
28 55 9
28 43 -5
28 47 10
28 74 -2
28 71 -8
28 72 9
28 32 0
29 66 4
29 61 -3
29 55 -8
29 49 8
29 38 4
29 32 3
29 34 0
29 74 2
29 75 -9
29 50 -1
29 51 -1
29 68 -10
29 41 -6
29 48 -8
29 40 -5
29 47 6
29 37 -9
29 39 -8
29 59 -4
29 69 -7
29 67 -6
29 62 -8
29 46 -2
29 43 -9
30 49 -2
30 54 -6
30 47 1
30 39 10
30 70 4
30 75 7
30 43 8
30 50 2
30 51 -10
30 36 4
30 53 -2
30 59 4
30 61 -8
30 33 7
30 38 7
30 42 -8
30 55 -4
30 45 10
30 57 7
30 67 -5
30 64 -8
30 31 -9
30 40 2
30 73 -10
30 69 -9
31 43 -7
31 74 4
31 35 -6
31 36 -9
31 64 -9
31 45 1
31 47 -3
31 52 -10
31 66 -6
31 41 9
31 73 10
31 75 0
31 59 -6
31 38 8
31 54 10
31 37 10
31 68 7
31 46 -10
31 51 3
31 39 6
31 40 -10
31 67 5
31 57 -6
31 71 2
31 70 0
31 58 -8
31 44 -6
32 74 -2
32 35 2
32 72 -8
32 63 1
32 37 -3
32 50 -10
32 69 -9
32 75 5
32 68 -7
32 44 -4
32 41 5
32 64 -6
32 61 2
32 49 3
32 40 -8
32 36 2
32 42 -3
32 52 -3
32 70 -7
32 45 8
32 57 1
32 59 9
32 56 -9
33 38 -8
33 75 7
33 74 7
33 62 10
33 50 10
33 70 10
33 47 3
33 68 -10
33 51 10
33 69 4
33 53 2
33 57 10
33 67 9
33 52 7
33 58 4
33 46 7
33 56 -1
33 45 -2
33 36 4
33 55 -5
33 60 2
33 72 -8
33 41 8
34 64 1
34 60 3
34 36 3
34 68 1
34 71 -6
34 65 8
34 75 0
34 53 6
34 59 8
34 63 2
34 66 0
34 67 -3
34 55 -7
34 35 10
34 47 -2
34 74 -5
34 41 -5
34 46 -9
34 37 9
34 48 -6
34 72 5
34 54 -2
35 61 7
35 66 -7
35 41 -6
35 59 -5
35 67 0
35 70 -4
35 42 -10
35 64 5
35 50 -10
35 54 -1
35 63 -3
35 55 7
35 74 -6
35 48 8
35 47 0
35 38 0
35 37 3
35 53 7
35 45 2
35 52 -8
35 71 0
35 36 1
35 75 2
35 43 -4
35 51 0
35 39 4
36 46 -10
36 58 5
36 67 10
36 66 -5
36 63 -10
36 49 -9
36 50 1
36 44 6
36 59 6
36 38 7
36 52 0
36 47 6
36 72 -5
36 69 -3
36 42 8
36 48 -9
36 68 -2
36 39 7
36 41 4
36 75 1
36 60 8
36 51 1
36 40 -4
37 58 -5
37 57 -1
37 60 4
37 45 7
37 63 -8
37 49 4
37 38 -7
37 62 -1
37 61 6
37 66 8
37 48 7
37 65 -9
37 53 1
37 51 5
37 55 -5
38 52 9
38 71 7
38 70 -4
38 46 6
38 47 4
38 62 3
38 63 -8
38 58 8
38 66 -9
38 39 -8
38 65 5
38 67 -5
38 64 0
38 69 5
38 55 8
38 44 -6
38 43 -5
38 54 0
38 45 5
38 75 -8
38 53 -10
38 42 3
38 41 -2
38 73 6
39 44 -8
39 70 3
39 49 10
39 51 4
39 53 -5
39 45 2
39 46 3
39 58 5
39 65 -10
39 74 9
39 59 3
39 64 6
39 47 -7
39 42 -6
40 72 1
40 44 -2
40 47 1
40 54 3
40 75 -8
40 55 8
40 57 -3
40 61 -2
40 70 6
40 58 8
40 51 6
40 48 -7
40 65 10
41 43 9
41 50 1
41 46 6
41 55 7
41 61 -7
41 66 -7
41 56 0
41 62 -4
41 48 9
41 69 0
41 73 6
41 68 -8
41 65 -10
41 53 5
41 45 9
42 60 4
42 68 10
42 63 8
42 52 7
42 55 7
42 50 3
42 43 -5
42 72 1
42 71 -9
42 67 -1
42 62 -6
42 70 7
42 46 -7
42 65 7
42 73 -6
42 58 -6
42 59 6
42 56 -3
42 44 -6
43 64 2
43 45 2
43 55 2
43 57 -2
43 61 9
43 52 -8
43 50 -5
43 71 -9
43 44 -9
43 68 -2
43 58 3
43 46 -5
43 70 -4
43 51 -9
43 59 4
43 74 1
44 56 2
44 66 5
44 49 -2
44 62 1
44 55 8
44 64 9
44 69 -10
44 54 0
44 68 -7
44 74 -7
44 70 1
44 65 1
44 61 5
44 52 6
44 58 9
44 53 -5
44 60 0
44 48 -10
44 51 9
45 57 -2
45 53 9
45 71 9
45 58 4
45 63 4
45 74 10
45 46 -1
45 61 0
45 54 -9
45 59 6
45 66 0
45 51 -2
45 73 10
46 65 -9
46 52 4
46 62 -6
46 64 -2
46 49 -6
46 47 1
46 68 1
46 66 2
46 60 -7
46 59 -5
46 58 -9
46 70 -9
46 54 6
46 57 -1
46 74 -2
46 61 -7
47 70 8
47 56 -6
47 54 8
47 51 0
47 72 -2
47 58 10
47 60 7
47 59 8
47 62 -8
47 61 -7
47 71 -8
47 75 7
47 48 2
47 49 9
47 66 4
47 55 -8
47 52 -1
47 69 -3
48 60 -1
48 67 10
48 61 -1
48 63 7
48 70 4
48 69 9
48 75 1
48 55 1
48 72 0
48 49 7
48 59 6
48 53 5
48 52 -4
48 54 0
49 70 7
49 55 -7
49 67 5
49 58 7
49 61 10
49 63 -3
49 53 -7
49 71 -4
49 66 -8
49 57 -7
49 68 -5
49 62 -8
49 75 -8
50 52 7
50 57 1
50 66 -2
50 61 -10
50 70 9
50 68 -4
50 60 8
50 69 -7
50 53 -6
50 56 -2
50 74 2
51 59 5
51 71 -3
51 74 -1
51 54 -9
51 57 3
51 65 -7
51 75 9
51 72 6
51 55 4
51 64 -9
51 60 -7
51 67 -6
52 62 1
52 57 5
52 54 -9
52 73 6
52 71 -5
52 55 -7
52 60 6
52 75 9
52 72 -2
52 56 -6
53 65 8
53 56 -2
53 63 2
53 71 1
53 60 -7
53 67 -3
53 69 -1
53 58 -2
53 66 -4
53 62 6
53 74 -9
53 70 2
54 69 -9
54 60 2
54 68 0
54 71 5
54 74 -3
54 65 4
54 61 5
54 72 9
54 66 8
54 58 9
54 70 -5
54 67 6
55 75 5
55 71 9
55 70 -10
55 66 3
55 72 -9
56 73 2
56 58 1
56 74 -10
56 75 -6
56 64 -9
56 59 -6
56 70 -7
56 67 6
56 60 -2
57 61 8
57 60 1
57 62 -9
57 67 1
57 74 -1
57 68 -1
57 70 -5
57 58 -6
57 63 4
57 59 8
57 72 6
58 61 -6
58 63 9
58 64 6
58 59 9
58 72 2
58 74 6
58 75 0
58 71 -2
59 62 4
59 63 -5
59 67 -4
59 70 -4
59 75 -5
59 73 -5
59 71 2
60 70 0
60 71 4
60 65 4
60 68 -10
60 75 9
60 72 -8
60 64 0
60 66 -9
60 73 -6
60 69 8
61 72 3
61 62 -6
61 75 -4
61 73 -4
61 63 -7
61 74 3
61 68 1
62 68 -10
62 75 5
62 65 -7
62 71 -7
62 67 1
62 69 -5
62 72 5
62 66 -2
62 64 0
63 75 9
63 66 -9
63 70 6
63 72 0
63 71 -5
63 67 -4
64 67 0
64 74 10
64 70 -2
64 71 6
64 68 5
65 68 10
65 71 3
65 67 -6
65 72 0
65 74 -10
65 69 9
65 73 -10
65 70 -1
66 68 -8
66 75 6
66 72 2
66 69 6
66 67 5
66 70 -3
67 68 7
67 71 5
67 70 -5
68 75 -8
68 71 8
68 74 -6
68 73 10
69 73 3
69 74 -3
69 72 6
70 73 7
70 72 -5
71 73 -4
72 74 2
73 75 -7
73 74 -5
