75 1388 
1 62 7
1 29 3
1 22 0
1 56 10
1 68 5
1 20 5
1 71 -5
1 54 10
1 6 -4
1 18 0
1 5 9
1 34 -4
1 19 -4
1 28 7
1 44 9
1 50 5
1 31 3
1 65 -8
1 52 4
1 42 -8
1 64 -4
1 14 -5
1 25 -2
1 49 4
1 24 -3
1 69 -10
1 60 5
1 9 4
1 46 0
1 63 5
1 27 1
1 58 -10
1 10 3
1 48 7
1 67 5
1 4 2
1 35 7
2 4 -6
2 58 10
2 55 -8
2 10 3
2 40 -5
2 71 -8
2 11 8
2 18 -10
2 31 4
2 5 -1
2 63 -9
2 70 3
2 56 6
2 3 9
2 51 6
2 20 3
2 64 -7
2 35 1
2 47 -10
2 25 7
2 38 4
2 53 6
2 69 3
2 72 8
2 62 0
2 37 6
2 21 -6
2 75 -7
2 45 -7
2 54 -1
2 52 -6
2 30 10
2 32 9
2 43 9
2 50 0
2 74 4
2 33 8
2 22 1
2 26 -6
2 14 2
2 8 4
2 7 -5
3 62 7
3 17 9
3 64 9
3 48 -6
3 32 -8
3 58 8
3 65 8
3 75 -4
3 74 -8
3 70 -3
3 60 6
3 23 10
3 9 -8
3 54 10
3 41 -10
3 44 9
3 6 -5
3 67 -1
3 26 7
3 18 4
3 39 -6
3 31 6
3 29 5
3 11 1
3 34 1
3 66 -6
3 28 7
3 10 0
3 20 -2
3 19 8
3 71 -3
3 15 -9
3 35 -3
3 68 -9
3 73 10
3 46 -3
3 59 -6
3 69 -7
3 8 0
3 16 -10
3 27 0
3 38 -7
3 42 -8
4 32 -9
4 40 -2
4 65 4
4 29 -6
4 6 0
4 50 0
4 36 0
4 13 -7
4 21 8
4 72 5
4 19 8
4 38 -6
4 54 10
4 44 2
4 71 3
4 33 9
4 5 -4
4 9 6
4 73 -3
4 43 -4
4 56 -4
4 45 6
4 14 -10
4 70 -3
4 64 -5
4 57 2
4 7 -3
4 23 5
4 35 -8
4 10 -4
4 27 0
5 25 0
5 61 -3
5 47 8
5 14 9
5 21 -9
5 37 8
5 7 -3
5 23 -4
5 26 -2
5 40 9
5 27 -6
5 62 7
5 71 4
5 39 3
5 57 6
5 60 4
5 33 -5
5 10 6
5 22 -5
5 13 -3
5 9 10
5 35 6
5 30 -8
5 29 -8
5 42 -10
5 15 -9
5 64 9
5 32 0
5 48 6
5 31 -5
5 68 -8
5 18 5
5 59 -10
5 49 1
5 50 -5
6 37 3
6 15 0
6 62 5
6 70 -2
6 45 -2
6 65 -6
6 22 -1
6 26 -10
6 16 -5
6 9 -9
6 57 5
6 66 -7
6 47 -8
6 60 -7
6 27 -1
6 31 8
6 49 7
6 58 5
6 30 -5
6 67 -2
6 39 1
6 14 10
6 43 -4
6 25 5
6 55 4
6 52 0
6 8 10
6 33 -5
6 68 1
6 17 -6
6 59 -3
6 56 -10
6 50 -1
6 69 8
6 7 9
6 75 9
6 63 7
6 24 1
6 36 10
6 21 4
7 41 3
7 52 7
7 54 3
7 38 -5
7 36 3
7 66 8
7 46 -4
7 55 3
7 25 9
7 35 -8
7 72 7
7 56 -6
7 63 -8
7 8 -7
7 45 -10
7 73 7
7 15 -5
7 48 8
7 64 8
7 39 6
7 28 1
7 12 -3
7 44 -4
7 67 4
7 23 -1
7 29 -9
7 24 0
7 32 8
7 57 -2
7 59 -4
7 47 3
7 16 8
7 30 10
7 37 -7
7 17 -2
8 24 1
8 47 -10
8 17 -2
8 54 -5
8 39 9
8 45 -3
8 30 8
8 48 3
8 57 3
8 52 6
8 13 -6
8 56 -4
8 25 -3
8 37 -9
8 70 4
8 16 4
8 58 9
8 21 -4
8 18 4
8 69 -1
8 51 10
8 15 4
8 32 -9
8 53 -6
8 59 6
8 36 1
8 55 -3
8 50 -2
8 60 6
8 68 2
8 74 6
8 28 -4
8 27 10
8 23 -9
8 62 -2
8 10 7
9 73 -8
9 29 7
9 63 -3
9 74 -5
9 61 9
9 51 -5
9 26 -4
9 44 -3
9 14 4
9 18 -7
9 46 4
9 36 -7
9 24 10
9 15 -3
9 43 10
9 71 -3
9 69 -5
9 27 3
9 23 -7
9 38 -10
9 41 -7
9 10 -6
9 13 3
9 65 -8
9 49 -5
9 62 -9
9 66 1
9 55 3
9 53 3
9 12 -6
9 60 9
9 59 9
9 57 1
9 35 2
10 43 -6
10 62 6
10 34 10
10 46 4
10 32 1
10 37 -5
10 55 -6
10 26 -9
10 38 10
10 27 -6
10 23 10
10 51 7
10 56 -10
10 47 -4
10 71 -10
10 14 5
10 39 -9
10 12 -3
10 70 -6
10 67 -7
10 13 0
10 40 -1
10 61 1
10 66 -8
10 28 2
10 49 -5
10 65 -1
10 20 -8
10 15 -10
10 25 5
10 68 2
10 63 -10
10 53 -5
10 24 4
10 22 4
10 64 3
11 44 0
11 69 2
11 37 4
11 28 -9
11 52 -5
11 16 3
11 72 8
11 34 -3
11 54 -3
11 22 4
11 31 -2
11 30 -3
11 19 6
11 53 4
11 27 7
11 41 4
11 75 -5
11 23 6
11 73 6
11 61 -9
11 18 9
11 59 -4
11 39 2
11 63 -1
11 71 -9
11 26 -4
11 20 -5
11 45 0
11 60 0
11 65 10
11 42 5
11 68 8
11 51 9
11 43 0
12 13 3
12 60 -10
12 15 2
12 19 -5
12 43 7
12 28 -3
12 37 6
12 23 6
12 54 7
12 33 -7
12 50 8
12 34 4
12 51 -6
12 63 -8
12 46 -6
12 14 -10
12 42 7
12 25 2
12 24 5
12 21 -8
12 35 -6
12 57 -5
12 29 -2
12 18 3
12 66 -8
12 59 -7
12 20 6
12 27 -9
12 73 -3
12 62 -7
12 75 6
13 72 6
13 64 -4
13 22 -1
13 53 0
13 68 6
13 20 2
13 56 8
13 47 -7
13 34 -3
13 32 6
13 36 -2
13 51 2
13 45 10
13 30 2
13 52 5
13 57 -9
13 49 0
13 43 7
13 55 -9
13 16 -1
13 65 -9
13 24 4
13 74 7
13 48 -8
13 46 -10
14 28 -3
14 51 6
14 35 9
14 54 -5
14 71 -8
14 58 0
14 29 5
14 36 1
14 42 -2
14 25 3
14 46 7
14 33 3
14 63 8
14 75 -1
14 74 -5
14 39 8
14 64 4
14 53 -1
14 56 1
14 20 6
14 19 -6
14 73 -6
14 68 -2
14 27 5
14 26 4
14 24 9
14 17 -1
14 59 2
14 65 -3
14 37 -2
14 66 -7
14 40 -2
14 32 8
14 18 -3
14 23 10
14 70 -8
15 40 4
15 25 2
15 64 8
15 27 2
15 30 -4
15 34 2
15 54 -10
15 42 0
15 47 -3
15 50 -9
15 60 -2
15 22 1
15 61 -6
15 20 8
15 41 8
15 71 -6
15 55 4
15 24 -6
15 59 -8
15 69 5
15 52 -6
15 33 1
15 46 -1
15 56 2
15 48 -6
15 32 2
16 43 0
16 17 -4
16 33 -6
16 71 -8
16 66 -9
16 20 -8
16 25 -2
16 67 -10
16 55 -8
16 40 -4
16 46 10
16 34 4
16 22 -6
16 68 2
16 51 -5
16 19 -10
16 47 9
16 53 3
16 42 2
16 74 0
16 64 9
16 38 3
16 31 -4
16 61 -5
16 35 -9
16 49 -6
16 62 1
16 29 5
16 36 2
16 24 4
16 44 -5
16 54 5
16 37 -4
16 72 -6
17 22 10
17 43 -9
17 50 -9
17 20 3
17 75 9
17 64 6
17 47 1
17 24 9
17 74 -6
17 46 -7
17 66 -9
17 21 2
17 69 2
17 18 5
17 59 -4
17 30 0
17 73 9
17 42 3
17 34 3
17 51 -10
17 67 -1
17 26 -5
17 58 -4
17 33 -6
17 48 5
17 54 10
17 23 1
17 27 7
17 62 -5
17 72 3
18 31 -8
18 54 -2
18 65 4
18 75 5
18 74 -5
18 33 -6
18 43 3
18 53 -2
18 24 1
18 25 7
18 44 3
18 46 7
18 47 10
18 36 -6
18 48 -7
18 59 -3
18 60 -10
18 63 -10
18 49 -2
18 20 1
18 55 -4
18 51 -3
18 40 1
18 32 1
18 69 -6
18 19 -8
18 41 4
18 22 -6
18 68 10
18 45 0
18 34 -1
18 72 5
18 50 0
18 70 2
19 28 0
19 49 -3
19 59 -4
19 62 7
19 47 8
19 37 6
19 64 8
19 46 -1
19 61 8
19 56 -7
19 54 0
19 72 -10
19 38 -6
19 29 8
19 23 -10
19 52 10
19 66 0
19 57 8
19 30 4
19 40 1
19 58 -1
19 32 9
19 31 -1
19 68 5
19 65 6
19 70 5
19 53 -4
19 33 8
19 25 10
19 45 3
19 43 5
19 24 0
20 23 8
20 72 0
20 65 3
20 40 1
20 30 -9
20 75 1
20 55 -6
20 59 8
20 37 2
20 34 5
20 24 -10
20 47 5
20 25 -1
20 74 -9
20 48 -5
20 53 5
20 38 3
20 39 3
20 70 -2
20 69 1
20 46 -10
20 49 -7
20 42 1
20 60 -10
20 54 2
20 35 0
20 27 -2
20 62 3
21 40 1
21 65 5
21 75 -3
21 57 -3
21 56 10
21 69 4
21 61 -3
21 70 7
21 55 -8
21 60 -5
21 42 10
21 33 10
21 63 4
21 44 -1
21 38 -8
21 53 -10
21 23 5
21 46 -1
21 26 -9
21 27 2
21 28 6
21 41 9
21 35 -1
22 51 -3
22 43 -5
22 55 -5
22 42 -8
22 29 1
22 56 -6
22 32 9
22 62 6
22 50 -2
22 27 6
22 72 8
22 69 -10
22 37 -1
22 46 4
22 52 9
22 61 6
22 65 -2
22 25 -3
22 41 10
22 39 -3
22 74 6
22 36 -4
22 28 -8
22 44 10
22 73 -5
23 44 8
23 64 -8
23 39 -9
23 53 1
23 67 -9
23 52 -2
23 63 -6
23 74 -1
23 41 -10
23 29 -5
23 36 -2
23 61 -5
23 47 -7
23 34 -6
23 31 -9
23 73 -9
23 46 7
23 37 -4
23 51 0
23 32 10
23 50 -1
23 62 -2
23 26 2
23 71 6
23 54 -4
24 51 -1
24 62 10
24 56 -7
24 28 1
24 75 -10
24 39 -1
24 35 -6
24 42 5
24 33 -6
24 31 10
24 69 5
24 68 1
24 74 -5
24 52 8
24 66 -9
24 59 1
24 49 6
24 48 8
24 37 4
24 64 8
24 45 -5
24 54 -2
24 61 7
24 70 -9
24 43 -4
24 73 -2
24 29 6
24 63 0
24 67 4
24 72 5
24 30 3
24 50 -10
25 69 8
25 70 2
25 51 3
25 47 -3
25 30 -8
25 38 -6
25 62 -2
25 45 -6
25 42 10
25 59 2
25 71 -10
25 67 -7
25 75 3
25 73 -10
25 60 1
25 40 -10
25 50 -7
25 64 -2
25 66 1
25 65 3
25 57 -4
25 33 1
25 55 -3
25 29 -8
26 44 -6
26 55 10
26 43 1
26 35 -7
26 41 -6
26 61 -3
26 58 5
26 46 -7
26 36 1
26 62 6
26 31 -7
26 32 -9
26 34 -1
26 40 -7
26 64 -4
26 75 -2
26 74 1
26 71 0
26 33 4
26 63 10
26 72 -7
26 69 0
26 28 2
26 38 -10
26 37 4
26 70 -8
26 65 -8
26 45 8
27 63 -10
27 52 -1
27 58 -6
27 30 -9
27 46 -2
27 61 4
27 42 10
27 36 3
27 59 2
27 48 6
27 45 9
27 51 9
27 44 -1
27 55 -6
27 31 -4
27 66 -2
27 39 -3
27 33 -1
27 34 2
27 43 -4
27 72 7
28 48 6
28 34 0
28 62 9
28 68 7
28 59 -4
28 71 9
28 73 9
28 43 -6
28 50 -9
28 49 0
28 31 0
28 55 5
28 72 5
28 65 -4
28 74 -9
28 52 -7
28 38 9
28 44 10
28 45 -3
28 75 6
28 30 -6
28 29 -1
28 57 6
29 53 -5
29 52 5
29 54 -3
29 65 9
29 50 -3
29 66 3
29 42 -3
29 55 -1
29 31 -10
29 33 2
29 30 -8
29 74 4
29 41 5
29 57 -4
29 73 9
29 47 -2
29 69 5
29 46 -3
29 75 -5
29 63 -6
29 44 -5
29 67 6
29 34 -3
29 68 8
29 60 -5
30 44 10
30 58 3
30 42 -5
30 60 -7
30 54 -9
30 64 6
30 73 -3
30 38 -6
30 57 3
30 67 6
30 36 -1
30 62 5
30 35 9
30 50 -5
30 37 -8
30 52 10
30 71 3
30 72 0
30 47 -2
30 74 3
30 61 -5
30 34 4
31 63 2
31 60 10
31 41 -3
31 37 6
31 34 -8
31 42 -4
31 71 1
31 33 8
31 55 5
31 49 -9
31 52 -2
31 47 1
31 32 5
31 69 8
31 58 -3
31 56 -3
31 36 1
31 40 -2
31 35 -5
32 68 2
32 40 3
32 37 3
32 45 -8
32 54 -6
32 52 -5
32 46 5
32 61 -1
32 72 3
32 33 9
32 60 -1
32 53 -9
32 66 9
32 55 3
32 43 6
32 63 -9
32 58 0
32 41 3
32 65 6
32 57 -10
32 44 -8
32 36 0
32 51 -4
32 73 10
33 73 -8
33 64 -6
33 52 4
33 62 7
33 35 -6
33 70 0
33 54 3
33 61 7
33 60 4
33 50 -3
33 41 -1
33 65 -2
33 39 10
33 47 5
33 38 -6
33 59 4
33 55 8
33 74 3
34 49 -4
34 65 4
34 46 -8
34 74 -5
34 52 0
34 64 -8
34 38 -2
34 69 -3
34 53 -6
34 58 10
34 75 -6
34 72 0
34 70 7
34 54 -6
34 67 -4
34 73 -2
34 41 3
34 68 3
35 59 -7
35 66 -3
35 70 -6
35 47 0
35 58 -6
35 41 -8
35 61 10
35 50 -4
35 37 5
35 53 9
35 64 -10
35 69 1
35 45 -1
35 60 3
35 75 -5
35 42 0
35 68 -1
35 62 9
35 39 -1
36 65 0
36 70 -3
36 61 -3
36 37 0
36 62 4
36 55 -6
36 54 0
36 41 -3
36 42 -7
36 69 5
36 67 -3
36 38 -6
36 58 5
36 52 -10
36 64 8
37 72 -7
37 52 -9
37 70 -4
37 45 -5
37 60 -9
37 49 -9
37 66 -8
37 56 -7
37 53 -1
37 73 -9
37 67 -8
37 65 3
37 71 0
37 69 -10
37 54 10
37 42 0
37 59 -8
37 43 -6
37 63 -7
37 68 -8
38 47 -7
38 64 -1
38 61 6
38 42 -9
38 45 1
38 48 8
38 54 0
38 57 -4
38 67 3
38 75 -9
38 43 -7
38 50 -3
38 44 4
38 55 -3
38 46 -5
38 56 2
38 51 0
38 72 -4
38 58 1
38 39 -1
38 41 -6
39 65 -8
39 70 -5
39 42 3
39 62 2
39 40 7
39 72 4
39 46 -7
39 63 10
39 75 -1
39 58 5
39 61 4
39 67 4
39 64 4
40 54 6
40 67 4
40 75 8
40 64 -6
40 43 -2
40 65 6
40 63 -10
40 52 4
40 49 10
40 57 6
40 42 1
40 62 -9
40 61 -8
40 74 -9
40 59 7
40 73 2
40 68 0
41 47 -9
41 58 -6
41 50 1
41 63 10
41 51 2
41 65 2
41 72 0
41 74 -10
41 52 6
41 44 2
41 69 8
41 54 6
41 70 -2
41 68 -7
41 46 -1
42 64 -6
42 54 4
42 44 3
42 43 -7
42 73 3
42 65 -1
42 68 -6
42 62 -2
42 59 -10
42 75 -7
42 69 -10
42 72 3
42 48 -7
42 46 2
42 57 8
42 60 -4
43 64 -9
43 49 6
43 65 -4
43 58 5
43 48 3
43 61 -3
43 57 -10
43 73 7
43 45 -7
43 53 -8
43 44 5
43 62 -6
43 60 -7
43 75 -2
43 74 -9
43 47 -5
43 66 3
43 72 6
44 65 -3
44 66 -5
44 55 3
44 54 -4
44 48 -7
44 73 -5
44 47 -1
44 59 -5
44 69 -10
44 63 8
44 68 5
44 50 -4
44 45 4
44 60 -10
44 49 -6
44 72 9
44 57 -8
44 46 3
45 71 3
45 73 5
45 51 5
45 56 7
45 69 -5
45 64 6
45 59 5
45 54 8
45 70 1
45 48 3
45 74 -1
45 62 -5
45 66 3
45 68 -9
46 49 3
46 51 -8
46 75 8
46 74 -4
46 66 9
46 59 -8
46 57 4
46 53 6
46 73 6
46 67 -7
46 72 6
46 47 1
47 55 7
47 60 -2
47 73 1
47 54 10
47 62 -1
47 52 -8
47 59 1
47 63 -5
47 49 3
47 57 -8
48 74 8
48 72 1
48 66 1
48 56 -2
48 55 5
48 68 8
48 65 3
48 71 2
48 60 3
48 54 3
48 49 -4
48 63 -7
48 62 -7
49 67 -8
49 55 -3
49 72 6
49 57 -9
49 66 -8
49 61 -4
49 65 -7
49 56 8
49 73 7
49 74 3
49 60 3
49 54 9
49 53 9
49 75 5
49 71 -5
50 72 2
50 64 -4
50 58 5
50 55 10
50 75 5
50 54 -2
50 67 2
50 74 4
50 56 -5
50 62 4
50 57 4
51 67 -1
51 65 8
51 72 -10
51 66 -1
51 73 2
51 52 8
51 61 9
51 59 -4
51 60 5
51 56 8
51 70 7
51 62 0
51 58 1
51 68 -8
52 68 1
52 61 -7
52 69 5
52 63 -5
52 64 9
52 73 4
52 67 -2
52 58 -6
52 72 -10
52 65 2
53 72 -1
53 54 6
53 64 -8
53 73 -6
53 61 8
53 65 10
53 60 -5
53 69 8
53 75 9
53 57 -2
53 66 -10
53 63 5
53 74 -8
53 59 -5
54 72 -8
54 66 10
54 59 -5
54 64 -4
54 74 5
54 69 7
54 58 -1
54 71 6
55 70 3
55 71 -8
55 75 -6
55 68 10
55 62 -4
55 63 10
55 59 -2
55 58 -7
56 66 -6
56 59 9
56 72 -5
56 71 5
56 62 -2
56 68 -1
56 58 8
57 67 4
57 68 1
57 58 4
57 63 6
57 62 3
57 74 -1
57 61 -1
58 64 -4
58 71 -8
58 69 -9
58 68 10
58 75 4
58 74 6
59 67 -2
59 75 -9
59 60 10
59 72 1
59 63 -6
59 71 -2
59 64 7
59 66 0
60 71 3
60 63 4
60 68 5
60 66 3
61 73 -2
61 69 -3
61 74 6
62 69 7
62 74 -9
62 68 -6
62 65 7
63 64 1
63 72 -6
63 68 8
63 66 4
63 65 -5
63 71 -4
64 75 -3
64 70 -5
64 66 0
64 69 -2
64 68 -9
64 73 -9
64 65 5
65 71 4
65 73 -6
65 70 -5
65 67 3
65 69 2
65 68 2
66 72 5
66 67 -6
66 68 4
66 70 -10
67 75 1
67 70 4
67 71 8
67 72 -2
67 68 5
68 75 0
68 74 1
68 73 0
68 69 10
69 73 0
69 72 7
69 70 -10
70 75 10
70 71 -1
71 72 -10
72 73 5
73 74 -8
73 75 4
74 75 -10
