75 1388 
1 33 -6
1 66 9
1 2 10
1 62 2
1 20 -1
1 72 -2
1 73 -3
1 19 -2
1 70 8
1 41 -4
1 68 -10
1 14 2
1 27 -4
1 25 6
1 31 -7
1 9 5
1 15 -10
1 32 -3
1 6 5
1 58 -8
1 57 -3
1 5 -5
1 44 -7
1 35 -6
1 38 -5
1 16 8
1 63 7
1 49 2
1 75 4
1 55 7
1 11 1
1 51 -7
1 28 -8
1 64 -4
1 8 -1
1 34 -2
1 53 -1
1 7 -1
2 30 -2
2 48 2
2 24 0
2 14 -8
2 12 -7
2 67 -5
2 42 1
2 75 -6
2 35 6
2 7 6
2 6 -4
2 4 0
2 22 -8
2 29 -1
2 16 -8
2 39 8
2 71 10
2 61 9
2 60 9
2 11 -7
2 19 -6
2 20 5
2 59 -4
2 74 -8
2 46 -3
2 10 4
2 58 8
2 55 -9
2 49 3
2 8 -5
2 23 4
2 33 -7
2 21 -10
2 43 7
2 41 -5
3 52 -7
3 64 -7
3 18 2
3 27 -4
3 69 -8
3 59 -1
3 10 -4
3 67 -8
3 16 7
3 57 -2
3 73 7
3 65 -6
3 70 -3
3 61 -9
3 66 -6
3 7 -1
3 9 10
3 49 10
3 14 -9
3 68 -8
3 72 -8
3 47 5
3 23 -4
3 13 -6
3 21 2
3 32 10
3 20 6
3 63 -9
3 51 -7
3 37 8
3 38 10
4 61 8
4 54 -8
4 60 -6
4 75 8
4 28 5
4 73 4
4 9 -3
4 56 3
4 26 -4
4 14 -1
4 40 2
4 71 7
4 8 5
4 52 -6
4 7 -2
4 59 4
4 51 -4
4 57 -2
4 36 0
4 69 2
4 17 0
4 63 10
4 13 -2
4 6 -8
4 35 -6
4 50 -1
4 62 0
4 42 -2
4 11 10
4 67 -4
4 34 2
4 18 -2
5 32 10
5 21 6
5 71 -7
5 74 2
5 58 -2
5 39 -7
5 23 -2
5 16 -4
5 8 8
5 33 -3
5 34 6
5 20 -8
5 31 6
5 62 -7
5 42 -1
5 17 -5
5 47 -9
5 27 7
5 68 -6
5 75 9
5 43 -7
5 49 -7
5 52 7
5 40 5
5 12 10
5 30 3
5 45 4
5 64 3
5 69 -7
5 60 2
5 14 6
5 26 8
5 9 9
5 18 5
5 28 -10
5 38 -8
5 61 -2
5 73 3
5 51 2
5 6 8
5 36 3
5 25 1
5 54 -6
5 10 9
6 73 -6
6 53 3
6 35 -7
6 52 1
6 32 -6
6 48 10
6 18 10
6 16 6
6 27 3
6 15 8
6 9 8
6 74 1
6 72 3
6 61 10
6 8 9
6 7 5
6 41 9
6 30 8
6 38 -8
6 31 -1
6 10 8
6 42 -9
6 46 -2
6 69 2
6 51 6
6 63 8
6 59 10
6 40 4
6 45 -3
6 14 3
6 34 1
6 19 -4
7 33 6
7 17 7
7 21 1
7 26 1
7 72 -5
7 42 -4
7 74 6
7 19 4
7 23 -2
7 56 9
7 54 4
7 25 4
7 53 -6
7 27 -8
7 10 -1
7 40 -7
7 69 1
7 51 -3
7 73 -3
7 30 0
7 16 0
7 46 7
7 55 5
7 36 -9
7 50 -1
7 44 -9
7 14 -2
7 12 -2
7 71 1
7 13 -3
7 49 4
7 9 2
7 15 -6
7 32 8
7 45 -6
7 48 -3
7 75 3
8 58 9
8 29 4
8 56 -3
8 66 -6
8 51 -3
8 14 3
8 11 -7
8 9 -9
8 73 -2
8 13 -4
8 34 -5
8 59 -4
8 75 -6
8 48 -7
8 62 7
8 57 -1
8 61 5
8 52 -8
8 43 -7
8 65 4
8 25 -8
8 67 -1
8 41 -2
8 37 -1
8 19 -10
8 49 7
8 35 9
8 23 6
8 17 3
8 18 -6
8 50 6
9 23 3
9 17 -3
9 29 -8
9 60 -5
9 65 6
9 26 -2
9 66 -1
9 46 1
9 37 8
9 21 0
9 69 -3
9 25 2
9 39 -6
9 38 5
9 40 -7
9 71 9
9 54 -3
9 11 3
9 34 8
9 43 2
9 68 -5
9 62 -7
9 12 0
9 55 1
9 36 2
9 49 -8
9 27 -9
9 72 -4
9 67 4
9 20 -9
10 31 -9
10 22 -9
10 75 -9
10 56 -5
10 48 5
10 41 10
10 11 8
10 30 6
10 18 -3
10 40 3
10 57 -8
10 61 -9
10 60 5
10 12 5
10 71 5
10 28 -9
10 45 8
10 29 -8
10 32 -3
10 25 -4
10 50 10
10 54 3
10 52 -2
10 46 6
10 24 -8
10 47 8
10 27 -7
10 65 -9
10 44 5
10 62 5
10 23 3
10 73 -9
11 75 -6
11 57 -7
11 74 -1
11 67 8
11 53 -2
11 28 5
11 12 -2
11 58 -3
11 32 -7
11 51 5
11 66 9
11 31 3
11 25 10
11 43 -5
11 16 -5
11 56 1
11 34 4
11 33 8
11 14 -4
11 46 -7
11 73 1
11 38 -7
11 19 8
11 69 -2
11 60 -1
11 61 5
11 13 -7
11 22 2
11 30 -4
11 37 2
11 48 -1
11 49 7
11 68 8
11 63 3
12 20 7
12 42 -5
12 45 3
12 51 -8
12 36 -10
12 67 10
12 55 8
12 66 7
12 22 1
12 29 9
12 52 -8
12 69 9
12 43 -9
12 46 4
12 70 9
12 24 -9
12 56 8
12 59 7
12 39 10
12 75 -1
12 14 6
12 28 1
12 48 2
12 40 -3
12 32 -8
12 25 7
12 62 6
13 75 -10
13 20 3
13 32 -1
13 53 3
13 42 10
13 30 6
13 22 -7
13 26 1
13 58 2
13 21 5
13 61 1
13 16 10
13 35 -8
13 69 -4
13 15 -10
13 67 6
13 25 -6
13 50 -4
13 29 4
13 65 4
13 52 -8
13 63 8
13 41 2
13 49 -9
13 28 -2
13 64 5
13 36 5
13 60 -6
14 53 10
14 67 10
14 43 9
14 16 5
14 50 6
14 25 9
14 64 -7
14 31 9
14 38 -10
14 44 -10
14 66 -2
14 52 0
14 20 9
14 33 6
14 18 9
14 72 0
14 28 0
14 29 9
14 21 -8
14 23 -2
14 65 -7
14 19 6
14 62 10
14 39 -8
14 35 -9
14 17 -8
14 45 -7
14 49 0
14 26 -1
14 27 -4
15 61 6
15 31 -8
15 34 3
15 49 9
15 24 7
15 32 -1
15 59 -5
15 51 -10
15 57 -8
15 71 4
15 40 -2
15 70 9
15 23 10
15 42 -7
15 28 5
15 48 8
15 62 5
15 45 -3
15 73 -7
15 16 5
15 52 3
15 69 3
15 19 -4
15 65 -5
15 18 8
15 50 10
15 29 -5
15 44 -5
16 51 5
16 21 -7
16 24 0
16 60 3
16 43 10
16 20 1
16 57 -4
16 32 9
16 69 8
16 47 10
16 41 5
16 45 6
16 64 7
16 44 -8
16 42 -2
16 49 3
16 55 -7
16 40 -8
16 53 7
16 19 5
16 50 -7
16 17 7
16 22 0
16 34 9
17 37 9
17 38 9
17 28 -10
17 52 9
17 44 -8
17 55 2
17 34 7
17 33 0
17 60 3
17 53 10
17 41 -7
17 26 -7
17 48 4
17 59 -2
17 22 3
17 68 0
17 63 -5
17 31 -9
17 20 -9
17 51 -5
17 35 10
17 39 -5
17 46 3
17 71 -3
17 72 2
17 36 1
17 67 -4
17 49 8
17 62 -10
17 58 -7
17 19 -8
17 23 -3
18 42 7
18 43 -4
18 68 8
18 20 10
18 75 3
18 46 6
18 55 10
18 65 -7
18 34 -4
18 45 3
18 54 0
18 51 4
18 21 -10
18 59 6
18 71 -10
18 33 8
18 70 6
18 73 1
18 36 -4
18 40 -2
18 48 10
18 28 0
18 19 5
18 22 -1
18 47 -6
18 57 -1
18 39 -6
18 26 9
18 29 9
18 60 3
18 37 -9
18 53 5
18 67 6
18 38 -8
18 32 -4
18 58 -5
18 35 -6
18 49 5
19 44 3
19 27 -4
19 43 -1
19 60 -4
19 35 -1
19 51 8
19 59 10
19 47 -8
19 49 -6
19 71 0
19 67 7
19 34 2
19 53 5
19 56 -4
19 23 4
19 31 -4
19 66 -1
19 21 -10
19 61 -4
19 52 -9
19 36 8
19 69 9
19 74 5
19 29 9
19 24 -5
19 20 -2
20 59 -4
20 36 -5
20 43 -7
20 41 2
20 46 -10
20 34 1
20 68 8
20 21 10
20 42 7
20 40 1
20 25 1
20 69 6
20 67 0
20 64 0
20 53 5
20 66 9
20 75 -7
20 60 8
20 23 0
20 50 7
20 51 -9
20 71 -9
20 65 -10
20 49 9
20 74 -3
21 72 -5
21 42 3
21 66 1
21 25 8
21 60 2
21 57 -8
21 35 9
21 54 7
21 30 8
21 46 10
21 24 -6
21 63 -8
21 71 -3
21 37 7
21 52 -4
21 32 -2
21 33 -1
21 73 -1
21 67 -6
21 22 2
21 61 -10
21 38 7
21 55 8
21 64 8
22 65 -9
22 52 9
22 72 6
22 50 -7
22 51 -5
22 32 -6
22 55 10
22 26 2
22 68 -1
22 44 6
22 23 -9
22 60 -4
22 47 -5
22 62 -3
22 39 -5
22 74 7
22 71 -7
22 43 0
22 54 9
22 73 -10
22 25 6
22 64 -1
22 31 -2
22 48 10
22 45 7
22 42 -10
22 27 10
22 24 6
22 36 -8
22 69 -4
23 37 -3
23 25 6
23 39 7
23 74 7
23 29 -9
23 73 -3
23 68 5
23 26 3
23 31 2
23 41 7
23 50 -2
23 59 -4
23 70 2
23 65 0
23 66 10
23 52 2
23 69 8
23 67 -10
23 42 6
23 38 7
23 24 -6
23 62 -2
23 30 9
24 71 5
24 68 -10
24 66 2
24 63 7
24 33 -8
24 57 -6
24 73 5
24 29 -3
24 43 4
24 72 4
24 60 1
24 31 5
24 54 -5
24 74 -4
24 65 3
24 28 6
24 58 -5
24 62 -1
24 27 -1
24 55 -7
24 26 3
24 42 4
24 52 -7
25 34 -8
25 59 -3
25 40 -8
25 33 1
25 44 -6
25 57 6
25 58 -9
25 42 1
25 35 10
25 66 -4
25 53 -10
25 26 9
25 46 -9
25 67 9
25 65 -8
25 68 3
25 38 4
25 27 -10
25 36 -2
25 39 5
25 63 -3
25 72 -2
25 41 -3
25 55 3
25 30 -3
25 56 -9
25 71 8
25 48 -4
26 73 9
26 29 -4
26 72 5
26 65 2
26 54 -1
26 51 -7
26 53 6
26 43 -10
26 34 10
26 49 5
26 62 6
26 37 0
26 44 -1
26 32 -10
26 48 -1
26 74 6
26 70 1
26 31 9
26 66 -3
26 56 6
26 30 9
26 69 2
26 41 -1
26 63 -9
26 61 1
26 58 10
26 60 -6
26 38 -10
27 60 5
27 55 4
27 49 -2
27 37 7
27 65 -7
27 32 0
27 52 -9
27 54 8
27 29 -3
27 36 6
27 44 -6
27 43 -9
27 59 5
27 70 -2
27 47 -2
27 31 -10
27 46 -1
27 53 10
27 75 -8
27 34 -6
27 61 -6
27 58 5
28 32 10
28 69 -6
28 42 5
28 51 -1
28 40 -7
28 67 -2
28 39 3
28 52 4
28 31 2
28 34 -8
28 35 -9
28 62 -3
28 75 -7
28 29 0
28 50 5
28 43 -4
28 57 -10
28 45 0
28 53 -8
28 37 -3
28 54 4
28 74 1
28 30 -4
28 46 -1
28 71 -6
28 36 -2
28 70 -9
29 62 -8
29 66 -2
29 42 -5
29 55 2
29 40 -10
29 50 3
29 67 2
29 57 4
29 39 -4
29 51 10
29 44 0
29 43 -10
29 35 0
29 64 0
29 73 -9
29 37 9
29 53 -6
29 41 -8
29 47 -8
29 61 5
30 59 9
30 40 4
30 66 1
30 32 1
30 38 -3
30 53 6
30 62 -4
30 52 0
30 41 -4
30 65 -2
30 54 -7
30 51 -8
30 31 -6
30 60 10
30 73 4
30 61 0
30 44 2
30 57 -2
30 71 -2
30 39 10
30 58 9
31 66 -6
31 50 -4
31 54 8
31 58 -1
31 68 -5
31 39 10
31 70 -4
31 57 -9
31 74 -7
31 37 8
31 46 1
31 33 -10
31 62 -9
31 71 8
31 49 -1
31 48 -7
31 52 -5
31 69 1
31 63 7
31 32 3
31 72 0
31 47 6
31 44 0
32 34 -3
32 39 -2
32 50 1
32 66 1
32 36 4
32 63 -3
32 51 -5
32 37 -7
32 54 5
32 65 -2
32 71 -1
32 70 -10
32 53 -6
32 48 -1
32 72 -4
32 58 6
32 60 -5
32 55 -8
32 33 -9
32 38 -6
32 44 -10
32 73 -8
32 47 -10
32 35 9
32 69 5
32 40 -6
32 68 2
33 35 -9
33 36 9
33 40 5
33 55 4
33 70 -7
33 34 2
33 58 1
33 61 6
33 53 -6
33 42 10
33 44 9
33 50 -9
33 56 1
33 65 -7
33 52 -4
33 45 10
33 62 10
33 43 0
33 74 8
34 39 5
34 56 -9
34 62 -10
34 44 -10
34 40 5
34 73 4
34 42 -5
34 69 -6
34 53 5
34 36 6
34 55 5
34 63 8
34 74 -8
34 49 -5
34 65 -4
34 51 -9
34 48 -3
34 54 1
34 71 -8
34 43 2
35 39 4
35 51 -9
35 56 2
35 50 -10
35 46 7
35 70 -8
35 60 -5
35 72 1
35 45 -6
35 69 -9
35 54 -3
35 36 2
35 41 6
35 53 2
35 67 6
35 47 6
35 57 -1
35 49 -1
35 63 -9
35 68 -4
35 43 10
35 58 3
36 42 7
36 55 -1
36 47 -7
36 44 -1
36 39 -1
36 57 8
36 43 2
36 58 0
36 46 0
36 73 0
36 59 8
36 52 9
36 71 7
36 66 1
36 51 -10
36 63 -9
36 41 -1
36 64 -2
36 72 -8
36 40 6
36 53 -1
36 62 -10
36 54 -6
36 49 10
37 65 5
37 56 -3
37 61 -9
37 55 1
37 51 2
37 42 -6
37 39 -9
37 68 4
37 73 9
37 50 0
37 53 -6
37 63 4
37 72 -9
37 52 -4
37 46 -9
37 58 10
37 69 4
37 41 -3
38 66 2
38 53 0
38 61 8
38 46 7
38 73 2
38 40 6
38 42 -7
38 54 8
38 41 -4
38 56 8
38 49 2
38 65 -2
38 58 -10
38 50 8
38 72 8
38 69 3
38 67 -1
39 46 1
39 54 3
39 53 -7
39 40 3
39 44 -8
39 68 -7
39 64 -8
39 74 2
39 50 3
39 45 7
39 47 -3
39 71 2
39 66 -5
39 57 -10
40 73 -3
40 68 -8
40 43 -10
40 52 -6
40 41 4
40 49 3
40 63 -9
40 70 4
40 75 3
40 48 -8
40 44 9
40 64 -5
40 71 -1
40 51 10
40 53 0
40 61 -1
40 46 6
40 74 -3
40 62 -4
40 65 7
40 69 4
41 62 2
41 54 -6
41 55 0
41 44 6
41 72 4
41 61 -1
41 74 9
41 51 3
41 45 -3
41 67 6
41 59 6
41 70 1
41 57 1
41 48 4
42 72 4
42 66 0
42 55 4
42 53 5
42 54 1
42 71 10
42 56 -6
42 48 4
42 47 5
42 52 1
42 45 0
42 60 -3
42 49 8
42 51 8
42 43 10
42 68 -7
43 55 -4
43 45 -6
43 72 -6
43 68 3
43 67 -5
43 57 -9
43 52 -4
43 70 3
43 56 5
43 50 1
43 51 -6
43 75 -5
43 46 -6
43 65 2
43 69 -1
43 74 10
43 47 -1
43 73 -8
43 48 3
44 45 7
44 73 -3
44 47 7
44 53 4
44 51 4
44 64 -7
44 66 0
44 50 -7
44 68 -2
44 65 -6
44 54 -7
44 62 5
44 46 2
44 48 -9
44 56 -8
45 72 8
45 52 -1
45 54 -1
45 69 1
45 47 2
45 46 9
45 65 8
45 49 5
45 63 6
45 55 7
45 70 5
45 57 7
45 74 -2
45 51 6
45 59 -8
46 50 2
46 53 10
46 70 -2
46 68 -3
46 64 10
46 58 -6
46 66 4
46 61 -6
46 47 0
46 56 -10
46 75 7
46 57 8
46 71 5
46 59 -3
47 60 8
47 70 3
47 48 10
47 67 -9
47 54 5
47 55 -3
47 52 0
47 53 -2
47 59 -9
47 69 -1
47 56 -10
47 64 -2
47 73 0
47 61 3
47 50 -8
47 63 10
48 59 3
48 57 -10
48 70 7
48 58 3
48 71 -1
48 69 -6
48 56 4
48 66 -4
48 62 10
48 75 -10
48 54 -5
48 68 -4
48 49 0
48 55 -3
48 64 10
48 73 7
48 65 6
48 52 -8
48 53 -6
48 72 5
49 53 -10
49 73 10
49 67 9
49 75 4
49 56 -2
49 54 -3
49 64 -2
49 59 3
49 50 1
49 69 -3
49 55 -10
49 57 -7
49 68 6
49 66 5
50 52 6
50 69 5
50 75 5
50 71 -5
50 51 5
50 66 -8
50 58 -6
50 53 5
50 55 2
50 68 -8
51 52 5
51 53 8
51 55 0
51 70 -6
51 66 5
51 67 -3
51 57 4
51 56 8
51 75 9
51 64 5
52 71 -4
52 65 3
52 68 -1
52 56 8
52 58 -3
52 64 -8
52 62 -5
52 69 0
53 66 5
53 68 6
53 72 1
53 65 -3
53 54 0
53 58 3
53 75 3
53 61 3
53 69 5
53 67 0
53 64 10
54 68 -2
54 55 3
54 56 4
54 66 -8
54 60 -5
54 70 -5
54 59 6
54 64 -6
55 56 1
55 68 6
55 66 2
55 58 1
55 65 -4
55 71 -10
55 64 4
55 59 -5
56 63 -9
56 60 -7
56 65 5
56 57 6
56 58 -7
56 70 -6
56 71 -4
56 66 -7
56 72 9
56 64 -6
56 62 -1
56 69 10
56 75 6
56 59 -1
57 58 5
57 75 -7
57 63 10
57 68 8
57 61 10
57 62 7
57 71 5
57 66 -5
57 69 -6
57 70 0
58 68 5
58 72 4
58 75 -10
58 74 2
58 73 4
58 69 -10
58 65 9
58 67 2
58 64 6
59 69 -10
59 66 -2
59 70 -10
59 72 10
59 75 8
59 73 -3
59 63 -6
59 74 7
60 62 8
60 69 -8
60 72 -4
60 66 -4
60 73 9
60 65 -1
60 70 -6
61 70 2
61 71 5
61 74 -9
61 63 9
61 64 -1
61 68 4
61 65 -6
62 64 -6
62 75 10
62 74 -3
62 70 0
62 63 0
62 66 6
62 65 3
62 73 5
62 69 -6
62 71 9
63 73 7
63 66 -8
63 75 -9
63 69 -9
63 65 8
63 68 8
63 67 -3
64 72 -4
64 70 10
64 69 2
64 74 0
64 73 2
64 68 -10
64 75 -9
64 67 10
65 70 -6
65 75 0
65 72 -4
65 71 6
65 69 -1
65 74 6
66 72 1
66 67 5
66 70 -2
66 74 5
67 72 10
67 68 8
67 70 7
67 74 -9
67 69 6
68 70 -9
68 71 -2
68 69 2
68 73 -6
69 71 -6
70 73 -2
70 75 6
71 74 4
71 72 -7
74 75 6
