75 1388 
1 43 -1
1 17 9
1 34 -5
1 51 -6
1 26 10
1 70 5
1 54 9
1 46 -8
1 30 3
1 36 7
1 69 4
1 45 4
1 2 4
1 64 4
1 23 -7
1 10 -3
1 3 -9
1 31 -7
1 7 -1
1 12 -1
1 28 5
1 60 1
1 25 2
1 22 -3
1 49 -7
1 68 8
1 48 10
1 47 -4
1 11 -9
1 73 -1
1 41 -9
1 32 -5
1 33 -7
1 8 -8
1 20 9
1 53 0
1 42 -9
2 14 -3
2 48 9
2 4 -1
2 53 8
2 23 10
2 11 -8
2 42 10
2 49 2
2 69 -6
2 35 3
2 56 7
2 8 -8
2 71 6
2 46 -9
2 43 3
2 62 -4
2 31 5
2 70 -8
2 34 -3
2 73 -2
2 26 9
2 50 5
2 39 2
2 74 1
2 37 1
2 7 -6
2 61 -4
2 25 10
2 19 10
2 60 -7
2 51 -1
2 65 -5
2 10 -3
2 47 -1
2 15 9
2 6 6
3 53 -10
3 33 -7
3 39 7
3 16 2
3 25 -4
3 13 2
3 27 -8
3 30 1
3 61 -3
3 66 0
3 8 -2
3 60 -4
3 6 0
3 73 9
3 31 -3
3 68 8
3 45 7
3 64 1
3 56 -3
3 22 -1
3 43 9
3 37 9
3 69 -7
3 67 -2
3 28 -1
3 24 -2
3 17 -10
3 9 -9
3 50 -2
3 11 8
3 41 -9
3 18 -1
3 75 5
3 49 9
3 65 6
3 23 -5
3 55 2
3 26 1
3 29 -2
3 10 -9
3 15 -3
3 71 -2
3 62 -8
3 70 -7
3 48 3
3 54 -3
4 56 -10
4 66 8
4 45 -6
4 21 3
4 64 -3
4 23 5
4 36 7
4 40 7
4 38 -3
4 65 5
4 73 -4
4 48 -7
4 9 10
4 57 -1
4 54 3
4 59 7
4 71 -8
4 74 8
4 16 -2
4 67 -6
4 60 -1
4 47 -2
4 6 4
4 41 10
4 8 -9
4 62 -8
5 36 -9
5 19 9
5 57 -10
5 11 5
5 45 5
5 16 -6
5 65 1
5 7 -2
5 30 10
5 60 6
5 33 5
5 46 10
5 26 10
5 39 -4
5 35 1
5 63 2
5 17 -8
5 22 -6
5 47 10
5 51 -6
5 27 6
5 8 -6
5 66 2
5 34 9
5 67 1
5 37 -2
5 56 -3
5 14 0
5 68 6
5 55 -8
5 54 -8
5 9 3
5 44 9
5 18 0
5 42 3
6 16 1
6 41 3
6 71 4
6 42 1
6 67 10
6 62 5
6 63 10
6 28 -4
6 75 0
6 55 8
6 51 -4
6 60 2
6 54 -1
6 12 10
6 57 7
6 27 9
6 43 -7
6 56 4
6 58 -10
6 8 8
6 11 4
6 40 7
6 46 8
6 17 -8
6 59 -2
6 33 -4
6 69 4
6 61 -6
7 61 -1
7 36 1
7 16 -8
7 20 -7
7 59 -5
7 42 -9
7 23 7
7 41 -4
7 12 -9
7 18 -3
7 9 3
7 21 -3
7 46 -2
7 49 -6
7 55 -3
7 67 9
7 64 -9
7 27 7
7 68 3
7 62 -8
7 35 -4
7 52 2
7 10 -5
7 75 0
7 40 -2
7 37 8
7 44 -10
7 22 -10
7 29 -3
7 53 -8
7 71 -9
7 24 -1
7 54 4
7 74 0
8 75 6
8 34 8
8 11 -2
8 21 -10
8 51 -5
8 42 -8
8 49 0
8 55 2
8 16 7
8 71 0
8 38 0
8 66 1
8 10 10
8 46 -7
8 58 1
8 25 3
8 37 3
8 41 3
8 57 -4
8 23 4
8 60 2
8 19 3
8 47 -9
8 30 0
8 20 3
8 39 5
8 9 0
8 52 -4
8 54 -1
8 26 -3
8 27 0
8 28 -3
8 63 8
9 62 -2
9 66 3
9 50 -6
9 58 2
9 47 4
9 64 9
9 52 -5
9 34 -10
9 28 -10
9 10 0
9 67 -6
9 41 0
9 11 6
9 37 8
9 60 0
9 17 4
9 73 5
9 43 4
9 25 10
9 49 -6
9 19 0
9 31 -10
9 59 -7
9 36 0
9 51 -10
9 12 4
9 30 -7
9 40 -1
9 18 0
9 33 9
10 20 0
10 21 -8
10 49 -2
10 64 -6
10 59 -9
10 18 -8
10 12 5
10 71 -10
10 24 3
10 65 -3
10 58 5
10 73 -1
10 22 -8
10 31 -5
10 56 -6
10 53 0
10 14 5
10 47 -2
10 29 -2
10 43 -3
10 55 -8
10 75 6
10 26 -8
10 57 4
10 15 -9
10 32 -6
10 48 -1
10 16 10
10 60 -1
10 46 -6
10 17 1
10 61 3
10 42 -4
10 68 -5
10 23 0
10 27 5
10 51 -9
10 11 10
11 48 -8
11 70 8
11 66 -3
11 14 0
11 59 1
11 58 -5
11 16 5
11 18 -7
11 43 -10
11 17 -8
11 74 9
11 62 -4
11 45 -6
11 63 -3
11 38 -7
11 24 0
11 60 -2
11 12 3
11 33 5
11 52 6
11 13 -10
11 73 2
11 40 1
11 57 7
11 71 8
11 27 3
11 49 -3
11 44 -3
11 23 -5
11 34 5
11 36 2
11 20 -1
11 22 -8
11 72 -9
11 19 4
11 37 7
12 66 0
12 34 9
12 54 -4
12 37 -8
12 49 1
12 24 -1
12 36 -6
12 27 0
12 65 9
12 46 -1
12 70 9
12 74 4
12 35 -9
12 71 6
12 44 9
12 25 -1
12 14 0
12 73 5
12 39 4
12 19 8
12 18 1
12 62 -5
12 67 3
12 41 9
12 72 2
12 33 -6
12 63 7
12 21 6
12 16 0
12 29 3
12 23 -10
12 43 10
12 69 -7
12 47 -10
12 52 -2
12 50 10
13 54 2
13 31 3
13 55 -1
13 34 -9
13 60 -5
13 23 -3
13 21 -4
13 39 -3
13 43 -1
13 49 -8
13 58 8
13 22 3
13 15 6
13 67 3
13 38 -3
13 17 -5
13 24 5
13 36 -4
13 32 -4
13 19 -3
13 70 -6
13 33 -7
13 57 -8
13 25 1
13 53 2
13 26 4
13 72 -2
13 51 8
13 52 8
13 42 8
13 27 6
13 56 -10
13 45 -5
14 26 -9
14 17 -6
14 37 6
14 33 -4
14 38 -9
14 48 4
14 74 8
14 24 -9
14 63 -6
14 58 6
14 54 1
14 41 -5
14 34 -3
14 73 -7
14 39 -10
14 23 10
14 20 3
14 36 -6
14 72 -9
14 68 4
14 32 -9
14 67 9
14 71 -7
14 62 1
14 44 10
14 64 -5
14 66 7
14 51 1
14 52 5
15 52 -4
15 54 6
15 36 -4
15 16 -1
15 65 -7
15 70 -7
15 26 10
15 29 2
15 68 5
15 42 0
15 20 4
15 30 0
15 69 6
15 45 -8
15 21 -1
15 66 -1
15 51 -9
15 33 -8
15 63 6
15 57 -1
15 62 4
15 55 -4
15 40 -6
15 22 -10
15 74 -3
15 28 0
15 27 0
15 31 5
15 19 7
16 38 3
16 23 -8
16 69 -2
16 58 -1
16 48 9
16 21 10
16 17 -2
16 31 4
16 64 -3
16 20 -3
16 73 -6
16 46 2
16 47 0
16 60 9
16 63 10
16 53 -6
16 51 2
16 32 6
16 28 8
16 55 4
16 52 8
16 19 4
16 18 0
16 41 -9
16 34 4
16 62 -9
16 54 -4
16 36 1
16 24 -5
16 25 -3
17 27 0
17 49 8
17 37 -10
17 36 -10
17 34 10
17 43 1
17 54 2
17 56 5
17 18 -3
17 67 10
17 19 -8
17 23 -4
17 44 -7
17 59 -5
17 39 -2
17 32 -5
17 65 -6
17 52 2
17 47 3
17 69 7
17 61 6
17 60 -2
17 29 -3
17 51 9
17 75 -9
17 41 -7
17 35 -9
17 73 -3
17 72 -2
17 24 -7
17 68 -1
17 58 5
18 49 -1
18 29 -1
18 73 5
18 35 6
18 46 10
18 66 8
18 67 0
18 23 -6
18 48 2
18 64 7
18 36 4
18 65 -6
18 54 4
18 28 -8
18 50 -5
18 42 9
18 55 6
18 74 0
18 71 -7
18 25 -9
18 52 -9
18 33 6
18 44 3
18 30 4
18 72 -3
19 60 9
19 72 5
19 45 1
19 71 3
19 22 3
19 56 -1
19 73 6
19 33 5
19 55 8
19 58 -6
19 48 4
19 63 4
19 32 3
19 65 0
19 53 9
19 44 -10
19 42 -2
19 59 -3
19 51 -3
19 61 2
19 21 -1
19 40 -6
19 62 8
19 37 -6
19 30 5
19 70 -9
19 35 3
19 64 7
19 26 5
19 46 -10
19 43 -5
20 36 2
20 65 -3
20 64 1
20 27 0
20 39 4
20 72 6
20 23 8
20 32 -4
20 21 2
20 31 -5
20 33 0
20 26 -1
20 68 7
20 75 -10
20 41 7
20 35 -4
20 66 10
20 55 -3
20 52 -2
20 46 6
20 61 -1
20 44 5
20 67 5
20 22 -6
20 50 10
20 59 -2
20 48 -5
20 51 0
21 23 -4
21 53 7
21 39 -1
21 43 -4
21 72 -5
21 36 1
21 74 7
21 50 4
21 37 2
21 42 5
21 56 -3
21 44 -1
21 29 -7
21 70 -6
21 59 2
21 38 -4
21 48 7
21 47 -4
21 30 2
21 73 3
21 63 5
21 71 -8
21 68 -1
21 26 5
22 27 -6
22 60 -7
22 55 -3
22 37 -3
22 28 -10
22 71 -10
22 70 7
22 46 -10
22 51 -9
22 43 6
22 66 2
22 26 4
22 31 -3
22 67 -5
22 35 6
22 32 -4
22 39 3
22 68 9
22 50 -4
22 74 4
22 36 -8
22 57 -9
22 33 -4
22 73 -8
22 62 3
22 23 10
22 47 -10
22 25 -5
22 54 -3
23 40 3
23 56 6
23 42 4
23 55 7
23 31 -6
23 71 7
23 68 -10
23 52 -10
23 25 -3
23 43 -5
23 34 -6
23 26 9
23 27 -3
23 74 6
23 28 9
23 54 0
23 59 0
23 44 2
23 24 -10
23 35 5
23 47 5
23 45 -8
24 73 7
24 69 3
24 28 1
24 65 -1
24 62 10
24 32 6
24 57 10
24 67 7
24 27 4
24 37 7
24 63 4
24 41 1
24 40 0
24 61 9
24 66 -8
24 44 4
24 45 -5
24 42 5
24 25 -6
24 50 7
24 53 9
24 49 2
24 52 10
24 75 1
25 59 -10
25 73 0
25 48 -10
25 26 -4
25 43 -3
25 35 -2
25 67 -2
25 34 3
25 42 -3
25 52 -6
25 60 -7
25 62 2
25 55 4
25 28 10
25 50 0
25 69 -10
25 38 -8
25 71 3
25 51 -3
25 31 3
25 65 -10
25 39 9
25 33 -1
25 54 10
25 46 7
26 36 3
26 53 10
26 41 -10
26 58 -2
26 61 1
26 40 2
26 49 -2
26 57 3
26 33 -6
26 52 -7
26 45 -3
26 37 -8
26 75 4
26 39 -10
26 47 10
26 65 -7
26 62 10
26 46 9
26 54 2
26 29 9
26 74 -1
26 35 -1
26 32 -9
26 31 6
26 55 10
27 43 5
27 63 -8
27 39 -3
27 33 -6
27 42 3
27 31 1
27 53 -8
27 51 -1
27 59 -2
27 57 3
27 62 6
27 35 -2
27 71 7
27 49 7
27 75 6
27 66 5
27 34 5
27 69 9
27 73 -10
27 45 6
27 29 -3
27 28 -4
27 74 10
27 65 7
27 36 8
27 47 -1
28 48 -5
28 30 0
28 66 -7
28 31 -9
28 34 -10
28 37 10
28 35 7
28 57 10
28 54 6
28 52 7
28 50 4
28 64 -7
28 56 5
28 58 4
28 43 -6
28 44 10
28 42 8
28 33 2
28 36 6
28 72 2
28 59 -2
28 71 3
28 49 6
28 53 2
29 46 4
29 37 10
29 58 7
29 39 6
29 44 3
29 68 -8
29 70 -6
29 61 1
29 41 8
29 31 6
29 49 5
29 65 0
29 43 0
29 67 0
29 73 -5
29 48 -5
29 59 7
29 35 1
29 60 -6
29 71 4
29 62 4
29 69 -2
29 56 7
30 46 -1
30 40 6
30 66 0
30 35 -5
30 49 -10
30 55 2
30 54 -9
30 51 1
30 72 8
30 58 -5
30 73 -10
30 32 9
30 74 -6
30 48 5
30 38 -7
30 65 4
30 36 -2
30 39 -6
30 52 -10
30 59 2
30 37 -6
30 71 -8
30 43 9
31 51 -2
31 40 6
31 58 5
31 65 5
31 55 3
31 72 0
31 45 -3
31 34 9
31 50 -10
31 69 0
31 67 -5
31 48 -7
31 60 -7
31 61 9
31 53 -5
31 43 6
31 41 -4
31 54 -2
32 50 5
32 37 4
32 38 2
32 56 3
32 73 4
32 40 -4
32 54 2
32 66 -8
32 63 8
32 67 -7
32 39 10
32 35 -10
32 60 -4
32 46 10
32 69 2
32 70 -4
32 43 5
32 48 6
32 59 5
32 41 3
32 53 7
33 64 -3
33 45 10
33 66 -8
33 55 -10
33 35 -8
33 59 8
33 75 -1
33 68 -10
33 38 -5
33 42 -7
33 70 0
33 56 -5
33 54 -6
33 60 -6
33 65 4
33 48 -4
33 57 -6
33 58 8
33 47 8
33 51 -7
33 44 6
33 73 2
34 46 10
34 67 -3
34 65 -6
34 70 -10
34 42 -5
34 64 -10
34 73 9
34 41 -3
34 59 -4
34 60 -5
34 56 1
34 37 -5
34 75 5
34 62 8
34 54 0
34 50 -10
34 44 1
34 58 5
34 49 -4
34 72 -10
35 39 8
35 71 2
35 60 8
35 40 9
35 74 0
35 36 2
35 49 9
35 42 2
35 73 -8
35 70 -7
35 41 -3
35 64 10
35 62 8
35 48 -4
35 43 4
35 54 9
35 47 0
35 44 10
35 59 -9
35 53 10
35 58 -8
36 71 4
36 65 -8
36 41 6
36 64 0
36 42 2
36 70 5
36 55 -9
36 43 7
36 63 -7
36 48 -3
36 59 -5
36 75 6
36 68 -6
36 66 -5
36 73 6
37 49 10
37 40 -7
37 43 -4
37 59 -6
37 42 3
37 62 -7
37 69 7
37 60 2
37 61 9
37 52 4
37 74 -7
37 75 5
37 38 6
37 57 3
37 54 2
37 70 3
37 44 0
37 45 -7
38 46 1
38 43 5
38 45 0
38 70 4
38 71 -3
38 55 -4
38 52 0
38 75 -9
38 61 5
38 72 -9
38 62 0
38 65 6
38 53 4
38 39 -3
38 50 6
38 74 8
38 56 -8
39 54 -7
39 44 -1
39 48 -6
39 72 -3
39 61 -2
39 74 4
39 71 8
39 52 1
39 56 4
39 57 -10
39 42 -8
39 47 1
39 53 -10
39 41 -8
39 46 2
39 45 -8
39 62 10
39 59 -7
39 73 10
39 55 -4
40 53 3
40 52 1
40 54 7
40 49 9
40 63 -3
40 71 1
40 50 10
40 59 5
40 51 5
40 72 -10
40 61 -5
40 56 -3
40 42 9
40 70 4
40 57 3
41 61 1
41 71 9
41 63 -9
41 44 6
41 45 -5
41 58 9
41 68 -9
41 49 -4
41 51 0
41 43 -3
41 50 5
41 75 0
41 46 -4
41 66 -2
41 56 3
41 47 8
41 54 8
42 67 0
42 68 -1
42 75 3
42 59 -9
42 60 4
42 43 9
42 66 10
42 49 -1
42 61 1
42 46 3
42 50 -3
42 47 -4
42 48 3
43 48 7
43 56 -2
43 49 8
43 70 9
43 64 -3
43 55 3
43 65 -9
43 67 -6
43 52 -6
43 50 9
43 44 0
43 69 -2
43 66 -1
43 75 0
43 45 -6
43 58 8
43 47 -4
44 59 0
44 66 10
44 60 -5
44 63 -5
44 72 -6
44 58 0
44 51 0
44 69 -2
44 46 -5
44 75 -5
44 48 -4
44 65 -3
44 70 2
44 68 9
44 53 10
44 45 8
44 71 0
45 49 -5
45 72 -7
45 66 0
45 75 -1
45 64 -5
45 65 6
45 53 4
45 69 7
45 60 -8
45 70 8
45 62 1
45 46 -10
45 59 -2
46 60 0
46 51 -3
46 63 10
46 72 7
46 61 -10
46 49 -6
46 73 0
46 59 -9
46 71 -2
46 55 4
46 58 -9
46 62 -3
46 75 -3
47 52 -3
47 71 4
47 63 -9
47 60 5
47 54 -6
47 55 -7
47 62 0
47 65 4
47 53 -8
47 72 -7
47 48 -4
47 70 1
48 65 3
48 54 2
48 52 7
48 62 5
48 72 -5
48 59 9
48 69 2
48 73 1
48 64 7
48 70 7
48 60 4
48 57 -8
48 67 -4
48 61 -2
48 55 -5
48 51 0
48 53 5
49 59 -1
49 53 9
49 74 8
49 50 0
49 73 -9
49 62 4
49 68 -5
49 65 6
49 60 -4
49 57 9
49 55 -1
49 75 8
49 67 -9
49 61 3
49 70 1
49 71 2
49 58 8
50 71 9
50 56 10
50 64 10
50 65 10
50 55 -6
50 63 7
50 70 -9
50 52 4
50 67 -1
50 72 -1
50 68 -3
50 73 -6
50 74 7
50 58 1
50 54 -9
51 73 9
51 67 -9
51 57 -6
51 56 -7
51 59 -1
51 72 8
51 65 9
51 62 0
51 66 10
51 54 -6
51 58 -3
51 61 1
52 70 -6
52 69 -6
52 58 8
52 73 -8
52 59 4
52 61 9
52 55 9
52 74 -1
52 63 10
52 67 9
53 65 4
53 73 -8
53 63 4
53 54 3
53 60 9
53 59 -8
53 74 10
53 70 -3
53 62 -5
53 69 5
53 61 10
54 57 7
54 58 5
54 63 6
54 55 -10
54 60 -2
54 65 -4
54 56 7
54 67 -7
54 70 0
54 73 -2
54 69 -2
54 72 1
54 71 1
54 59 9
54 74 9
55 67 -2
55 71 0
55 60 6
55 66 -1
55 75 7
55 62 9
55 74 3
55 65 2
55 70 10
56 64 3
56 60 -5
56 71 -4
56 74 5
56 63 -7
56 67 -4
56 57 -7
56 65 8
56 59 0
56 61 2
56 73 2
56 72 6
57 61 -2
57 68 -5
57 70 8
57 73 -9
57 69 -9
57 63 2
57 75 6
58 59 -8
58 67 3
58 68 1
58 71 -3
58 65 -6
58 69 4
58 63 -10
59 65 -7
59 73 -5
59 60 -3
59 67 -8
59 64 5
59 71 -8
59 72 -7
59 62 -10
59 63 5
59 74 0
60 63 3
60 61 3
60 64 -8
60 62 5
60 69 2
60 68 7
60 70 -5
60 74 -1
61 68 0
61 66 -8
61 69 7
61 72 7
61 62 4
61 75 -6
61 64 -5
62 74 -6
62 69 9
62 72 5
62 75 -5
62 73 7
62 65 4
62 66 8
63 75 -2
63 66 9
63 65 4
63 67 -6
63 68 -9
63 73 6
63 71 7
63 74 2
63 70 -2
63 64 -6
64 67 -1
64 71 7
64 70 4
64 68 4
64 73 -6
64 74 -5
64 65 4
65 73 7
65 72 5
65 71 10
65 66 5
65 67 9
66 73 2
66 75 -1
67 72 -2
67 69 10
67 74 3
67 68 0
68 71 3
69 70 8
69 74 -3
71 74 2
71 75 9
71 72 -9
71 73 -5
72 74 -9
72 73 -8
73 74 4
