75 1388 
1 42 6
1 66 9
1 40 -9
1 38 6
1 29 -1
1 54 9
1 30 -3
1 7 1
1 13 -6
1 69 5
1 65 -1
1 9 6
1 70 -3
1 18 -7
1 22 3
1 11 3
1 10 -3
1 64 8
1 14 3
1 48 8
1 50 -10
1 5 3
1 41 -1
1 59 5
1 52 10
1 60 6
1 63 4
1 46 -10
1 27 -1
1 68 -1
1 24 -5
1 43 -1
1 3 -6
1 2 4
1 44 -9
1 72 -8
1 55 7
1 33 -10
2 74 1
2 50 -6
2 55 7
2 63 0
2 33 8
2 56 -10
2 39 1
2 48 -6
2 47 6
2 66 -8
2 22 8
2 18 1
2 34 5
2 9 -4
2 11 -7
2 57 -4
2 21 -8
2 44 7
2 23 -7
2 72 -5
2 29 -7
2 54 1
2 64 -1
2 12 -9
2 40 8
2 49 9
2 4 -8
2 46 -7
2 15 -8
2 37 1
2 73 0
2 3 3
2 16 1
2 25 -5
2 71 7
2 7 1
2 45 -6
2 60 3
2 31 -7
2 5 -4
2 52 10
2 58 10
2 19 8
2 6 7
3 38 5
3 24 9
3 67 2
3 41 -4
3 71 4
3 53 -4
3 27 5
3 43 -4
3 10 4
3 56 9
3 45 6
3 4 -8
3 46 -8
3 32 -8
3 7 -9
3 26 -6
3 5 4
3 37 -2
3 42 2
3 18 -7
3 47 8
3 31 -10
3 36 9
3 62 10
3 48 -4
3 51 3
3 69 8
3 65 6
3 60 -7
3 15 4
3 29 -6
3 61 -8
3 14 -6
3 8 -1
3 75 8
3 68 -10
4 45 6
4 34 3
4 64 -10
4 30 10
4 17 10
4 28 6
4 70 -2
4 36 -1
4 41 -7
4 54 9
4 37 1
4 5 -9
4 49 5
4 53 -6
4 55 4
4 6 -1
4 33 6
4 38 0
4 21 -7
4 42 -9
4 65 -1
4 22 -10
4 43 -4
4 10 8
4 26 -5
4 51 0
4 74 -5
4 63 -7
4 72 2
5 25 5
5 69 -5
5 17 -6
5 14 -8
5 16 9
5 58 -8
5 20 -5
5 42 -10
5 21 10
5 12 3
5 51 3
5 24 -4
5 45 -2
5 67 6
5 19 4
5 37 0
5 23 4
5 47 7
5 46 6
5 56 -7
5 74 6
5 10 -10
5 27 -9
5 15 -1
5 60 -3
5 39 -4
5 29 -4
5 62 -3
5 13 8
5 53 -10
5 70 7
5 75 -10
5 72 -7
5 61 -10
5 11 4
5 71 -10
5 48 0
5 26 8
6 55 0
6 30 5
6 47 0
6 17 10
6 72 -2
6 70 3
6 19 1
6 32 -8
6 69 -7
6 7 -8
6 11 3
6 66 7
6 34 2
6 75 -2
6 16 -5
6 31 -9
6 50 -5
6 36 8
6 18 -3
6 35 -1
6 33 2
6 63 -10
6 27 -7
6 67 -4
6 52 -5
6 73 2
6 39 -4
6 40 0
6 58 -2
6 13 10
6 57 5
6 15 -9
6 25 -4
6 68 -10
7 67 6
7 69 6
7 46 -8
7 10 -6
7 39 4
7 12 0
7 60 8
7 50 3
7 8 -5
7 42 8
7 48 5
7 64 3
7 33 9
7 19 -10
7 26 -2
7 63 -8
7 55 6
7 68 1
7 38 6
7 52 -3
7 41 -4
7 59 -7
7 37 -6
7 56 -6
7 35 -7
7 47 -10
7 17 -9
7 24 2
7 74 -1
7 49 2
7 65 2
7 34 7
7 70 -9
7 72 -1
7 30 3
7 23 -5
8 57 -8
8 54 9
8 59 3
8 12 -7
8 13 -5
8 70 -5
8 74 -5
8 62 -5
8 65 2
8 47 -3
8 14 1
8 9 -4
8 36 7
8 22 0
8 37 2
8 26 10
8 28 4
8 58 4
8 38 1
8 61 9
8 17 0
8 60 -2
8 44 -4
8 21 6
8 53 0
8 50 3
8 52 2
8 68 10
8 45 1
8 16 -4
8 23 -9
8 29 -4
8 71 10
9 38 0
9 25 -6
9 27 -2
9 30 9
9 14 -5
9 75 -10
9 45 3
9 66 -6
9 13 8
9 58 4
9 11 8
9 49 -2
9 64 7
9 73 9
9 69 9
9 67 -8
9 35 -5
9 36 -7
9 50 -4
9 53 -3
9 51 1
9 39 4
9 18 3
9 48 -9
9 74 -10
9 61 9
9 20 0
9 21 3
9 59 3
9 15 -3
9 52 4
9 40 -9
9 12 -1
9 10 3
9 33 -2
9 43 5
10 47 -3
10 44 4
10 48 3
10 19 0
10 25 -1
10 58 3
10 54 2
10 32 9
10 71 1
10 64 -4
10 38 -8
10 23 -5
10 37 -1
10 74 -9
10 60 0
10 43 -7
10 30 -7
10 49 -7
10 55 1
10 69 10
10 20 -5
10 63 1
10 15 2
10 62 2
10 51 8
10 18 9
10 35 3
10 39 1
10 16 -1
10 41 -2
10 66 9
10 17 0
10 73 8
10 56 0
11 74 -2
11 32 0
11 35 -5
11 20 9
11 55 -9
11 36 -5
11 18 -10
11 56 -5
11 66 -1
11 51 1
11 21 -9
11 59 10
11 57 -1
11 64 4
11 71 -7
11 65 7
11 38 2
11 43 -3
11 48 -5
11 28 2
11 23 0
11 73 -3
11 58 -7
11 42 1
11 67 5
11 22 6
11 19 -3
11 12 4
11 50 9
11 25 9
11 13 5
11 37 -10
11 24 -8
11 46 7
11 61 5
11 49 -3
11 44 -1
12 39 -1
12 61 -10
12 14 -5
12 69 8
12 72 -5
12 71 -9
12 33 -4
12 32 -9
12 29 8
12 37 3
12 26 9
12 50 -1
12 16 5
12 30 -2
12 41 -10
12 17 -10
12 58 5
12 42 2
12 18 -6
12 73 -7
12 54 3
12 24 -3
12 40 -5
12 15 5
12 48 5
12 13 -7
12 27 -4
12 51 -6
12 53 -10
12 38 0
13 26 -2
13 50 3
13 14 -8
13 17 -2
13 70 5
13 42 -6
13 36 7
13 57 -10
13 38 -10
13 18 2
13 62 -5
13 69 9
13 74 -4
13 55 -3
13 59 8
13 21 3
13 19 3
13 72 9
13 31 -7
13 24 4
13 73 2
13 53 3
13 68 -9
13 49 9
13 23 1
13 28 -1
13 35 8
13 39 10
13 41 0
13 34 10
14 43 9
14 25 -3
14 19 8
14 62 6
14 26 0
14 40 -9
14 51 0
14 29 10
14 44 2
14 37 -9
14 57 -4
14 65 -10
14 58 2
14 33 -1
14 69 1
14 27 -4
14 61 6
14 75 -1
14 38 9
14 20 -8
14 18 -5
14 23 -4
14 70 -2
14 52 -4
14 49 -5
14 71 10
14 73 -6
14 32 -8
14 48 -7
14 39 8
14 64 10
14 21 8
14 34 7
15 60 10
15 35 5
15 21 5
15 33 -8
15 48 8
15 28 5
15 23 8
15 42 6
15 32 -4
15 43 -9
15 51 1
15 22 5
15 36 9
15 73 -8
15 68 9
15 59 -8
15 26 1
15 38 0
15 75 -4
15 27 -5
15 16 5
15 31 3
15 65 2
15 18 9
15 41 -10
15 55 1
15 63 -4
15 24 4
15 69 0
15 57 -10
15 45 -10
15 50 8
16 53 -3
16 69 8
16 19 3
16 45 -9
16 32 6
16 27 1
16 20 -7
16 50 9
16 49 -8
16 48 10
16 25 4
16 31 7
16 75 8
16 59 -3
16 52 -3
16 47 1
16 43 8
16 30 -3
16 17 -4
16 61 0
16 38 -8
16 42 -9
16 55 2
16 60 -6
16 63 -9
16 67 -5
16 21 -9
16 39 -2
16 28 8
17 54 1
17 56 -6
17 19 0
17 50 -7
17 70 -4
17 66 4
17 47 -8
17 32 -1
17 18 1
17 73 0
17 75 2
17 71 -9
17 53 -3
17 37 -3
17 46 -9
17 60 -6
17 67 -3
17 48 9
17 29 1
17 44 0
17 64 -5
17 21 -10
17 69 -8
17 68 1
17 31 -3
17 20 4
17 28 7
17 26 -10
17 27 -3
17 30 -9
17 22 9
17 52 6
17 62 -2
18 54 3
18 24 -9
18 41 -1
18 28 10
18 43 -10
18 48 6
18 25 1
18 72 -3
18 20 -10
18 58 0
18 35 -9
18 57 -7
18 64 6
18 22 0
18 34 0
18 38 6
18 21 -4
18 69 1
18 39 10
18 73 -2
18 62 -10
18 44 10
18 52 -9
18 27 -6
18 68 7
18 47 8
18 33 -1
18 46 1
19 37 3
19 45 -6
19 73 -5
19 55 -3
19 66 2
19 38 9
19 23 -9
19 51 -1
19 26 5
19 28 -6
19 54 0
19 50 0
19 47 -8
19 58 6
19 67 -1
19 53 -6
19 20 7
19 69 -2
19 74 0
19 41 -10
19 49 6
19 44 -4
19 61 8
19 22 -7
19 60 0
19 43 -5
19 42 -4
19 30 -5
19 35 -10
19 52 -7
19 33 -2
19 48 -10
19 25 -1
19 40 -8
20 67 8
20 66 1
20 58 1
20 74 7
20 37 7
20 56 7
20 54 -4
20 43 -5
20 27 8
20 63 6
20 35 -7
20 25 5
20 23 0
20 44 -10
20 24 -1
20 26 10
20 38 10
20 33 -1
20 21 -9
20 40 8
20 50 2
20 47 -6
20 75 -8
20 45 -5
20 53 7
20 42 1
20 57 -6
20 34 -6
20 30 -9
20 71 0
20 65 -3
20 70 10
20 72 3
20 59 2
21 55 -10
21 42 10
21 33 -8
21 44 3
21 34 3
21 49 -8
21 29 -3
21 25 -2
21 62 9
21 61 4
21 73 -9
21 30 -1
21 65 -6
21 72 -8
21 75 1
21 60 -7
21 51 7
21 70 8
21 52 -2
21 48 -5
21 23 8
21 69 3
21 56 10
21 64 3
21 57 8
21 68 0
21 58 -6
22 58 -6
22 49 6
22 29 -2
22 41 4
22 56 0
22 24 -2
22 71 -4
22 53 -6
22 63 -7
22 33 5
22 67 5
22 35 3
22 68 0
22 72 -4
22 51 -6
22 66 -4
22 43 8
22 38 -10
22 64 7
22 30 -1
22 40 -5
22 75 9
22 25 6
23 43 -3
23 34 5
23 27 -7
23 57 -6
23 58 -7
23 42 -3
23 29 -1
23 37 0
23 59 6
23 61 5
23 35 -3
23 68 -5
23 70 9
23 71 2
23 26 2
23 63 0
23 53 9
23 52 -5
23 65 -5
23 51 -8
23 24 -6
23 67 -9
23 75 -4
23 41 -4
23 38 -5
24 44 5
24 26 7
24 65 -1
24 34 -1
24 48 4
24 64 1
24 55 5
24 25 8
24 27 9
24 73 8
24 33 -6
24 31 2
24 50 -1
24 54 -6
24 30 2
24 61 1
24 35 -7
24 40 1
24 29 10
24 46 -10
24 74 3
24 63 3
24 62 -4
25 28 -5
25 56 0
25 64 -5
25 30 5
25 44 2
25 49 7
25 42 8
25 53 10
25 73 -8
25 50 -7
25 65 -8
25 57 10
25 59 2
25 31 6
25 72 -8
25 62 3
25 45 10
25 48 4
25 27 -4
25 75 4
25 58 2
25 69 6
25 55 4
25 61 -8
25 52 3
25 43 3
25 37 2
25 40 5
25 71 6
25 41 -6
25 32 -10
26 48 0
26 54 5
26 64 -8
26 34 -8
26 59 -4
26 60 6
26 52 6
26 42 -2
26 65 -5
26 28 6
26 62 6
26 39 -9
26 40 -5
26 69 -10
26 29 7
26 43 9
26 70 9
26 68 -7
26 46 -1
26 51 8
26 32 6
27 53 2
27 74 -3
27 50 -7
27 29 6
27 59 -2
27 30 3
27 67 -8
27 51 -1
27 38 -3
27 71 -7
27 70 5
27 35 8
27 39 -2
27 55 5
27 68 -5
27 36 5
27 60 8
27 64 4
27 57 0
27 61 -3
27 73 -10
27 52 -8
27 69 -8
27 33 -5
28 30 -9
28 54 -2
28 67 -7
28 41 2
28 32 -8
28 69 5
28 35 5
28 46 -7
28 38 2
28 59 5
28 37 -5
28 55 -5
28 73 8
28 29 -2
28 51 7
28 70 10
28 50 -10
28 63 1
28 71 -5
28 48 5
28 64 4
28 34 -6
28 42 4
28 49 -3
28 66 7
29 65 -4
29 54 10
29 66 -8
29 43 -2
29 31 7
29 53 -8
29 58 4
29 72 8
29 36 5
29 55 -3
29 34 5
29 67 8
29 61 -9
29 73 8
29 51 -10
29 69 2
29 35 -5
29 75 -10
29 71 -7
29 57 -3
29 38 8
29 49 -10
29 70 -10
30 72 8
30 60 -8
30 70 -10
30 66 -9
30 39 -7
30 59 -7
30 36 6
30 53 9
30 40 0
30 73 1
30 69 -1
30 45 6
30 44 8
30 32 -9
30 67 4
30 43 -3
30 64 2
30 41 2
30 57 10
30 37 -5
30 75 -2
30 71 -2
31 41 5
31 67 8
31 72 7
31 70 -2
31 51 -3
31 34 10
31 65 -9
31 42 -9
31 68 2
31 54 -7
31 53 9
31 36 5
31 47 6
31 69 -1
31 66 7
31 64 9
32 71 -7
32 38 -4
32 36 9
32 42 -10
32 64 -5
32 48 7
32 50 -8
32 53 8
32 46 1
32 67 5
32 52 -10
32 43 6
32 41 6
32 51 -10
32 40 -5
33 72 -4
33 47 7
33 54 -4
33 71 3
33 69 7
33 64 -1
33 39 10
33 73 -8
33 45 -6
33 43 3
33 41 4
33 38 7
33 49 -3
33 75 0
33 74 -9
33 48 10
33 65 -10
33 56 2
33 53 10
33 35 -5
34 41 -3
34 49 0
34 62 -1
34 64 3
34 69 7
34 37 -4
34 59 2
34 38 0
34 46 -4
34 56 5
34 57 -4
34 66 -9
34 50 2
34 72 -2
34 35 9
34 63 5
34 52 10
34 61 1
35 47 2
35 67 0
35 56 3
35 54 9
35 40 -10
35 39 -3
35 44 -6
35 51 2
35 68 -9
35 66 9
35 58 -5
35 52 4
35 49 6
35 46 4
35 74 -8
35 53 6
35 72 0
35 38 -8
35 59 -5
35 55 5
35 42 9
35 41 -4
35 73 7
36 40 -10
36 48 -5
36 53 -1
36 56 1
36 73 -2
36 42 9
36 52 4
36 64 -9
36 51 -3
36 54 -7
36 41 10
36 55 -2
36 57 -7
36 69 -3
36 45 -8
36 43 6
36 70 -3
36 39 8
36 60 -4
36 65 4
36 71 4
37 43 7
37 64 1
37 62 5
37 44 -9
37 40 8
37 70 8
37 61 -8
37 48 -4
37 74 -10
37 60 -6
37 57 -6
37 45 -6
37 53 6
37 39 2
37 42 9
37 47 7
37 65 5
38 56 4
38 73 9
38 49 -2
38 46 2
38 61 6
38 40 1
38 60 6
38 53 6
38 48 9
38 43 0
38 41 1
38 72 -9
38 47 -5
38 54 5
38 70 6
38 66 6
38 71 8
38 65 -1
38 63 0
39 44 7
39 47 -9
39 48 -10
39 61 -4
39 50 5
39 74 3
39 56 6
39 73 6
39 72 -1
39 68 0
39 40 -7
39 43 -10
39 53 9
39 41 -6
39 67 -4
39 46 10
39 58 -9
40 51 -8
40 60 -10
40 50 -7
40 46 1
40 43 10
40 65 2
40 72 8
40 68 5
40 47 0
40 70 0
40 75 5
40 59 7
41 55 7
41 66 3
41 74 -1
41 63 -4
41 57 3
41 51 2
41 48 -8
41 62 -5
41 56 -3
41 73 -2
41 65 5
41 43 -6
41 54 -6
41 46 0
41 68 1
41 71 3
41 70 2
41 52 -9
42 55 4
42 70 4
42 44 2
42 45 -2
42 47 -7
42 53 -2
42 60 -2
42 65 4
42 48 -3
42 72 -2
42 61 -2
42 69 -5
42 46 3
43 49 1
43 45 2
43 64 -10
43 75 8
43 70 4
43 63 -1
43 71 -2
43 54 -3
43 52 -2
43 68 -10
44 58 0
44 53 -2
44 64 2
44 52 -5
44 72 -2
44 68 5
44 46 0
44 55 -7
44 49 9
44 57 2
44 47 6
44 65 5
44 75 -9
44 51 1
45 46 1
45 66 -6
45 53 -8
45 63 -4
45 58 2
45 75 -5
45 51 -4
45 47 1
45 52 -2
45 72 7
45 54 -5
45 55 -7
45 64 -3
45 59 -6
45 48 -1
45 61 2
45 60 8
45 49 -2
45 70 2
46 47 -6
46 70 5
46 72 1
46 62 -9
46 71 -2
46 49 -2
46 58 -1
46 56 -1
46 57 -8
46 63 -7
46 68 -1
46 59 7
46 75 5
46 65 -9
47 57 2
47 69 2
47 67 -9
47 54 8
47 61 -4
47 73 -6
47 64 -9
47 72 5
47 62 6
47 70 -6
47 60 0
47 58 8
47 48 10
47 51 -8
48 69 -10
48 52 -8
48 57 -5
48 71 9
48 60 -4
48 66 -3
48 49 9
48 54 -4
48 55 10
48 50 1
48 73 -2
48 65 8
49 67 -5
49 65 4
49 59 9
49 73 -3
49 54 3
49 57 -3
49 74 8
49 55 2
49 52 5
49 63 -6
49 71 8
49 60 9
49 62 10
50 59 6
50 71 1
50 58 -9
50 72 -7
50 75 -10
50 60 3
50 62 -5
50 66 4
50 65 6
50 53 5
50 54 1
50 67 -3
50 69 2
50 64 -2
50 55 -4
50 68 8
51 66 2
51 61 -2
51 68 2
51 74 5
51 55 -8
51 64 4
51 60 4
51 67 9
51 75 3
51 62 -9
51 65 -7
51 56 4
51 73 3
52 68 1
52 73 -5
52 55 5
52 60 6
52 57 7
52 70 2
52 56 7
52 65 8
52 66 -3
52 61 -3
52 67 -8
53 64 -1
53 70 8
53 58 7
53 71 -3
53 68 7
53 56 -10
53 61 -4
53 54 -7
53 57 -3
53 59 -5
53 73 2
53 75 -8
53 66 1
54 63 8
54 60 -2
54 72 -10
54 55 -9
54 67 3
54 57 2
54 70 -5
54 66 -10
54 69 -9
54 74 3
54 59 1
54 56 -9
54 65 -10
54 71 1
55 75 -3
55 67 -6
55 71 -1
55 72 -3
55 70 -6
55 60 3
56 59 -1
56 72 -7
56 73 -6
56 66 -3
56 64 -7
56 67 4
56 69 8
57 69 0
57 61 1
57 65 2
57 75 6
57 73 3
57 59 -4
57 74 -9
57 63 -5
58 59 6
58 63 1
58 70 9
58 73 -3
58 75 -4
58 65 6
58 69 8
58 64 3
58 71 9
58 62 10
58 61 -3
59 69 -9
59 73 9
59 68 -9
59 72 -2
59 64 2
59 65 3
59 70 6
59 60 7
60 65 -6
60 74 -10
60 63 6
60 67 0
61 70 7
61 73 4
61 65 -8
61 64 -10
61 69 -5
61 63 -9
61 74 4
61 66 -3
62 71 7
62 66 10
62 69 10
62 75 -10
62 68 8
62 67 -8
63 64 -5
63 65 6
63 73 6
64 69 5
64 66 7
64 73 -2
64 72 -3
64 65 8
64 67 3
65 67 1
65 66 -3
65 69 10
65 70 0
65 71 -3
65 68 8
66 70 -10
66 75 -9
66 67 -4
67 73 -5
67 72 -9
67 70 4
67 74 -3
67 75 0
67 69 6
68 71 -8
68 72 0
68 70 9
69 74 6
69 71 1
69 75 0
70 73 0
70 75 4
70 72 -5
71 72 7
72 74 8
72 75 -4
