75 1388 
1 29 -8
1 33 -1
1 64 -3
1 21 8
1 46 -9
1 75 6
1 45 5
1 51 4
1 17 10
1 19 -9
1 27 6
1 62 1
1 39 -3
1 26 1
1 14 -5
1 57 1
1 20 1
1 48 -5
1 7 7
1 36 -1
1 18 2
1 22 -8
1 69 2
1 71 8
1 34 -8
1 35 1
1 15 -1
1 70 9
1 59 -9
1 24 4
1 42 -7
1 30 3
1 72 10
1 52 1
1 40 2
1 13 -10
1 47 2
2 21 -4
2 26 9
2 24 6
2 57 0
2 56 -2
2 61 3
2 37 -3
2 74 -3
2 72 -9
2 46 8
2 8 -2
2 45 0
2 19 3
2 4 -9
2 63 -6
2 58 2
2 17 -7
2 5 -2
2 10 -3
2 55 5
2 39 3
2 71 2
2 33 2
2 59 6
2 13 10
2 11 -7
2 60 -1
2 29 10
2 35 -7
2 22 4
2 51 3
2 62 8
2 23 -10
2 3 5
2 40 -8
2 64 3
2 75 5
2 53 -1
2 20 4
2 27 -2
2 52 -5
3 73 -8
3 32 8
3 19 5
3 6 7
3 26 -4
3 41 2
3 9 -8
3 21 6
3 30 3
3 63 3
3 59 -6
3 7 5
3 54 10
3 39 7
3 50 4
3 17 -5
3 13 9
3 27 -1
3 75 3
3 28 -6
3 69 -10
3 53 9
3 48 7
3 74 -3
3 43 8
3 4 -3
3 12 7
3 23 5
3 55 3
3 58 0
3 5 4
3 67 -7
3 35 -4
3 62 -6
3 24 -8
3 15 -5
3 51 -6
4 23 -6
4 31 2
4 38 10
4 64 1
4 54 -2
4 74 -10
4 59 -4
4 75 4
4 52 -7
4 9 9
4 11 -5
4 42 1
4 18 -5
4 44 -6
4 28 -9
4 26 5
4 17 2
4 73 3
4 32 -5
4 29 -7
4 56 3
4 5 1
4 21 -3
4 57 0
4 16 2
4 8 0
4 70 -4
4 22 9
4 53 2
4 71 -7
4 20 -2
4 14 -9
4 66 7
5 43 -6
5 20 0
5 64 2
5 27 0
5 25 3
5 19 0
5 24 -9
5 68 7
5 26 5
5 14 8
5 16 5
5 49 -6
5 62 -4
5 29 10
5 30 -6
5 63 1
5 41 -3
5 13 5
5 10 2
5 75 9
5 6 -5
5 71 -1
5 51 1
5 69 -5
5 53 8
5 7 7
5 15 9
5 38 -8
5 60 -10
5 32 7
5 21 9
5 18 4
5 31 -4
5 58 -3
5 72 6
6 59 8
6 64 -7
6 45 5
6 35 4
6 31 -7
6 58 9
6 13 2
6 70 3
6 52 -4
6 69 -8
6 16 8
6 7 4
6 66 -3
6 37 -8
6 53 7
6 25 0
6 9 -10
6 19 -4
6 15 8
6 21 -5
6 62 -3
6 20 -9
6 57 -4
6 40 2
6 42 -1
6 65 9
6 44 -10
6 22 9
6 61 0
6 34 -3
7 63 2
7 72 -8
7 45 -3
7 49 -3
7 67 3
7 53 -10
7 17 1
7 10 -9
7 14 -6
7 60 9
7 52 8
7 8 1
7 16 5
7 37 -5
7 48 0
7 43 2
7 20 -3
7 27 -1
7 15 -7
7 51 2
7 22 9
7 23 -6
7 54 -9
7 19 10
7 13 -4
7 36 -1
7 39 -9
7 73 3
7 25 -1
7 61 -9
7 70 7
7 68 6
7 69 -2
7 62 -8
7 74 0
7 66 9
8 26 9
8 61 -8
8 29 -2
8 18 -5
8 35 4
8 51 6
8 39 10
8 49 -3
8 11 -8
8 45 0
8 14 -5
8 40 0
8 32 0
8 16 -1
8 46 -8
8 56 -6
8 21 -3
8 52 -6
8 65 -8
8 64 9
8 31 -5
8 36 -6
8 19 3
8 17 10
8 62 8
8 9 10
8 34 9
8 20 5
8 66 -9
8 37 0
8 30 -5
8 27 1
8 68 4
8 50 -7
9 20 1
9 15 2
9 74 1
9 73 5
9 51 8
9 68 -9
9 28 -6
9 65 -2
9 18 7
9 16 -5
9 70 -7
9 12 -1
9 42 -3
9 50 -6
9 55 9
9 67 2
9 58 -7
9 43 2
9 61 10
9 25 -2
9 31 -4
9 54 -6
9 46 2
9 59 -1
9 11 -7
9 75 6
9 38 -10
9 17 -1
9 71 5
9 33 8
9 47 -10
10 49 6
10 17 -7
10 70 -7
10 58 -2
10 56 3
10 71 -2
10 31 -5
10 46 -7
10 67 -5
10 40 3
10 52 9
10 23 -5
10 68 -8
10 41 3
10 30 7
10 69 9
10 50 -5
10 15 -10
10 43 9
10 61 8
10 34 -2
10 22 -5
10 21 -9
10 59 3
10 54 -8
10 64 8
11 36 -10
11 38 1
11 72 4
11 21 8
11 27 -3
11 41 -7
11 33 -5
11 28 3
11 31 -2
11 16 4
11 54 -8
11 62 -5
11 73 -7
11 25 -7
11 59 6
11 61 7
11 43 -7
11 39 5
11 34 8
11 51 -4
11 42 3
11 66 1
11 65 -1
11 71 7
11 57 1
11 47 -4
11 40 -6
11 29 -6
11 32 10
11 26 -5
11 74 4
12 13 5
12 47 6
12 35 8
12 56 -3
12 64 -9
12 38 8
12 62 1
12 34 0
12 65 8
12 21 7
12 31 6
12 51 1
12 32 9
12 58 -5
12 50 -1
12 24 4
12 72 9
12 60 9
12 42 7
12 37 5
12 26 -3
12 68 -3
12 14 4
12 57 10
12 55 -5
12 61 3
12 40 5
12 54 5
12 44 -10
12 15 -10
12 29 -1
12 30 9
12 22 -7
12 39 0
12 59 1
12 43 -1
12 36 1
13 51 6
13 59 9
13 49 -3
13 60 -10
13 56 10
13 27 2
13 33 1
13 58 7
13 15 -2
13 37 1
13 52 9
13 36 6
13 67 9
13 41 -9
13 28 -7
13 66 -3
13 19 -5
13 74 7
13 23 5
13 50 -3
13 63 -6
13 14 2
13 73 7
13 17 5
13 43 -2
13 22 8
13 54 0
13 24 -7
13 18 6
13 48 -4
13 38 6
13 29 1
14 63 0
14 22 4
14 46 4
14 54 -6
14 44 -6
14 24 1
14 41 6
14 61 -2
14 27 9
14 62 10
14 69 -2
14 18 1
14 56 0
14 15 9
14 32 -10
14 38 1
14 71 0
14 40 1
14 53 1
14 68 -10
14 66 6
14 58 5
14 37 5
14 52 7
14 28 10
14 45 -8
14 57 -3
14 42 7
14 34 5
15 49 -4
15 54 4
15 23 -9
15 66 8
15 50 -8
15 31 10
15 41 -8
15 75 -3
15 52 9
15 72 -8
15 18 2
15 62 10
15 51 0
15 59 5
15 25 2
15 30 8
15 27 7
15 61 7
15 48 -9
15 34 10
15 32 -3
15 16 6
15 36 -5
15 63 10
15 42 -3
15 21 -4
15 64 -9
15 37 0
15 69 -6
15 68 10
16 28 5
16 55 10
16 62 3
16 67 7
16 73 5
16 58 1
16 54 3
16 66 3
16 29 4
16 34 4
16 22 -6
16 65 8
16 27 0
16 25 -1
16 63 -3
16 68 9
16 52 7
16 56 7
16 49 -1
16 60 -5
16 51 -1
16 64 -6
16 38 2
17 51 -5
17 28 0
17 64 4
17 59 -5
17 58 2
17 18 -6
17 34 -1
17 57 6
17 21 -10
17 55 7
17 32 -5
17 26 7
17 52 4
17 39 -10
17 49 -6
17 61 -6
17 27 -6
17 74 -9
17 24 9
17 40 -4
17 65 2
17 54 1
18 72 9
18 23 8
18 53 2
18 67 -3
18 43 3
18 35 -7
18 70 7
18 45 8
18 71 4
18 24 0
18 25 8
18 52 2
18 46 4
18 42 -4
18 44 -10
18 75 -4
18 19 5
18 26 -3
18 60 7
18 56 -9
18 37 -6
18 64 9
18 40 -10
18 58 8
18 21 4
19 59 -2
19 38 -1
19 60 -8
19 47 -10
19 40 -7
19 53 -5
19 42 3
19 46 1
19 56 0
19 39 10
19 52 0
19 70 10
19 31 3
19 30 7
19 61 -3
19 34 9
19 58 -4
19 23 10
19 37 5
19 43 -8
19 51 -9
19 67 2
19 65 2
19 41 4
19 24 1
19 29 -2
19 28 5
19 69 1
19 48 -8
19 73 -6
19 32 2
19 57 -9
19 62 8
19 75 1
20 51 -4
20 35 -8
20 36 -10
20 53 -5
20 39 7
20 54 -1
20 55 -1
20 74 -2
20 49 8
20 67 2
20 60 -9
20 25 1
20 65 -4
20 37 7
20 43 -1
20 75 -10
20 70 0
20 30 8
20 23 5
20 21 -8
20 29 -3
20 42 4
20 73 -8
20 38 2
20 57 -2
21 34 -9
21 42 9
21 60 5
21 50 10
21 37 -7
21 23 1
21 30 -6
21 25 7
21 29 7
21 68 10
21 47 6
21 53 1
21 26 1
21 55 0
21 59 -9
21 27 7
21 40 -9
21 72 -4
21 31 8
21 48 -1
21 69 7
21 35 -1
21 67 3
21 41 5
21 39 -8
21 43 -1
21 45 -10
21 49 4
21 73 -1
21 44 1
21 58 -4
21 51 -1
22 50 -1
22 66 -4
22 33 10
22 28 7
22 73 10
22 61 -6
22 75 -5
22 44 6
22 54 -3
22 41 2
22 27 -6
22 42 3
22 68 -3
22 40 9
22 49 -7
22 72 8
22 55 10
22 74 1
22 69 3
22 45 -4
22 36 4
22 37 -3
22 64 1
22 47 4
22 30 2
22 46 -9
22 31 8
23 60 5
23 49 0
23 31 -4
23 67 5
23 54 7
23 61 7
23 44 -9
23 65 -6
23 57 -6
23 70 -8
23 36 -6
23 75 -3
23 26 -10
23 46 8
23 39 2
23 74 5
23 56 -2
23 66 -1
23 30 -5
23 63 8
23 71 0
23 38 -3
23 41 6
23 64 -8
24 67 -1
24 25 -9
24 28 -10
24 27 -4
24 26 4
24 35 -2
24 61 -10
24 47 8
24 51 -8
24 32 0
24 34 10
24 68 -4
24 30 7
24 73 2
24 38 7
24 50 -2
24 46 1
24 48 8
24 52 2
24 54 -6
24 41 6
24 55 -7
24 45 3
24 72 -5
24 40 -7
24 49 -3
24 74 1
24 70 -5
24 36 6
25 53 9
25 29 -9
25 58 10
25 51 8
25 31 5
25 45 -4
25 41 0
25 59 3
25 61 -8
25 26 -2
25 75 -3
25 38 9
25 67 -9
25 37 2
25 47 6
25 64 -4
25 66 0
25 71 -8
25 34 -9
25 39 3
25 69 -8
25 62 -8
25 35 1
25 56 9
26 27 -7
26 34 9
26 39 8
26 47 5
26 61 2
26 52 7
26 32 4
26 68 -8
26 67 3
26 57 3
26 46 5
26 48 7
26 60 8
26 62 2
26 58 4
26 33 -2
26 55 -4
26 69 -7
26 36 -10
26 75 6
26 29 -4
26 72 -5
26 41 -9
26 54 0
26 66 7
27 73 3
27 75 0
27 40 7
27 45 3
27 74 0
27 55 -10
27 46 -2
27 64 -2
27 62 -5
27 48 0
27 56 6
27 32 -8
27 42 7
27 37 -5
27 67 -6
27 57 3
27 35 -5
27 29 1
27 70 -6
27 44 -4
27 49 10
27 69 7
27 63 4
27 33 7
28 74 3
28 49 6
28 62 1
28 30 9
28 50 6
28 35 6
28 47 3
28 39 4
28 59 5
28 67 -2
28 45 -9
28 55 -9
28 60 -9
28 57 3
28 73 -2
28 32 5
28 65 9
28 34 4
28 71 0
28 48 -3
28 31 -1
28 40 7
28 41 -2
28 46 3
28 42 -2
28 70 -3
28 44 0
28 69 10
28 64 3
29 31 -10
29 54 -7
29 58 -10
29 38 -2
29 62 2
29 60 10
29 55 6
29 72 5
29 51 2
29 59 -3
29 63 -10
29 57 7
29 74 -5
29 48 -2
29 61 -5
29 65 -5
29 46 2
29 40 -10
29 68 3
29 64 5
29 33 -1
29 47 7
30 62 -2
30 49 -1
30 66 0
30 44 4
30 34 5
30 65 -8
30 40 -3
30 72 4
30 57 7
30 50 -2
30 75 7
30 58 -7
30 53 -3
30 47 4
30 38 1
30 41 2
30 51 7
30 56 7
30 54 -4
31 50 2
31 46 -6
31 73 -10
31 35 -7
31 60 -5
31 54 7
31 61 3
31 64 -8
31 40 9
31 72 -5
31 62 0
31 49 -10
31 56 -10
31 69 -8
31 44 9
31 52 -8
31 48 4
31 74 5
31 39 7
31 36 -7
32 73 2
32 51 -3
32 35 9
32 47 -6
32 50 -7
32 56 5
32 74 4
32 46 -3
32 63 -6
32 72 3
32 53 -4
32 44 -4
32 33 5
32 36 -7
32 59 10
32 57 2
32 37 10
32 41 3
32 68 -6
32 48 -7
32 65 -1
32 39 6
32 60 8
32 64 7
32 70 -6
32 40 -2
33 62 6
33 45 -7
33 71 10
33 64 -6
33 73 4
33 57 -8
33 44 -9
33 43 2
33 53 4
33 41 6
33 61 8
33 47 8
33 49 -2
33 66 8
33 46 -10
33 67 3
33 37 -4
33 54 -2
33 70 -8
33 50 4
33 48 6
34 72 10
34 45 -10
34 58 7
34 40 10
34 41 0
34 37 -1
34 61 10
34 73 -1
34 44 0
34 71 8
34 53 -5
34 39 3
34 59 9
34 42 -1
34 68 -5
34 66 8
34 55 0
34 74 9
34 62 -8
34 51 7
34 47 3
34 67 -7
34 65 7
35 75 -3
35 37 -7
35 39 -8
35 45 -6
35 49 -5
35 71 -6
35 65 -4
35 43 8
35 60 7
35 47 -6
35 40 2
35 68 4
35 42 2
35 61 -5
35 70 -2
35 54 1
35 63 9
35 62 -9
35 67 -7
35 56 -7
35 53 4
36 68 10
36 55 7
36 50 3
36 44 -1
36 41 2
36 40 -6
36 39 -5
36 38 5
36 62 5
36 60 -7
36 46 -4
36 53 7
36 70 1
36 45 9
36 61 -8
36 72 -2
36 47 7
36 58 8
36 69 2
36 48 -4
36 51 -8
37 42 -1
37 55 3
37 72 -8
37 70 9
37 54 -7
37 57 6
37 38 -1
37 58 -1
37 41 1
37 53 -7
37 46 6
37 74 -2
37 52 1
37 66 2
37 50 -5
37 44 2
37 48 9
37 63 8
37 62 -6
37 51 5
37 43 -6
38 53 10
38 41 -6
38 47 8
38 62 7
38 59 -8
38 49 9
38 50 1
38 48 -8
38 73 -2
38 67 9
38 64 1
38 40 -5
38 43 4
38 57 5
38 55 -4
38 60 4
39 69 10
39 45 -2
39 64 7
39 49 6
39 75 9
39 53 -7
39 59 -5
39 47 -7
39 73 -7
39 60 -7
39 66 -3
39 50 8
39 67 -10
39 57 -5
39 46 10
39 74 -1
39 63 3
39 61 -5
39 62 5
40 73 9
40 65 -10
40 57 -5
40 50 1
40 66 10
40 45 0
40 61 -4
40 49 -2
40 64 0
40 48 9
40 56 4
40 72 -10
40 74 -7
40 63 4
40 53 0
40 55 4
41 58 -5
41 52 0
41 55 2
41 47 -10
41 70 -5
41 65 6
41 59 10
41 72 7
41 68 7
41 64 -8
41 54 6
41 51 3
41 75 -2
41 60 -4
41 43 6
41 74 -5
41 73 1
41 56 -2
41 45 -9
41 69 -8
41 53 -4
41 63 3
42 65 2
42 64 10
42 51 7
42 71 8
42 50 9
42 72 10
42 73 8
42 63 0
42 62 -1
42 55 1
42 46 4
42 45 9
43 49 -8
43 52 -3
43 50 -10
43 69 3
43 67 8
43 60 -8
43 75 -7
43 46 -1
43 54 -3
43 71 4
43 74 4
43 55 6
43 47 -5
43 51 9
43 45 -6
43 57 -2
43 68 -1
43 65 -4
44 54 -2
44 62 6
44 47 9
44 48 -1
44 50 -3
44 73 -1
44 72 8
44 56 -8
44 49 3
44 66 3
44 57 10
44 58 7
44 63 10
44 59 7
44 51 -4
45 61 5
45 58 10
45 60 -1
45 48 -4
45 59 -1
45 56 4
45 62 4
45 57 7
45 66 9
45 47 1
45 51 4
45 72 0
45 70 -10
45 55 -1
45 73 2
45 50 10
45 71 -8
45 65 -2
46 64 -2
46 47 9
46 62 -6
46 54 -2
46 75 -6
46 48 -8
46 63 6
46 72 -1
46 74 -1
46 59 10
46 69 -8
46 53 5
46 70 -2
47 51 -4
47 73 0
47 72 -8
47 52 -10
47 55 0
47 50 7
47 58 -1
47 67 -3
47 60 -10
47 75 6
47 57 -6
47 53 -9
47 62 5
48 50 2
48 72 3
48 60 -10
48 68 -3
48 67 -5
48 55 -4
48 69 -1
48 75 -7
48 52 -9
48 66 7
48 49 10
48 62 9
48 74 -1
48 61 3
48 58 -4
48 59 -8
49 53 0
49 54 -7
49 55 -5
49 74 -2
49 56 8
49 52 10
49 60 1
49 59 6
49 62 4
49 61 -9
49 69 6
49 51 8
50 70 8
50 64 9
50 74 -8
50 66 -9
50 71 -3
50 67 -9
50 61 10
50 68 7
50 69 1
50 63 7
50 60 -10
51 71 -1
51 73 -6
51 63 1
51 61 4
51 62 1
51 57 6
51 64 7
51 69 -9
51 68 -5
51 52 8
51 56 1
51 67 -6
52 72 -5
52 66 1
52 67 2
52 60 7
52 59 -7
52 57 -9
52 75 -7
52 54 -5
52 64 10
52 74 9
52 55 3
53 72 -9
53 64 6
53 66 3
53 63 8
53 71 -4
53 70 9
53 67 -3
53 61 -2
53 55 -6
54 72 10
54 59 3
54 68 2
54 73 -4
54 56 5
54 69 -1
54 63 0
54 74 -10
54 61 10
54 64 6
54 57 10
54 70 0
55 75 -6
55 61 6
55 72 -9
55 64 0
55 63 -5
55 69 6
55 56 2
55 57 5
55 59 1
56 64 -4
56 70 -10
56 58 9
56 67 3
56 68 1
56 57 6
56 65 -8
56 75 -7
56 61 1
56 66 -9
56 71 6
57 65 5
57 64 -2
57 70 7
57 73 0
57 61 4
57 75 -7
57 58 -7
57 72 2
57 71 -8
57 59 -2
58 70 -2
58 60 -6
58 64 -8
58 74 1
58 63 -10
58 59 1
58 71 2
58 75 -10
59 71 2
59 67 5
59 65 3
59 72 7
59 73 4
59 62 -3
59 63 1
59 70 -10
59 69 -8
59 64 -10
60 73 -4
60 65 3
60 62 -6
60 68 8
60 69 10
60 74 -1
60 72 7
61 63 10
61 72 -8
61 64 -10
61 66 8
61 73 9
61 70 -3
62 70 4
62 75 5
62 73 -4
62 69 7
62 74 2
62 68 3
62 66 5
62 72 -8
62 67 2
63 69 -6
63 73 7
63 65 -5
63 70 8
63 66 9
63 72 -6
63 64 9
63 71 1
64 74 6
64 67 -5
64 68 6
64 71 -7
64 72 5
64 66 -1
65 68 -1
65 66 9
65 75 -8
65 73 -3
65 72 0
66 71 1
66 70 -2
66 73 9
67 73 1
67 70 -8
67 72 6
68 73 -4
68 69 -10
68 75 1
68 72 -6
68 70 -4
69 74 -10
69 75 3
69 70 5
70 75 10
71 72 -1
72 74 3
72 75 -4
