75 1388 
1 24 2
1 22 7
1 51 9
1 17 -2
1 4 2
1 6 7
1 69 8
1 10 -6
1 47 -1
1 12 0
1 14 -1
1 26 9
1 20 0
1 62 7
1 44 1
1 41 9
1 61 6
1 28 -6
1 5 -1
1 67 9
1 16 1
1 75 -2
1 70 -3
1 32 2
1 9 10
1 30 -4
1 74 -7
1 8 -3
1 21 -4
1 27 -8
1 58 -8
1 40 0
1 57 5
1 52 0
1 64 2
1 19 -6
1 45 3
1 36 -1
2 41 3
2 68 0
2 28 7
2 33 5
2 27 -5
2 67 2
2 63 4
2 52 -4
2 69 -3
2 5 3
2 73 2
2 21 -2
2 14 -1
2 60 1
2 31 1
2 19 -9
2 57 0
2 20 -10
2 38 2
2 46 0
2 47 10
2 36 1
2 30 -1
2 10 10
2 16 -4
2 50 1
2 44 9
2 59 -5
2 15 -6
2 3 4
2 29 -5
2 11 -8
2 13 8
2 72 -3
2 55 9
2 56 -8
2 6 7
3 38 4
3 26 3
3 75 9
3 65 7
3 23 4
3 22 -5
3 55 1
3 37 -1
3 43 -9
3 71 -2
3 14 9
3 17 9
3 36 -10
3 60 2
3 41 -4
3 34 5
3 40 9
3 47 2
3 6 1
3 5 -7
3 29 -1
3 35 -4
3 15 -1
3 39 -8
3 20 10
3 50 8
3 64 1
3 57 8
3 27 -2
3 58 -9
3 59 3
3 51 -10
3 32 -5
3 48 7
3 46 -6
3 28 7
3 53 -2
3 67 8
3 25 10
3 63 -8
3 68 -9
3 30 1
3 49 -2
3 8 -10
4 75 7
4 43 9
4 30 -8
4 60 -4
4 14 3
4 15 8
4 36 -5
4 31 7
4 55 6
4 10 8
4 67 -2
4 62 10
4 32 8
4 73 -5
4 34 -4
4 63 -6
4 18 -4
4 54 5
4 6 -8
4 12 -1
4 65 0
4 28 1
4 19 -10
4 40 1
4 50 -8
4 22 -3
4 45 -6
4 66 0
4 21 3
4 74 -5
4 13 3
4 23 3
4 68 -7
4 48 -5
5 15 -1
5 64 5
5 22 6
5 50 4
5 65 1
5 43 0
5 53 -9
5 44 7
5 35 -3
5 11 5
5 36 -10
5 73 3
5 29 -1
5 74 -4
5 19 2
5 62 -5
5 24 1
5 20 -3
5 70 -8
5 7 -6
5 6 8
5 49 2
5 68 1
5 10 -10
5 42 8
5 54 -1
5 14 -10
5 34 3
5 60 -10
5 52 1
5 12 5
6 27 -5
6 63 8
6 46 10
6 33 9
6 15 2
6 13 0
6 68 -8
6 10 -4
6 47 5
6 22 4
6 32 5
6 23 -1
6 53 -6
6 59 -5
6 74 -3
6 36 0
6 67 -8
6 38 -1
6 57 -6
6 16 10
6 45 5
6 73 7
6 30 -3
6 8 -5
6 50 -5
6 64 -6
6 28 9
7 20 -1
7 61 5
7 19 5
7 54 -6
7 25 1
7 74 -2
7 64 8
7 68 6
7 41 6
7 10 -5
7 27 6
7 72 4
7 55 -7
7 12 8
7 60 2
7 56 -4
7 30 1
7 17 -10
7 69 7
7 59 -6
7 75 -1
7 24 6
7 21 -3
7 51 -3
7 11 8
7 44 6
7 14 5
7 16 0
7 23 6
7 22 -10
7 62 -9
7 33 -8
7 57 8
7 42 -4
7 65 3
8 35 -10
8 30 -6
8 33 6
8 59 8
8 74 9
8 66 6
8 51 10
8 56 6
8 15 -3
8 13 2
8 63 -8
8 52 -8
8 65 6
8 58 8
8 61 -3
8 31 9
8 64 -5
8 42 0
8 27 8
8 36 -10
8 17 7
8 14 5
8 45 -4
8 37 2
8 21 -4
8 18 3
8 67 9
9 57 8
9 36 10
9 31 1
9 16 -5
9 53 -4
9 71 2
9 40 -9
9 41 0
9 10 -5
9 32 9
9 13 5
9 62 5
9 27 -10
9 15 5
9 67 -7
9 24 1
9 33 -8
9 51 9
9 25 -7
9 12 -8
9 30 4
9 52 -9
9 58 2
9 14 0
9 68 -9
9 48 9
9 39 5
9 43 1
9 19 0
10 66 2
10 45 7
10 61 -8
10 44 -7
10 68 3
10 32 -4
10 70 -6
10 16 -4
10 69 7
10 18 3
10 17 9
10 34 -3
10 54 10
10 42 3
10 65 5
10 20 9
10 22 7
10 72 1
10 26 4
10 41 -9
10 50 -9
10 33 2
10 55 -8
10 53 3
10 11 3
10 25 10
10 57 8
10 75 10
11 46 -2
11 41 -5
11 35 -2
11 72 -5
11 40 7
11 57 -4
11 50 10
11 15 7
11 36 6
11 13 7
11 54 -2
11 60 10
11 19 -10
11 32 8
11 20 4
11 56 6
11 74 -5
11 39 -2
11 47 -2
11 61 0
11 45 2
11 43 7
11 59 9
11 53 -10
11 48 -5
11 68 -8
11 63 9
11 27 -1
11 62 -3
11 44 -4
11 55 -4
11 33 -8
11 64 -9
11 65 9
11 28 5
11 30 6
11 71 -5
11 23 6
11 42 -1
11 31 -5
11 37 -10
11 17 5
11 21 -4
12 47 4
12 17 -10
12 33 4
12 48 -5
12 13 9
12 31 2
12 15 1
12 24 2
12 44 -7
12 65 2
12 26 7
12 72 3
12 49 -3
12 64 -6
12 62 6
12 71 -4
12 43 -7
12 61 9
12 66 3
12 29 -8
12 22 8
12 14 -4
12 69 9
12 53 -10
12 46 -9
12 36 -9
12 19 -9
12 73 -6
12 25 -9
12 74 -9
12 35 -7
12 38 7
12 37 -1
12 40 9
13 19 -1
13 56 -3
13 72 -7
13 14 -9
13 41 5
13 67 10
13 15 4
13 54 -2
13 25 -1
13 18 7
13 35 9
13 62 1
13 55 2
13 58 -9
13 45 10
13 61 7
13 21 3
13 70 2
13 34 -4
13 42 -1
13 57 -3
13 48 4
13 50 -5
13 38 -10
13 28 0
13 27 6
14 18 -6
14 26 -7
14 27 -6
14 33 2
14 44 6
14 20 -10
14 29 -10
14 60 -3
14 69 -5
14 64 -3
14 41 2
14 37 -3
14 72 -8
14 17 7
14 40 3
14 34 -5
14 73 -1
14 32 3
14 75 -6
14 31 -10
14 30 8
14 21 1
14 74 2
14 22 -9
14 47 1
14 61 7
14 56 -4
14 28 -3
14 24 -9
14 67 -7
14 62 5
14 19 -10
14 70 -9
14 46 -1
15 42 7
15 74 7
15 73 9
15 33 7
15 71 0
15 67 5
15 36 8
15 69 -4
15 25 9
15 22 -7
15 68 -4
15 26 3
15 28 5
15 59 -10
15 34 1
15 55 -3
15 35 3
15 45 -6
15 37 10
15 21 -2
15 17 5
15 32 -7
15 30 -10
15 31 -2
15 62 -7
15 72 8
15 56 2
15 65 -9
16 65 10
16 24 0
16 34 -6
16 72 4
16 47 -1
16 44 5
16 49 -8
16 26 0
16 36 6
16 75 9
16 53 9
16 51 3
16 37 -9
16 22 -2
16 70 1
16 68 -10
16 67 0
16 21 3
16 41 2
16 19 4
16 25 -10
16 58 1
16 31 -3
16 63 10
16 28 0
16 73 6
16 33 -5
16 32 9
16 38 -10
16 60 0
16 29 7
16 43 -5
16 23 2
16 48 3
17 60 7
17 61 2
17 46 -9
17 44 0
17 42 -8
17 41 2
17 63 4
17 66 -10
17 55 -5
17 29 3
17 26 -3
17 53 1
17 75 9
17 72 6
17 52 3
17 33 -4
17 58 -6
17 34 9
17 40 9
17 43 1
17 20 -2
17 38 2
17 22 -1
17 35 2
17 69 4
17 28 7
17 54 1
17 48 -3
17 74 -6
17 31 4
17 70 0
17 21 6
17 65 -2
17 68 5
17 67 9
17 50 9
17 62 -6
17 39 5
18 60 1
18 29 8
18 26 -10
18 68 -9
18 22 1
18 31 -1
18 56 4
18 69 0
18 75 -7
18 33 5
18 58 -10
18 52 3
18 28 -4
18 37 6
18 24 -4
18 32 -8
18 47 -1
18 62 -5
18 41 -5
18 39 -3
18 72 0
18 49 3
18 42 9
18 23 8
18 66 -6
18 48 5
18 55 4
18 44 -9
18 73 -8
18 36 9
18 21 -2
19 70 -8
19 69 5
19 43 3
19 30 -10
19 68 -2
19 25 -6
19 47 0
19 39 4
19 22 -5
19 35 0
19 36 3
19 24 -7
19 54 -6
19 34 10
19 37 0
19 29 -10
19 33 3
19 72 -6
19 41 10
19 57 9
19 66 6
19 44 0
20 74 10
20 44 -3
20 43 -10
20 38 1
20 75 -7
20 32 -10
20 34 -1
20 60 3
20 36 -10
20 28 9
20 48 -4
20 58 -8
20 47 -9
20 73 6
20 68 -1
20 66 -2
20 69 7
20 55 4
20 53 10
20 23 2
20 30 -1
20 63 9
20 29 -5
20 70 1
20 57 -5
20 46 -2
20 59 1
21 68 -1
21 41 10
21 29 -7
21 31 -6
21 64 7
21 70 4
21 44 2
21 48 8
21 61 3
21 42 10
21 65 10
21 50 8
21 63 7
21 28 -1
21 43 -2
21 27 10
21 62 3
21 67 -10
21 25 -10
21 56 10
21 32 -3
21 59 2
21 23 -7
21 72 -3
21 74 4
21 37 -6
21 75 0
21 24 -1
22 40 5
22 64 2
22 39 4
22 65 -7
22 32 -8
22 69 3
22 61 3
22 73 6
22 55 4
22 43 -5
22 34 10
22 27 1
22 60 -10
22 46 -5
22 42 -6
22 68 -10
22 29 -7
22 51 1
22 30 0
22 31 10
22 63 -2
22 23 5
22 45 -2
23 56 -7
23 63 -5
23 64 8
23 39 -3
23 62 0
23 24 -9
23 55 -2
23 34 7
23 52 10
23 35 -1
23 69 4
23 43 -3
23 47 2
23 30 -9
23 31 3
23 68 -5
23 26 -10
23 33 -6
23 59 5
23 71 9
23 54 -7
23 72 6
23 74 -2
24 38 4
24 46 3
24 56 -3
24 50 1
24 73 -10
24 51 -6
24 69 0
24 42 -9
24 49 3
24 71 10
24 32 8
24 64 4
24 57 -3
24 62 -5
24 70 3
24 43 -5
24 67 1
24 34 7
24 25 -3
24 72 4
24 60 -9
24 40 2
24 26 -5
24 36 3
25 44 -4
25 60 5
25 35 -5
25 43 3
25 70 -3
25 56 0
25 46 7
25 67 -1
25 49 7
25 37 6
25 59 7
25 50 -8
25 39 9
25 29 10
25 57 -10
25 64 0
25 47 -5
25 28 8
25 51 -10
25 74 -4
25 52 2
25 63 1
25 69 -10
25 40 2
25 66 -6
25 36 -4
25 53 -8
26 54 -4
26 36 2
26 27 -6
26 35 7
26 53 -2
26 50 -8
26 68 9
26 37 9
26 29 7
26 62 0
26 45 -7
26 52 -4
26 31 -1
26 30 3
26 71 2
26 66 2
26 74 3
26 44 6
26 60 4
26 57 0
26 72 -5
26 42 7
26 58 -10
26 56 5
26 65 5
26 34 4
26 47 2
26 67 4
27 73 -2
27 55 3
27 71 1
27 39 5
27 59 -4
27 32 7
27 44 -1
27 50 6
27 31 -4
27 48 -1
27 67 -4
27 34 -6
27 74 5
27 42 0
27 54 -9
27 46 8
27 40 -4
27 51 -8
27 61 -1
27 63 -9
27 36 -1
28 71 -10
28 62 6
28 53 -9
28 73 -10
28 42 -7
28 40 7
28 49 -5
28 67 -3
28 36 -10
28 39 -9
28 63 -4
28 50 6
28 35 -2
28 46 0
28 55 -8
28 44 8
28 34 1
28 57 9
28 38 -5
28 31 -10
28 47 -6
28 64 -6
28 29 -4
28 56 -1
28 75 9
29 62 -9
29 69 0
29 42 -4
29 43 -7
29 39 -4
29 75 -9
29 46 -5
29 36 -4
29 30 8
29 49 -6
29 35 -1
29 38 1
29 71 -1
29 61 5
29 52 3
29 55 3
29 67 0
29 60 -6
29 41 3
29 47 0
29 66 -2
29 57 -3
29 40 -1
29 37 6
29 53 -1
29 33 6
29 50 1
29 68 8
29 34 -1
30 62 4
30 74 -1
30 63 -2
30 35 9
30 65 -7
30 42 4
30 44 6
30 50 1
30 73 3
30 70 -9
30 46 3
30 40 -8
30 71 0
30 64 4
30 43 -4
30 36 7
30 60 -7
30 41 10
30 49 5
30 55 7
30 53 4
30 72 -4
30 38 9
30 68 7
31 40 1
31 38 10
31 50 8
31 48 5
31 37 10
31 44 0
31 46 -7
31 73 7
31 36 5
31 61 10
31 67 -1
31 34 -6
31 41 -4
31 35 7
31 65 -6
31 57 -2
31 55 5
31 66 2
31 68 -6
31 74 1
31 53 -3
31 70 -10
31 59 -4
32 59 2
32 42 9
32 53 10
32 71 -4
32 37 8
32 40 -1
32 58 6
32 36 -7
32 67 -3
32 41 1
32 34 -3
32 35 -1
32 52 -3
32 70 -7
32 62 10
32 47 3
32 49 2
32 61 6
32 46 -10
33 58 10
33 69 8
33 48 1
33 59 3
33 35 -9
33 71 2
33 34 -10
33 43 3
33 72 6
33 54 -10
33 52 2
33 55 -3
33 49 0
33 64 4
33 47 7
33 38 -2
33 62 1
33 36 7
33 45 3
33 70 7
34 63 -10
34 53 -7
34 55 -2
34 47 5
34 75 -7
34 67 3
34 44 -7
34 60 6
34 66 6
34 54 4
34 62 10
34 49 -6
34 69 -7
34 35 6
34 42 5
34 52 2
34 45 -1
34 64 10
34 61 -5
34 58 0
34 68 -6
35 46 -7
35 64 8
35 53 -1
35 37 7
35 67 4
35 52 2
35 50 7
35 44 -4
35 73 10
35 68 -6
35 57 10
35 48 -4
35 47 2
35 45 0
35 40 -5
35 65 -4
35 49 -1
35 38 0
35 69 6
35 39 2
36 48 -9
36 45 0
36 64 0
36 49 6
36 60 -2
36 39 7
36 59 1
36 47 5
36 58 -6
36 69 4
36 52 -3
36 74 -7
36 62 -6
36 57 6
36 70 6
36 37 -2
36 46 -6
36 55 1
36 61 7
36 53 2
36 73 -6
36 54 -7
37 62 -4
37 51 -10
37 47 -9
37 72 -5
37 69 -4
37 60 -5
37 68 -6
37 53 3
37 74 10
37 64 10
37 45 5
37 56 7
37 41 -4
37 71 4
37 40 1
37 67 -9
37 46 -5
37 38 8
37 52 -4
37 42 -4
37 54 -3
37 43 2
38 63 10
38 66 5
38 70 4
38 62 -10
38 50 -10
38 58 3
38 61 4
38 64 1
38 49 -4
38 43 4
38 67 -7
38 74 -2
38 47 -2
38 52 0
38 45 -9
38 65 6
38 39 10
38 53 -5
38 51 7
38 54 10
38 40 -3
39 58 9
39 42 10
39 62 0
39 69 -3
39 64 -5
39 53 3
39 75 4
39 68 2
39 74 3
39 73 5
39 51 -10
39 67 -4
39 40 -8
39 48 1
39 41 4
39 43 -8
40 46 -10
40 44 7
40 72 5
40 47 8
40 42 -2
40 49 -10
40 71 -5
40 65 -3
40 54 1
40 55 -4
40 67 7
40 43 1
40 68 3
40 75 6
41 57 3
41 67 -9
41 69 -8
41 56 10
41 73 -10
41 60 -2
41 59 8
41 42 5
41 72 4
41 48 -3
41 64 1
41 70 0
41 74 5
41 50 -5
41 47 3
41 54 7
41 49 9
42 53 -7
42 66 4
42 48 -5
42 58 6
42 61 9
42 54 -6
42 46 -8
42 50 0
42 71 -3
42 69 -3
42 55 3
42 70 -9
42 44 -1
42 64 7
42 63 -4
43 44 -1
43 73 -4
43 52 -7
43 57 -9
43 66 4
43 69 1
43 46 3
43 68 4
43 63 2
43 50 -1
43 71 -2
43 48 1
44 59 -6
44 66 -3
44 52 3
44 45 8
44 54 8
44 49 2
44 53 3
44 46 8
44 51 -2
44 60 7
44 61 9
44 68 -2
44 57 -5
44 69 -9
44 47 1
44 72 -1
45 55 2
45 51 8
45 63 -3
45 53 -7
45 48 -9
45 60 -1
45 54 -1
45 50 -1
45 67 4
45 66 5
45 71 7
45 49 6
46 55 -5
46 74 6
46 64 -1
46 56 7
46 66 -6
46 71 -2
46 63 -7
46 75 6
46 48 1
46 47 -9
46 72 1
46 62 2
47 71 7
47 72 -8
47 63 0
47 55 1
47 51 -4
47 54 -6
47 64 -7
47 70 -4
47 52 4
47 61 9
48 58 -10
48 63 -5
48 64 9
48 71 9
48 73 9
48 69 -9
48 57 7
48 56 9
48 62 10
48 51 7
48 60 9
48 70 -2
48 52 -8
48 55 0
49 63 5
49 61 7
49 67 9
49 58 9
49 50 -9
49 54 -2
49 57 -7
49 59 -6
49 52 1
50 53 -8
50 63 -8
50 72 9
50 58 4
50 74 5
50 68 5
50 54 8
50 59 -9
50 73 10
50 69 2
50 67 4
50 62 -4
50 70 8
50 66 -1
50 64 -8
50 55 -2
50 60 8
51 54 -8
51 58 -4
51 57 -10
51 71 -5
51 70 -4
51 64 0
51 68 -1
51 73 -5
51 66 -7
51 53 -5
51 62 6
52 72 7
52 67 7
52 75 7
52 55 4
52 57 8
52 65 -6
52 66 2
52 63 2
52 54 2
52 64 -2
52 70 -8
52 59 -8
53 59 -4
53 74 4
53 68 -5
53 75 -9
53 58 -2
53 61 -2
53 54 -3
53 70 6
53 69 -5
53 60 0
53 71 -5
53 64 -6
54 63 -7
54 75 8
54 64 -10
54 68 -10
54 57 -7
54 72 5
54 65 -4
54 61 -9
54 59 -8
54 73 2
54 69 0
54 67 -6
54 70 -4
54 60 8
55 67 -3
55 68 -10
55 59 9
55 74 -9
55 61 -5
55 57 -5
55 75 -6
55 70 -3
55 73 9
55 56 -4
55 66 -8
55 72 -1
55 58 1
56 71 -6
56 74 10
56 61 -6
56 75 -2
56 68 4
56 65 3
56 67 -2
56 58 4
56 60 8
56 70 -2
57 68 9
57 64 10
57 60 10
57 67 3
57 73 -7
57 59 -7
57 75 5
57 71 -10
57 61 -9
57 58 -6
57 69 10
58 61 -4
58 70 -9
58 59 9
58 75 -7
58 72 -6
58 67 3
58 60 -9
58 65 -2
59 60 -5
59 66 -7
59 61 6
59 75 -9
59 69 6
59 72 -8
59 74 3
59 71 -3
59 64 -6
60 75 5
60 62 2
60 69 3
60 65 -5
60 72 -1
60 70 -7
60 71 8
60 66 -4
60 73 -4
60 61 7
61 64 -9
61 71 5
61 65 3
61 75 -7
62 68 6
62 73 3
62 70 10
62 66 -5
62 74 -6
63 72 -9
63 70 -4
63 65 1
63 71 8
63 64 -2
64 73 6
64 70 5
64 74 4
65 68 5
65 73 9
65 70 8
65 71 -7
66 67 6
66 72 -9
66 68 1
66 74 -5
66 71 5
67 69 -4
67 74 -7
67 70 -3
67 73 9
68 70 4
68 69 10
68 75 8
68 72 -7
68 74 -4
69 75 4
70 75 -3
70 73 -5
70 74 3
70 72 -8
70 71 -3
71 74 6
71 73 0
71 72 7
72 74 10
73 74 5
74 75 9
