100 2475 
1 14 7
1 31 -8
1 87 2
1 8 3
1 58 8
1 2 -4
1 39 -5
1 51 0
1 36 6
1 38 -1
1 64 4
1 55 9
1 67 -4
1 75 9
1 99 -10
1 48 -4
1 70 -8
1 7 10
1 10 -7
1 33 -9
1 65 9
1 4 -9
1 40 5
1 25 -4
1 15 10
1 28 4
1 19 -4
1 20 10
1 44 -8
1 49 -6
1 60 -4
1 71 7
1 61 -3
1 9 -2
1 95 -7
1 88 4
1 98 -4
1 93 0
1 74 0
1 79 -2
1 43 -5
1 69 -10
1 47 6
1 17 0
1 34 2
1 11 6
1 57 1
1 53 2
1 83 3
1 62 1
1 81 -1
1 37 6
2 88 4
2 85 3
2 39 -7
2 22 3
2 86 9
2 42 6
2 30 3
2 53 -4
2 11 -8
2 67 9
2 94 0
2 75 1
2 19 3
2 66 -7
2 41 -10
2 32 -4
2 9 4
2 83 -10
2 100 4
2 18 -2
2 49 3
2 64 -4
2 69 8
2 17 -5
2 14 -2
2 77 0
2 84 7
2 51 -4
2 80 -6
2 31 9
2 43 -8
2 3 2
2 7 -6
2 62 -1
2 59 -10
2 20 -3
2 37 7
2 71 3
2 93 9
2 4 -10
2 24 -3
2 60 -8
2 55 5
2 38 7
2 57 -3
2 76 8
2 97 -4
2 52 6
2 40 6
2 68 -5
2 21 2
3 10 6
3 59 0
3 15 0
3 70 8
3 78 3
3 27 -10
3 64 3
3 71 0
3 47 9
3 17 0
3 22 -5
3 87 10
3 25 1
3 16 3
3 5 -8
3 52 -8
3 4 0
3 66 -7
3 79 -2
3 86 0
3 67 -5
3 57 -2
3 89 -2
3 77 -6
3 34 -1
3 88 -1
3 30 10
3 51 -5
3 41 1
3 32 7
3 28 3
3 29 -7
3 35 -10
3 81 -4
3 21 -2
3 84 -3
3 38 4
3 56 -4
3 63 0
3 14 -1
3 31 -7
3 94 -10
3 49 5
3 6 9
3 68 1
3 26 3
3 96 -4
3 23 -6
4 93 -4
4 97 10
4 99 -10
4 71 -8
4 70 8
4 65 4
4 38 -4
4 57 -7
4 42 -6
4 8 3
4 77 5
4 9 -5
4 17 3
4 83 -8
4 98 -9
4 59 6
4 5 10
4 14 -3
4 84 -1
4 23 6
4 78 10
4 25 -10
4 94 0
4 40 7
4 16 -4
4 90 3
4 43 -8
4 67 -3
4 35 8
4 29 -6
4 31 0
4 37 -4
4 81 8
4 56 -1
4 32 -4
4 63 -7
4 52 1
4 88 1
4 53 1
4 86 -5
4 69 3
4 54 9
4 85 3
4 79 8
4 24 6
4 20 -8
4 13 3
5 65 6
5 76 8
5 63 6
5 79 -2
5 33 9
5 97 3
5 26 -4
5 29 5
5 91 -5
5 83 2
5 9 1
5 36 10
5 71 0
5 61 -4
5 100 -8
5 52 5
5 45 8
5 21 6
5 8 2
5 68 7
5 54 7
5 77 -6
5 94 -9
5 67 3
5 93 6
5 84 5
5 48 0
5 64 -4
5 90 -4
5 15 10
5 23 5
5 38 -10
5 37 8
5 85 -4
5 74 0
5 92 -2
5 20 -5
5 39 0
5 51 2
5 98 -3
5 35 9
5 57 9
5 55 4
5 49 1
5 58 -1
5 47 9
5 89 -10
5 10 -5
5 69 -6
6 41 5
6 32 10
6 70 2
6 17 4
6 89 -7
6 10 8
6 81 9
6 29 1
6 61 -1
6 31 5
6 18 -9
6 98 3
6 40 7
6 85 -10
6 33 10
6 16 10
6 51 1
6 100 3
6 47 5
6 68 -6
6 67 5
6 97 1
6 36 -10
6 30 -1
6 25 -4
6 14 4
6 53 -4
6 26 -1
6 56 -3
6 74 0
6 93 -8
6 55 5
6 7 4
6 73 2
6 69 9
6 80 10
6 84 -2
6 11 8
6 52 -9
6 45 -3
6 95 10
6 39 5
6 72 4
6 8 -2
6 94 0
6 37 -5
6 24 -5
6 48 8
6 27 -1
6 59 -7
6 15 5
6 23 6
6 83 7
7 30 -7
7 76 6
7 93 -8
7 99 7
7 60 5
7 61 0
7 9 -8
7 38 -3
7 62 -7
7 89 7
7 13 -9
7 78 1
7 90 6
7 73 4
7 8 -6
7 20 -8
7 65 -6
7 11 6
7 82 -7
7 29 -3
7 46 0
7 100 7
7 64 -7
7 54 -6
7 55 -6
7 18 1
7 96 3
7 63 -5
7 70 10
7 69 -1
7 41 0
7 80 -2
7 17 -6
7 34 9
7 28 -7
7 85 -6
7 15 8
7 36 -6
7 75 1
7 42 7
7 71 8
7 97 -9
7 12 -8
7 66 6
7 44 10
7 32 2
7 21 -3
8 46 -8
8 96 5
8 94 4
8 10 7
8 38 -3
8 97 -4
8 20 -8
8 61 8
8 83 -6
8 81 -10
8 56 9
8 86 3
8 67 0
8 57 -9
8 30 8
8 89 8
8 88 -9
8 11 -6
8 64 -2
8 23 10
8 16 10
8 73 7
8 51 7
8 70 -5
8 31 -7
8 77 1
8 49 -6
8 15 5
8 39 7
8 45 -1
8 52 4
8 47 -9
8 98 10
8 14 6
8 68 -4
8 37 -6
8 44 -5
8 48 4
8 50 2
8 55 1
8 85 -4
8 54 2
8 33 -2
8 62 6
8 12 -7
9 96 7
9 36 -9
9 84 10
9 56 2
9 97 5
9 55 -3
9 46 4
9 24 -3
9 71 -4
9 66 9
9 49 9
9 87 -5
9 30 0
9 32 8
9 51 -2
9 48 -1
9 76 6
9 33 -10
9 74 10
9 99 9
9 47 -1
9 45 6
9 100 -1
9 88 5
9 52 -2
9 92 2
9 72 10
9 94 -2
9 65 -3
9 34 6
9 62 -6
9 78 5
9 80 -2
9 41 -1
9 13 -4
9 26 2
9 11 -6
9 10 10
9 39 10
9 21 10
9 85 -1
9 17 10
9 67 -3
9 93 -6
9 90 2
9 61 10
9 79 -9
9 27 1
9 73 5
9 89 4
9 42 -8
10 74 8
10 85 -4
10 90 -9
10 19 -10
10 38 9
10 60 -10
10 71 -4
10 75 6
10 24 8
10 46 -3
10 12 3
10 68 -1
10 45 10
10 69 -1
10 81 -6
10 70 0
10 30 3
10 87 4
10 88 4
10 34 4
10 100 -5
10 36 10
10 51 8
10 61 -4
10 92 7
10 32 -6
10 39 7
10 98 -7
10 89 9
10 57 -9
10 58 4
10 84 9
10 99 10
10 29 -8
10 41 -7
10 96 9
10 18 -3
10 83 2
10 80 7
10 91 8
10 95 8
10 63 -4
10 55 5
10 49 6
10 44 1
11 28 -7
11 78 -8
11 41 5
11 84 5
11 98 4
11 45 5
11 49 -2
11 65 5
11 60 -1
11 87 -10
11 61 -8
11 12 -6
11 13 -6
11 100 -2
11 53 5
11 16 5
11 74 5
11 93 5
11 80 -4
11 64 -4
11 69 2
11 33 -1
11 23 3
11 85 -7
11 71 -7
11 95 0
11 70 -8
11 48 -10
11 59 -4
11 94 8
11 62 -7
11 68 -10
11 99 -5
11 31 -6
11 21 6
11 44 -6
11 30 8
11 35 5
11 47 -4
11 73 -2
11 29 4
11 88 -7
11 42 4
11 96 -7
11 36 -7
11 81 -10
11 83 -1
11 34 -4
12 70 -9
12 95 -10
12 14 3
12 48 4
12 47 -2
12 44 9
12 22 -6
12 46 10
12 49 3
12 37 -8
12 19 -9
12 13 -10
12 68 -9
12 57 -2
12 82 3
12 79 -3
12 33 7
12 55 0
12 69 5
12 84 3
12 26 -9
12 20 -7
12 40 6
12 65 -9
12 63 4
12 92 5
12 34 -1
12 24 7
12 85 -9
12 15 9
12 76 0
12 23 7
12 60 6
12 74 6
12 42 7
12 87 -3
12 98 2
12 51 -8
12 90 -6
12 43 -8
12 21 -6
12 94 5
12 91 0
12 71 4
13 30 -3
13 69 2
13 95 10
13 98 6
13 100 -9
13 75 2
13 35 10
13 74 6
13 82 -2
13 22 5
13 32 4
13 55 -1
13 79 7
13 46 -3
13 16 -6
13 28 -9
13 83 -2
13 68 -9
13 84 9
13 86 -5
13 72 -10
13 61 -7
13 34 5
13 52 -4
13 63 8
13 87 1
13 23 5
13 57 10
13 78 -8
13 20 5
13 31 6
13 93 -8
13 71 -8
13 40 -7
14 15 -8
14 56 -8
14 88 10
14 50 -8
14 73 -8
14 37 7
14 100 8
14 86 8
14 41 -7
14 20 4
14 53 6
14 83 -1
14 82 -1
14 36 -8
14 23 1
14 67 -8
14 54 5
14 75 10
14 19 -2
14 45 -8
14 85 10
14 26 -9
14 80 -9
14 95 3
14 29 10
14 91 4
14 93 8
14 28 -3
14 92 7
14 43 -3
14 16 -9
14 25 5
14 42 6
15 91 -8
15 99 -10
15 70 0
15 25 -10
15 24 0
15 63 2
15 77 -8
15 79 0
15 62 -3
15 37 -3
15 64 -2
15 35 5
15 78 -9
15 44 0
15 52 7
15 50 2
15 16 5
15 18 4
15 93 -1
15 68 9
15 53 4
15 55 -7
15 92 -8
15 95 3
15 57 7
15 80 1
15 84 -2
15 69 2
15 51 10
15 61 -5
15 30 0
15 31 1
15 36 10
15 65 10
15 66 -7
15 21 0
15 17 7
15 42 -7
15 43 9
16 43 -2
16 74 0
16 98 -9
16 37 -3
16 72 -4
16 24 1
16 66 -10
16 78 -8
16 19 2
16 49 -5
16 100 4
16 51 5
16 63 -5
16 69 -10
16 48 5
16 31 4
16 25 -5
16 22 9
16 68 0
16 46 -4
16 27 5
16 97 7
16 41 -9
16 83 7
16 53 2
16 92 -10
16 79 -9
16 82 5
16 85 9
16 65 9
17 42 -4
17 98 9
17 45 -4
17 55 1
17 58 -1
17 82 4
17 31 1
17 95 -9
17 47 2
17 33 4
17 43 -5
17 65 -2
17 62 2
17 39 9
17 96 -6
17 68 3
17 50 -1
17 78 -8
17 40 0
17 66 8
17 81 -1
17 72 7
17 97 -5
17 87 2
17 49 3
17 88 6
17 94 -1
17 34 -7
17 37 -8
17 92 -5
17 90 -7
17 25 -6
17 18 1
17 59 10
17 70 2
17 67 -5
17 77 9
17 69 4
17 84 8
17 24 3
17 51 -7
17 74 1
17 27 0
17 44 -8
17 26 7
18 99 6
18 44 4
18 36 2
18 68 -2
18 65 5
18 39 -9
18 22 9
18 71 -5
18 96 7
18 23 0
18 24 -9
18 79 0
18 88 10
18 87 8
18 77 8
18 37 -1
18 54 -2
18 41 -7
18 26 10
18 90 -10
18 43 -8
18 32 0
18 25 -3
18 62 6
18 63 -2
18 80 0
18 55 -9
18 33 7
18 64 -2
18 69 -3
18 75 1
18 34 -5
18 94 -6
18 51 -1
19 27 -3
19 34 1
19 50 -3
19 90 4
19 86 2
19 74 -3
19 76 -5
19 56 9
19 41 5
19 33 6
19 48 -7
19 36 9
19 95 -5
19 51 -7
19 81 7
19 70 -7
19 58 0
19 65 -2
19 66 -6
19 64 3
19 28 9
19 59 4
19 69 -9
19 39 -7
19 20 -2
19 98 -5
19 22 -6
19 38 2
19 42 1
19 60 -4
19 92 -5
19 26 -4
19 87 9
19 83 4
19 61 -5
19 71 4
19 63 7
19 73 3
19 54 -6
19 57 3
19 31 -6
19 29 7
19 89 1
19 78 -1
20 23 -10
20 59 5
20 68 -6
20 33 0
20 49 1
20 46 6
20 51 10
20 28 -2
20 61 10
20 57 1
20 56 -3
20 42 6
20 44 4
20 64 -2
20 39 5
20 40 -4
20 77 3
20 97 6
20 55 10
20 89 -3
20 65 7
20 85 -4
20 29 -9
20 32 9
20 63 8
20 96 6
20 83 -4
20 78 2
20 87 -4
20 24 5
20 25 -2
20 79 -5
20 62 -4
20 66 4
20 75 -6
20 71 2
20 90 10
20 67 10
21 87 -9
21 40 -2
21 44 -7
21 74 3
21 53 4
21 66 -1
21 48 -4
21 38 -4
21 30 7
21 36 2
21 94 -8
21 23 1
21 69 -6
21 54 -9
21 98 6
21 45 -9
21 77 -3
21 67 6
21 62 -7
21 75 3
21 64 -6
21 28 -9
21 85 2
21 52 -10
21 59 -7
21 39 -2
21 89 -7
21 32 3
21 92 3
21 96 0
21 81 -2
22 40 -9
22 69 8
22 60 -3
22 54 3
22 43 4
22 91 1
22 44 -5
22 26 -7
22 89 0
22 90 -8
22 64 -5
22 97 2
22 31 4
22 53 -2
22 71 0
22 66 -6
22 33 10
22 61 -5
22 41 4
22 92 0
22 84 5
22 86 -7
22 94 -6
22 37 -10
22 47 4
22 96 1
22 57 10
22 99 3
22 48 -7
22 88 6
22 24 -10
22 42 8
22 95 -4
22 65 -2
22 55 -6
22 27 1
22 93 -6
22 87 -6
22 23 9
22 49 -2
23 66 5
23 85 3
23 70 -8
23 97 -7
23 33 10
23 71 -3
23 72 -3
23 69 -2
23 39 4
23 51 8
23 56 -4
23 78 -8
23 90 3
23 79 6
23 46 -2
23 60 1
23 47 3
23 26 -6
23 57 -10
23 52 -8
23 54 -8
23 30 10
23 88 8
23 76 4
23 31 3
23 64 -7
23 73 -9
23 34 0
23 65 -3
23 93 7
23 62 -5
23 50 5
23 80 2
23 59 1
23 40 10
23 37 3
23 98 -8
23 87 5
23 89 -10
23 55 1
23 32 -5
24 45 0
24 32 -4
24 56 -2
24 98 -2
24 97 -5
24 86 -4
24 71 10
24 31 -9
24 64 9
24 35 4
24 80 10
24 72 -5
24 92 9
24 40 -10
24 36 0
24 34 4
24 51 2
24 59 8
24 68 7
24 41 1
24 65 2
24 76 0
24 55 5
24 49 -3
24 48 0
24 88 -1
24 66 6
24 70 -2
25 59 6
25 39 2
25 98 -3
25 56 -3
25 92 -2
25 40 10
25 67 -3
25 29 10
25 65 -8
25 64 0
25 72 -3
25 49 -9
25 99 3
25 87 -2
25 94 -7
25 27 9
25 31 8
25 55 -10
25 97 10
25 78 1
25 35 7
25 58 6
25 77 8
25 45 -2
25 48 5
25 54 10
25 28 -2
25 70 -9
25 66 9
25 51 10
25 68 9
25 76 5
25 69 8
25 37 8
25 26 -8
25 38 7
25 89 -8
26 39 -10
26 91 1
26 27 -10
26 95 0
26 55 -8
26 77 1
26 64 3
26 96 -1
26 47 9
26 32 1
26 54 5
26 44 10
26 100 -1
26 37 -2
26 65 1
26 33 0
26 69 1
26 76 2
26 59 3
26 46 -1
26 86 -6
26 29 10
26 88 -8
26 72 2
26 85 10
26 42 7
26 57 9
26 40 1
26 48 -2
26 84 -5
26 75 -9
26 28 -1
26 51 -10
26 82 -10
26 94 10
26 43 3
26 90 -2
26 98 -9
26 87 -9
26 34 -9
26 73 -3
26 41 9
26 30 -5
26 53 -5
27 68 -7
27 48 -7
27 53 4
27 81 -3
27 42 1
27 50 -2
27 33 -1
27 85 -1
27 94 -6
27 88 1
27 83 0
27 41 8
27 47 -1
27 92 -9
27 59 7
27 56 9
27 78 -10
27 29 4
27 54 9
27 43 -1
27 79 1
27 62 -5
27 100 1
27 70 0
27 55 10
27 49 9
27 84 -3
27 31 5
27 32 -2
27 90 -3
27 77 1
27 74 1
27 96 -10
27 89 -4
27 61 5
27 99 -7
28 84 -8
28 59 -9
28 34 6
28 71 -4
28 33 1
28 45 10
28 69 1
28 32 0
28 60 -10
28 97 0
28 72 1
28 39 10
28 85 1
28 54 5
28 67 -7
28 87 9
28 65 -6
28 92 -4
28 88 9
28 31 6
28 43 -9
28 83 -7
28 38 -10
28 49 -8
28 58 7
28 90 -3
28 66 7
28 36 -1
28 46 9
28 82 -8
28 41 -5
28 89 5
28 76 -1
28 77 0
28 78 7
28 64 -8
29 44 -8
29 35 -3
29 45 0
29 87 2
29 32 2
29 50 7
29 67 3
29 81 -8
29 71 -6
29 53 3
29 83 -3
29 37 -1
29 93 2
29 89 -6
29 91 3
29 59 8
29 68 5
29 88 -2
29 86 5
29 73 7
29 78 5
29 31 -1
29 60 -8
29 58 -10
29 76 2
29 46 4
29 65 -9
29 92 -9
29 43 6
29 95 5
29 72 10
29 80 8
29 49 7
29 79 7
29 94 -2
29 69 10
29 36 8
29 77 -1
29 42 9
29 97 -1
30 35 10
30 79 0
30 52 -9
30 70 -4
30 59 -9
30 45 9
30 93 3
30 91 -1
30 92 5
30 85 3
30 98 5
30 74 -9
30 84 8
30 47 -9
30 86 -8
30 77 3
30 73 7
30 37 -9
30 38 10
30 49 -4
30 65 9
30 63 6
30 43 -3
30 100 5
30 75 -6
30 34 3
30 46 -9
30 88 3
30 99 -4
30 50 9
30 48 9
30 31 2
30 89 -2
30 55 3
30 39 -10
30 32 0
30 60 3
31 83 6
31 48 -8
31 53 2
31 64 1
31 100 -1
31 78 5
31 77 -2
31 89 9
31 58 8
31 62 8
31 60 2
31 76 -1
31 85 7
31 82 0
31 91 -9
31 98 9
31 52 7
31 38 0
31 63 -9
31 34 7
31 59 -6
31 33 9
31 51 9
31 88 2
31 65 -7
31 49 5
31 99 7
31 66 -9
31 81 -8
31 69 3
31 54 -9
31 56 9
31 70 -3
31 95 6
31 72 -10
31 41 -1
31 97 -4
31 36 6
31 84 -9
31 71 9
31 87 -8
31 39 10
31 80 9
31 68 6
31 74 10
31 92 0
32 60 -7
32 74 -1
32 71 0
32 98 5
32 54 -10
32 73 4
32 43 5
32 41 -1
32 53 7
32 85 -5
32 34 6
32 39 8
32 56 9
32 80 5
32 75 4
32 69 1
32 52 10
32 33 8
32 61 -5
32 46 6
32 64 -2
32 99 8
32 66 -6
32 48 -7
32 84 -7
32 70 0
32 49 -4
32 100 -6
32 67 5
32 72 4
32 55 1
32 94 -10
32 92 3
32 35 -7
32 57 -7
32 87 3
32 96 2
33 91 -4
33 46 -8
33 48 7
33 59 7
33 100 -4
33 93 7
33 94 -7
33 81 7
33 36 -5
33 66 -4
33 71 -10
33 84 -2
33 50 3
33 83 -6
33 95 10
33 35 -8
33 51 1
33 67 -2
33 38 9
33 43 -9
33 61 -8
33 92 4
33 54 -6
33 39 2
33 52 9
33 37 3
33 49 -3
33 82 -6
33 99 -9
33 73 -9
33 86 8
33 34 3
33 85 -7
33 60 2
33 47 -9
33 64 3
33 63 0
33 45 8
34 89 10
34 78 4
34 69 -1
34 87 -8
34 94 -3
34 83 0
34 73 7
34 45 -2
34 67 -9
34 40 -4
34 53 -5
34 100 -9
34 60 -1
34 39 -1
34 47 4
34 35 -7
34 97 4
34 88 9
34 72 2
34 59 -8
34 91 6
34 54 -2
34 52 -2
34 63 8
34 79 -2
34 86 -4
34 57 3
34 85 6
34 46 -7
34 56 8
34 48 2
34 80 7
34 96 6
35 89 -2
35 41 -4
35 92 -9
35 65 -6
35 61 7
35 66 2
35 53 2
35 58 9
35 45 -2
35 70 3
35 46 7
35 71 -9
35 64 -10
35 79 1
35 47 -2
35 83 -1
35 43 -9
35 40 6
35 86 -3
35 68 -3
35 75 6
35 99 5
35 94 -5
35 91 -1
35 95 -5
35 36 -8
35 84 10
35 62 8
35 63 -4
35 80 1
35 85 1
36 90 1
36 54 -2
36 48 9
36 86 -1
36 61 -1
36 59 0
36 52 1
36 43 -9
36 41 6
36 58 -10
36 73 7
36 67 -7
36 42 -9
36 60 -10
36 70 -7
36 47 8
36 44 5
36 93 10
36 55 -6
36 89 -6
36 83 0
36 71 3
36 91 10
36 80 1
36 51 8
36 63 10
36 79 -5
36 39 -8
36 78 -10
37 72 -6
37 78 3
37 80 5
37 97 -5
37 59 4
37 53 -2
37 64 5
37 56 -1
37 82 -2
37 51 5
37 85 3
37 83 2
37 45 4
37 58 4
37 75 -9
37 39 0
37 99 10
37 81 8
37 96 -5
37 63 3
37 90 -1
37 49 9
37 44 -8
37 40 0
38 63 2
38 81 1
38 56 -3
38 67 6
38 77 0
38 59 10
38 40 5
38 51 7
38 47 -1
38 95 6
38 41 9
38 58 -5
38 85 8
38 94 6
38 50 -8
38 70 -7
38 86 0
38 60 -10
38 73 -7
38 62 -8
38 75 4
38 89 -6
38 88 9
38 76 7
38 92 10
38 79 -10
38 49 -6
38 48 5
38 96 1
39 72 0
39 83 7
39 100 6
39 89 -6
39 88 -4
39 56 8
39 53 6
39 82 -9
39 96 -2
39 51 10
39 57 8
39 74 6
39 92 10
39 81 2
39 50 10
39 84 3
39 85 -10
39 52 2
39 45 7
39 59 -8
39 73 1
39 41 4
39 95 -3
39 77 7
39 49 5
39 78 -8
39 87 9
39 64 9
39 54 7
39 55 7
40 93 2
40 100 -4
40 76 -2
40 96 3
40 41 8
40 99 7
40 45 5
40 82 8
40 72 6
40 98 -8
40 49 10
40 91 5
40 51 -2
40 78 10
40 60 7
40 64 -10
40 43 9
40 59 -6
40 75 0
40 87 -2
40 95 6
40 77 3
40 48 3
40 58 10
40 52 9
40 61 4
40 84 -3
40 80 -6
41 96 4
41 98 10
41 58 -6
41 69 -2
41 43 -8
41 99 4
41 47 -5
41 52 1
41 42 -8
41 94 -9
41 57 -1
41 48 -8
41 81 8
41 74 -10
41 97 1
41 80 -1
41 61 -6
41 60 0
41 51 4
41 84 6
41 70 5
41 71 7
41 45 8
41 92 0
41 100 10
41 68 10
41 50 5
41 44 -4
41 77 10
41 54 -7
41 67 -3
41 62 -8
41 53 4
41 49 -5
41 59 -9
41 93 10
42 82 7
42 80 -3
42 95 -9
42 64 -6
42 91 1
42 66 -7
42 94 4
42 96 -7
42 67 -7
42 59 4
42 51 -3
42 55 1
42 77 10
42 65 10
42 63 -8
42 56 -2
42 98 -3
42 86 -3
42 43 -2
42 52 6
42 90 -5
42 60 0
42 71 7
42 89 9
42 69 -2
42 45 3
42 72 4
42 49 -4
42 76 -1
42 100 4
42 50 -1
42 87 6
42 48 -7
42 73 9
43 81 -7
43 95 -3
43 84 4
43 93 4
43 73 10
43 47 1
43 82 -1
43 67 0
43 97 6
43 72 3
43 76 -10
43 96 -3
43 58 -4
43 60 -2
43 80 4
43 78 1
43 53 -4
43 59 -2
43 98 0
43 62 -1
43 52 -8
43 51 0
43 94 -7
43 89 -2
43 46 0
43 70 -1
43 48 1
43 75 -6
43 44 -4
44 49 -3
44 56 7
44 55 -2
44 78 5
44 75 -1
44 66 10
44 95 -2
44 93 -10
44 97 4
44 47 0
44 73 9
44 99 7
44 94 -2
44 87 8
44 85 3
44 60 10
44 90 -3
44 76 -4
44 50 4
44 61 5
44 74 -6
44 68 5
44 57 0
44 77 10
44 59 7
44 46 8
44 82 10
44 91 7
44 63 3
45 73 -10
45 93 7
45 89 0
45 52 6
45 65 4
45 85 1
45 49 -4
45 95 8
45 51 2
45 50 -1
45 68 6
45 97 2
45 94 -4
45 48 -8
45 72 -10
45 54 -9
45 77 -8
45 100 1
45 56 5
45 47 -2
45 57 -8
45 60 -7
45 86 5
45 79 -3
45 91 7
46 74 5
46 59 4
46 98 -3
46 88 9
46 61 -5
46 73 -1
46 62 -7
46 52 8
46 72 10
46 92 5
46 100 -8
46 69 -5
46 94 -4
46 51 -2
46 99 1
46 85 -1
46 75 4
46 70 6
46 81 8
46 71 -2
46 90 -1
46 54 5
47 64 -4
47 94 0
47 49 2
47 55 6
47 81 2
47 91 2
47 83 0
47 66 -8
47 84 7
47 85 3
47 48 -7
47 68 10
47 78 -4
47 96 -9
47 88 5
47 54 7
47 75 3
47 82 8
47 76 6
47 98 -7
47 50 4
47 87 -8
47 57 0
47 69 -6
47 93 -8
47 97 3
47 58 3
47 61 7
47 80 7
47 73 3
48 92 -9
48 56 -7
48 50 6
48 70 10
48 87 -4
48 99 8
48 95 -2
48 65 0
48 84 2
48 94 -7
48 73 10
48 79 2
48 77 -10
48 75 -1
48 83 5
48 71 -10
48 62 1
48 89 10
48 86 -10
48 57 9
48 80 -6
48 68 2
48 100 -4
48 88 1
48 49 4
48 64 -6
49 95 -9
49 72 8
49 54 0
49 87 0
49 81 1
49 88 8
49 65 8
49 91 -8
49 66 9
49 84 0
49 59 5
49 80 7
49 89 -2
49 78 8
49 67 -8
49 69 3
49 97 2
49 64 3
49 60 -10
49 58 -10
49 74 7
49 82 6
49 99 8
49 56 10
49 93 -2
49 71 2
50 89 7
50 78 3
50 64 4
50 98 0
50 90 -9
50 68 -3
50 84 5
50 69 5
50 75 -8
50 95 2
50 100 6
50 97 8
50 85 7
50 76 -10
50 72 -2
50 54 -7
50 96 -5
50 83 4
50 79 -2
50 71 7
50 63 -3
50 70 -7
50 91 -5
50 86 -9
50 93 -10
50 77 -4
50 94 -9
50 61 2
50 65 -6
51 63 1
51 53 -3
51 73 4
51 81 6
51 77 9
51 70 7
51 97 5
51 55 -3
51 100 -9
51 98 -6
51 59 10
51 93 0
51 79 10
51 78 6
51 65 -2
51 60 -9
51 85 6
51 66 -3
51 92 2
51 82 5
51 54 -4
51 96 -9
51 52 -7
51 80 -2
51 56 6
51 94 1
51 61 7
52 72 -7
52 89 -2
52 71 6
52 84 7
52 70 -6
52 80 10
52 83 8
52 68 10
52 53 -3
52 86 -1
52 91 -6
52 54 5
52 57 4
52 96 9
52 94 -2
52 69 1
52 65 -2
52 87 1
52 66 5
52 85 5
52 62 4
52 63 3
52 82 -7
52 76 -8
52 81 0
52 97 -2
52 92 7
52 95 -5
52 64 -7
52 67 6
53 57 8
53 66 -5
53 98 -3
53 78 -3
53 93 6
53 58 -8
53 89 -1
53 74 2
53 91 8
53 62 -6
53 63 -8
53 64 3
53 79 2
53 86 10
53 90 4
53 60 8
53 99 1
53 76 -4
53 85 1
53 84 5
53 65 0
53 55 -2
53 56 0
54 81 10
54 55 -1
54 100 8
54 72 -9
54 94 -8
54 68 10
54 70 7
54 92 3
54 93 7
54 86 8
54 76 -2
54 77 10
54 82 -5
54 67 9
54 78 -6
54 58 -8
54 66 0
54 99 -9
54 73 -1
54 85 8
54 84 -1
54 89 6
54 75 -10
54 64 -2
55 98 4
55 68 0
55 59 -4
55 69 -3
55 86 4
55 62 10
55 65 0
55 67 -3
55 92 -7
55 84 -6
55 80 10
55 58 2
55 95 10
55 57 9
55 100 0
55 61 7
55 71 9
55 87 5
55 82 5
55 63 -2
55 96 8
55 83 3
56 92 4
56 58 3
56 93 4
56 68 10
56 78 -4
56 84 8
56 61 2
56 100 -7
56 60 10
56 77 7
56 99 -5
56 95 -6
56 94 1
56 57 7
56 80 0
56 90 7
56 59 -5
56 98 -8
56 87 1
56 71 0
56 85 -2
56 88 -5
56 89 5
57 62 -3
57 85 -8
57 100 -3
57 77 10
57 95 -1
57 68 -5
57 88 8
57 99 9
57 65 -3
57 76 1
57 93 -7
57 72 -6
57 91 6
57 67 3
57 96 -4
57 79 2
57 92 -10
57 70 0
57 60 5
57 94 -3
57 78 9
57 86 2
57 90 -8
57 58 -6
58 91 10
58 82 -8
58 94 -7
58 84 5
58 67 -8
58 62 10
58 90 -1
58 61 -10
58 74 2
58 73 -10
58 76 -1
58 99 -5
58 85 -1
58 64 8
58 68 -2
58 71 0
58 65 -7
58 92 -1
58 80 -10
58 77 5
58 93 6
59 67 -8
59 87 10
59 61 8
59 65 4
59 75 5
59 96 -2
59 85 -8
59 60 5
59 83 1
59 94 -1
59 100 5
59 86 -6
59 70 5
59 89 -5
59 76 5
59 91 8
59 71 -8
59 66 -4
59 92 6
59 98 9
59 73 0
59 95 -3
60 72 0
60 74 6
60 81 5
60 100 1
60 87 -9
60 76 4
60 85 0
60 67 -7
60 80 0
60 75 6
60 78 5
60 84 -2
60 89 5
60 96 -10
60 65 5
60 86 -1
60 77 -9
60 95 -8
60 98 3
61 86 1
61 76 6
61 68 3
61 83 9
61 66 3
61 97 -1
61 79 -4
61 93 -8
61 100 -6
61 92 -7
61 99 -2
61 87 9
61 63 4
61 78 8
61 80 6
61 74 9
62 93 8
62 64 -3
62 88 -5
62 96 10
62 95 -2
62 77 -7
62 89 8
62 67 9
62 75 2
62 68 7
62 90 -2
62 81 3
62 80 5
62 66 -10
62 92 4
62 69 -4
62 85 -4
62 63 -10
62 70 -9
62 76 -6
62 86 -7
62 91 9
63 81 -1
63 77 -7
63 74 -10
63 71 -3
63 95 2
63 99 1
63 96 7
63 80 4
63 79 6
63 98 3
63 67 -7
63 68 -2
63 85 -3
63 64 -10
63 89 7
63 66 -8
63 69 0
64 77 4
64 94 -8
64 93 5
64 72 5
64 92 10
64 81 1
64 91 -5
64 75 -3
64 89 6
64 85 6
64 71 -5
64 69 -3
64 98 -9
64 96 -5
64 66 -1
64 74 -9
64 95 -10
64 76 0
64 70 2
65 85 -8
65 96 -1
65 82 -5
65 90 -8
65 94 -5
65 74 8
65 91 4
65 68 -10
65 75 -4
65 72 6
65 87 -10
65 97 -7
65 71 8
65 73 1
65 89 -2
65 92 -5
66 92 2
66 73 5
66 76 5
66 75 -3
66 74 10
66 72 10
66 93 10
66 86 4
66 68 8
66 80 10
66 87 9
66 100 8
66 77 6
66 79 7
66 89 -5
67 78 0
67 92 -2
67 75 -7
67 91 7
67 85 -8
67 73 -5
67 90 -8
67 68 -8
67 93 -1
67 99 -10
67 81 3
68 75 2
68 69 -7
68 98 -5
68 83 -10
68 87 7
68 72 5
68 84 10
68 93 4
68 97 -1
68 79 10
68 90 7
68 94 6
68 77 -5
68 71 -4
68 70 5
68 85 6
69 85 -4
69 91 -2
69 97 1
69 80 -10
69 96 5
69 79 -4
69 89 10
69 93 -10
69 73 4
69 99 -6
69 78 1
69 70 6
69 81 1
69 92 5
69 98 -6
69 88 2
70 80 -8
70 88 -6
70 77 -6
70 95 5
70 71 -1
70 73 9
70 74 7
70 82 0
70 84 7
70 76 8
70 98 -1
70 91 4
70 89 -2
70 86 7
70 75 1
71 77 0
71 87 6
71 89 0
71 74 3
71 96 0
71 99 1
71 78 -6
71 76 1
71 91 9
71 85 -8
71 86 9
71 97 -5
71 100 5
71 95 -10
71 94 -2
71 83 6
72 96 -2
72 90 -10
72 98 1
72 91 6
72 85 -1
72 74 -3
72 75 2
72 80 5
73 96 -1
73 80 -1
73 90 8
73 97 2
73 78 3
73 85 -10
73 76 9
73 92 -6
73 82 4
73 98 -9
73 74 -1
73 94 6
73 95 -8
73 87 5
73 75 2
73 89 -10
74 93 -9
74 91 10
74 90 -4
74 87 -10
74 97 7
74 92 -9
74 77 -7
74 78 -7
74 85 10
74 86 -9
74 89 4
74 98 1
75 83 -8
75 88 3
75 82 2
75 84 -8
75 96 8
75 99 1
75 85 -5
75 90 7
75 78 -3
75 91 7
75 79 5
75 93 -10
76 88 1
76 78 -8
76 84 10
76 94 -9
76 81 -2
76 85 -5
76 86 4
76 77 1
76 83 8
76 93 2
76 98 -2
76 87 5
77 87 4
77 79 -6
77 85 10
77 89 0
77 83 9
77 96 10
77 84 0
77 81 6
77 82 -4
77 92 0
77 91 7
77 86 -10
78 86 4
78 82 9
78 94 -4
78 93 4
78 100 3
78 85 -7
78 80 -8
78 98 10
79 83 -7
79 88 -9
79 85 -2
79 98 7
79 99 6
79 81 0
79 97 6
79 86 -9
79 84 1
79 90 -10
79 94 -8
80 88 8
80 84 -5
80 99 10
80 90 7
80 95 -8
80 91 -6
80 97 -5
80 92 -5
80 94 4
80 98 9
80 83 -10
80 89 8
80 86 0
81 85 -1
81 88 0
81 98 5
81 84 2
81 92 7
81 93 2
81 83 -8
81 95 7
81 91 0
81 82 -7
81 87 -4
82 91 -7
82 100 0
82 99 3
82 98 -4
82 84 8
82 96 -1
82 89 -10
82 88 2
82 97 4
82 85 9
83 90 7
83 86 -7
83 95 -7
83 87 4
83 88 2
83 85 -1
83 92 9
83 96 1
84 91 -6
84 100 1
84 98 -7
84 93 -8
84 94 -3
84 90 -1
84 86 1
84 89 7
84 88 -3
85 97 -6
85 90 -9
85 96 3
85 88 0
85 99 -4
85 98 -8
85 93 4
85 100 -8
85 89 5
85 95 -3
86 98 -1
86 89 7
86 99 -5
86 94 -9
86 95 -8
86 91 5
87 93 1
87 100 -10
87 90 -7
87 91 -9
87 98 2
87 95 -4
88 93 -3
88 96 -9
88 98 -8
89 99 8
89 92 1
89 93 -3
89 96 -3
89 98 -5
89 95 -2
89 91 7
90 95 -2
90 100 8
90 92 7
90 96 1
91 96 -1
91 99 10
91 93 -10
91 98 -7
91 95 10
92 98 1
92 99 -1
92 94 6
92 100 -10
92 95 1
93 100 -3
93 95 -9
93 96 5
93 94 5
94 96 3
94 98 10
95 96 7
95 97 -5
96 97 -3
96 100 0
96 99 2
97 99 2
97 100 -4
98 100 -7
99 100 8
