100 2475 
1 61 -5
1 27 -6
1 54 -1
1 36 2
1 85 -2
1 37 8
1 2 9
1 12 5
1 51 3
1 4 0
1 43 5
1 69 -2
1 70 0
1 98 0
1 8 -10
1 78 -5
1 83 5
1 24 4
1 26 0
1 60 -9
1 18 -10
1 32 -10
1 87 2
1 63 -6
1 28 -4
1 77 7
1 75 8
1 5 3
1 35 5
1 33 7
1 20 2
1 15 0
1 64 -4
1 40 2
1 22 -1
1 3 8
1 94 0
1 76 5
1 81 8
1 68 2
1 21 9
1 56 4
1 62 -4
1 90 9
1 82 -6
2 27 3
2 73 1
2 82 -9
2 28 1
2 21 -9
2 24 -8
2 67 10
2 3 10
2 84 10
2 91 10
2 52 7
2 14 -9
2 79 5
2 87 -10
2 74 3
2 75 1
2 62 -7
2 49 -2
2 6 3
2 11 -3
2 76 10
2 20 9
2 33 8
2 15 2
2 32 8
2 16 -4
2 64 -6
2 9 5
2 53 4
2 12 3
2 23 -4
2 42 -4
2 58 -6
2 48 8
2 97 -1
2 95 -5
2 68 7
2 60 4
2 43 6
2 89 -3
2 90 8
2 72 -3
2 69 -8
2 8 -7
2 19 8
2 46 2
2 47 5
3 35 9
3 50 -5
3 49 10
3 68 1
3 77 10
3 48 9
3 89 1
3 11 7
3 37 5
3 79 -2
3 46 -1
3 58 8
3 25 4
3 59 -9
3 97 -9
3 91 10
3 93 0
3 29 -3
3 69 3
3 16 9
3 99 -3
3 21 -6
3 96 3
3 28 0
3 87 -7
3 7 8
3 85 2
3 66 9
3 33 -8
3 36 -9
3 56 4
3 54 7
3 18 -10
3 75 10
3 14 -8
3 27 3
3 40 4
3 45 -9
3 41 -9
3 72 -1
3 15 -8
3 43 5
3 24 -4
3 39 -5
3 57 -2
3 47 9
3 52 -8
3 80 -7
4 99 -10
4 51 1
4 70 -9
4 32 1
4 19 8
4 41 10
4 44 -6
4 42 8
4 34 8
4 47 -1
4 100 -6
4 68 -8
4 31 -8
4 86 4
4 88 -5
4 81 10
4 37 -8
4 65 -5
4 58 -5
4 80 -10
4 8 -1
4 7 8
4 10 4
4 94 -4
4 24 8
4 74 -9
4 95 -8
4 72 -1
4 84 -6
4 78 8
4 67 1
4 57 0
4 15 10
4 77 -3
4 13 5
4 17 -1
4 49 5
4 21 10
4 40 -8
4 64 -10
4 69 -8
4 14 5
4 66 3
4 85 3
5 50 -9
5 24 1
5 52 -2
5 45 10
5 43 0
5 47 4
5 20 7
5 98 -10
5 94 -8
5 16 8
5 58 10
5 92 6
5 29 -10
5 9 -5
5 91 -6
5 13 6
5 59 -3
5 61 7
5 33 5
5 12 -10
5 30 10
5 49 -2
5 88 -8
5 21 -9
5 65 -10
5 54 1
5 32 -9
5 100 -5
5 79 -5
5 7 3
5 25 -1
5 23 0
5 76 7
5 63 -3
5 89 -6
5 75 7
5 18 -2
5 53 -6
5 57 10
5 56 0
5 35 10
5 10 -10
5 84 4
5 22 -10
5 93 -6
6 85 10
6 51 8
6 11 -7
6 14 6
6 10 10
6 57 8
6 48 2
6 59 -9
6 91 10
6 58 -6
6 56 -10
6 17 -6
6 71 -1
6 61 7
6 73 -9
6 72 4
6 43 -10
6 50 2
6 12 7
6 25 9
6 83 3
6 52 9
6 23 -9
6 96 -7
6 16 6
6 33 2
6 40 2
6 18 -4
6 26 -5
6 36 -7
6 9 3
6 47 4
6 70 4
6 54 -1
6 62 -7
6 34 -1
6 35 -9
6 77 -7
6 24 1
6 55 -10
6 94 9
6 32 -1
6 64 -2
6 88 10
6 15 -3
7 70 -5
7 46 6
7 90 -10
7 10 9
7 20 8
7 80 6
7 63 9
7 97 2
7 92 -3
7 99 -5
7 64 -7
7 32 6
7 62 1
7 19 -2
7 47 -4
7 78 5
7 25 -7
7 69 -1
7 13 -7
7 16 9
7 28 3
7 54 5
7 98 -5
7 8 -7
7 94 4
7 30 3
7 57 -4
7 56 -7
7 66 3
7 86 -4
7 59 -8
7 76 -8
7 12 4
7 50 -9
7 65 9
7 39 -6
7 89 3
7 44 -2
7 91 4
7 45 -5
7 58 -1
7 74 5
7 82 9
7 55 -2
7 42 0
7 41 2
7 33 -6
8 100 4
8 60 0
8 28 -9
8 79 5
8 90 1
8 69 -6
8 15 3
8 93 1
8 77 7
8 10 -9
8 62 5
8 89 6
8 12 9
8 41 8
8 37 -6
8 88 5
8 14 -1
8 80 -6
8 94 -7
8 34 1
8 81 2
8 24 9
8 48 -6
8 17 9
8 87 10
8 51 6
8 65 -10
8 74 -9
8 38 3
8 78 -1
8 58 6
8 36 3
8 68 1
8 35 5
8 70 -2
8 73 -5
8 25 -9
8 57 9
8 59 5
8 43 10
8 86 -10
9 11 -9
9 55 -10
9 95 -3
9 84 10
9 26 0
9 53 -6
9 96 9
9 62 -6
9 40 4
9 50 -7
9 80 8
9 13 -8
9 72 -4
9 89 2
9 70 3
9 60 -7
9 63 -10
9 48 9
9 44 9
9 97 2
9 35 0
9 12 0
9 39 2
9 66 -3
9 31 -4
9 86 9
9 57 -10
9 81 6
9 42 -3
9 20 2
9 17 0
9 52 6
9 38 9
9 88 -8
9 75 2
9 79 3
9 68 7
9 23 -1
9 93 10
9 54 -3
9 77 -2
9 29 6
9 67 -1
9 16 -1
9 37 -8
9 14 -9
9 46 -5
9 64 7
9 51 -1
9 94 8
9 61 9
9 65 -8
9 100 10
10 95 -7
10 12 10
10 68 -1
10 26 -3
10 15 1
10 60 -8
10 35 -2
10 84 0
10 80 2
10 55 -8
10 36 1
10 47 5
10 29 -4
10 54 -6
10 48 -8
10 16 4
10 39 4
10 53 -2
10 64 -10
10 17 10
10 83 -2
10 58 -5
10 45 7
10 100 8
10 69 0
10 43 -3
10 37 -7
10 24 -10
10 70 -10
10 61 0
10 30 -4
10 20 -10
10 57 10
10 56 3
10 13 0
10 74 2
10 73 -5
10 38 2
10 93 7
10 90 -3
10 89 3
10 41 5
10 50 4
10 72 10
10 81 8
10 71 -9
10 77 6
10 79 -3
10 40 -6
10 86 -8
11 63 -7
11 76 9
11 64 -8
11 56 -2
11 48 -7
11 88 4
11 28 3
11 30 -5
11 68 1
11 19 1
11 85 -3
11 46 -9
11 58 -10
11 39 -8
11 77 -3
11 95 3
11 69 5
11 62 7
11 29 2
11 22 -2
11 100 -3
11 33 7
11 17 -9
11 87 5
11 65 -4
11 67 10
11 75 9
11 55 5
11 74 9
11 34 3
11 49 -4
11 96 -3
11 91 -4
11 24 6
11 83 -9
11 16 5
11 89 7
11 35 2
11 50 1
11 47 10
11 44 -7
11 80 -4
11 78 7
11 37 7
11 72 -6
12 51 7
12 21 0
12 92 1
12 85 -2
12 71 8
12 23 0
12 73 8
12 39 -7
12 96 8
12 47 -9
12 95 7
12 41 7
12 36 -5
12 26 -1
12 31 2
12 29 -6
12 61 -2
12 30 -8
12 90 1
12 52 1
12 83 10
12 46 8
12 18 -8
12 54 -5
12 81 7
12 68 -5
12 40 -7
12 74 4
12 17 -8
12 48 2
12 50 -10
12 19 -6
12 78 -1
12 72 -9
12 58 -1
12 91 -6
12 77 8
12 75 -9
12 76 2
12 16 7
12 70 6
12 100 4
12 89 7
12 80 -10
12 49 7
12 82 4
12 79 -5
13 77 0
13 15 6
13 55 3
13 97 0
13 37 -2
13 83 4
13 75 1
13 33 3
13 91 -1
13 94 -6
13 100 1
13 56 -10
13 95 2
13 72 5
13 21 -9
13 32 6
13 80 9
13 62 1
13 52 6
13 92 0
13 43 8
13 44 -3
13 82 -9
13 89 2
13 36 -6
13 24 6
13 84 -3
13 31 6
13 60 -10
13 98 -7
13 41 -4
13 67 4
13 34 -2
13 90 -2
13 26 -8
13 96 -2
13 71 -4
13 99 8
13 58 7
13 57 0
13 61 10
13 65 3
13 25 -7
13 69 -3
13 27 0
13 81 -6
13 38 1
13 93 4
14 56 -1
14 18 -9
14 46 -8
14 23 9
14 85 3
14 67 0
14 17 -2
14 29 -9
14 30 2
14 39 -8
14 97 5
14 25 -8
14 60 -4
14 68 0
14 22 -1
14 61 7
14 73 -1
14 20 9
14 96 -10
14 49 10
14 100 -2
14 59 8
14 82 5
14 62 -7
14 24 -1
14 65 3
14 15 5
14 92 -8
14 38 -6
14 37 -4
14 99 8
14 57 -1
14 89 -6
14 90 3
14 52 8
14 36 -4
14 58 0
14 79 -7
14 93 -4
14 69 5
14 83 6
14 70 5
15 90 -8
15 68 5
15 40 -3
15 49 -4
15 37 -9
15 81 8
15 94 -8
15 84 -7
15 45 6
15 71 6
15 27 -7
15 75 8
15 47 -9
15 82 -4
15 25 2
15 50 -6
15 38 -6
15 77 9
15 51 -3
15 70 -6
15 36 -7
15 74 -1
15 85 2
15 58 6
15 22 1
15 63 -4
15 32 5
15 43 -6
15 39 4
15 54 6
15 48 9
15 88 -8
15 46 1
15 41 1
15 28 -10
15 97 0
15 60 5
15 53 -7
15 89 0
15 29 9
15 73 5
16 53 7
16 84 -7
16 95 -6
16 52 -10
16 79 -7
16 60 3
16 88 10
16 27 4
16 92 -8
16 56 6
16 91 -5
16 61 -7
16 17 6
16 77 -8
16 57 -10
16 32 -1
16 43 10
16 74 10
16 28 -3
16 48 -1
16 71 -4
16 97 -5
16 93 9
16 51 0
16 65 -2
16 34 -7
16 94 -8
16 68 3
16 86 -3
16 20 4
16 29 -1
16 38 2
16 83 10
16 69 -9
16 40 -1
16 87 8
16 75 -7
16 24 -8
16 50 6
17 90 1
17 72 -7
17 76 -8
17 34 10
17 53 2
17 95 2
17 58 3
17 85 -4
17 79 -2
17 93 -5
17 47 7
17 20 10
17 83 6
17 88 -3
17 75 1
17 23 8
17 89 -1
17 45 0
17 86 -5
17 40 5
17 66 4
17 33 -1
17 99 6
17 64 6
17 56 6
17 18 2
17 82 -6
17 37 7
17 19 -4
17 24 -3
17 94 0
17 60 -5
17 69 -5
17 63 6
17 61 4
17 48 6
17 59 0
17 65 -5
17 97 -2
17 41 10
17 39 0
17 52 6
17 73 -3
17 55 8
18 93 3
18 33 -5
18 98 -7
18 19 0
18 25 1
18 50 7
18 23 -5
18 57 1
18 35 -2
18 96 6
18 79 2
18 34 5
18 88 3
18 64 -3
18 22 -10
18 41 -1
18 89 -3
18 86 9
18 99 2
18 47 -2
18 56 2
18 80 -10
18 36 6
18 27 8
18 97 7
18 55 1
18 91 -4
18 81 -6
18 40 -1
18 43 -5
18 32 -6
18 69 -3
18 24 8
18 76 -3
18 26 -4
18 72 9
18 90 3
18 94 6
18 84 10
18 49 -7
18 100 -3
18 46 5
19 66 7
19 72 -8
19 31 4
19 51 7
19 64 -4
19 34 9
19 100 3
19 65 -8
19 74 2
19 29 -5
19 48 -9
19 20 -1
19 90 2
19 38 1
19 42 -3
19 53 -7
19 97 10
19 30 -7
19 60 -10
19 39 9
19 40 7
19 63 6
19 86 2
19 76 4
19 98 -1
19 24 7
19 96 9
19 35 2
19 21 4
19 75 8
19 45 4
19 73 0
19 83 7
19 78 -3
19 59 -6
19 77 9
19 81 -4
19 25 -8
19 67 -10
19 61 -8
19 80 1
19 79 0
19 43 9
19 49 -1
20 96 7
20 73 3
20 91 -4
20 57 9
20 84 -2
20 98 7
20 76 1
20 82 -1
20 94 8
20 52 2
20 53 -5
20 70 -8
20 45 2
20 86 -3
20 50 9
20 22 8
20 48 2
20 39 5
20 56 3
20 29 -4
20 25 4
20 49 -9
20 38 7
20 90 -6
20 97 4
20 54 0
20 59 3
20 80 8
20 75 1
20 89 1
20 64 -9
20 35 1
20 66 0
20 81 -1
21 46 5
21 41 -8
21 79 9
21 60 -6
21 42 8
21 95 2
21 53 6
21 44 -8
21 83 7
21 22 -9
21 45 7
21 70 10
21 28 5
21 72 0
21 67 10
21 32 10
21 25 3
21 86 -8
21 30 3
21 66 0
21 89 8
21 100 -4
21 39 -2
21 59 -7
21 31 10
21 56 -3
21 75 9
21 47 5
21 33 5
21 61 -8
21 65 -8
21 24 4
21 52 6
21 78 8
21 63 1
21 64 -3
21 76 -4
21 23 7
22 32 -7
22 74 -7
22 54 0
22 71 -1
22 99 8
22 64 5
22 30 6
22 69 4
22 43 10
22 38 1
22 42 0
22 44 -10
22 88 8
22 59 -2
22 68 7
22 41 2
22 98 9
22 65 3
22 66 -2
22 81 1
22 97 3
22 83 2
22 63 10
22 78 -8
22 93 -5
22 53 -7
22 76 -8
22 52 0
22 48 0
22 85 -8
22 73 -1
22 96 -10
22 39 3
22 26 -6
22 84 0
22 33 3
22 77 6
22 24 6
22 57 5
22 87 -10
22 49 3
22 45 -8
23 96 7
23 73 -2
23 74 4
23 82 -4
23 79 5
23 25 4
23 32 10
23 52 4
23 88 10
23 40 -3
23 91 0
23 92 5
23 97 -7
23 81 -9
23 39 -3
23 58 1
23 44 5
23 80 -10
23 47 0
23 29 0
23 72 4
23 50 3
23 55 6
23 56 -7
23 100 -10
23 53 7
23 85 -2
23 99 6
23 61 -1
23 57 5
23 71 -10
23 64 4
23 48 -8
23 26 -3
23 34 -6
23 87 7
23 43 -5
23 66 9
23 60 8
24 100 4
24 41 4
24 75 2
24 39 -3
24 76 -2
24 72 -8
24 57 -3
24 99 6
24 43 -3
24 83 -10
24 77 -9
24 89 -10
24 36 -9
24 48 -7
24 62 -6
24 60 5
24 44 7
24 51 1
24 81 -2
24 31 0
24 56 -5
24 84 8
24 33 -3
24 35 -2
24 38 -1
24 47 7
24 98 9
24 73 6
24 68 -9
24 93 9
24 42 -4
24 34 -1
24 94 -5
24 65 3
24 37 -6
24 54 -8
24 79 2
24 52 7
24 58 6
24 53 0
24 90 -7
24 91 -5
24 63 8
25 72 -2
25 100 -10
25 81 -2
25 70 -1
25 46 6
25 58 -2
25 85 -3
25 60 -2
25 82 -10
25 74 -8
25 36 2
25 63 -7
25 68 -3
25 98 -6
25 40 6
25 78 -4
25 84 0
25 66 -8
25 88 9
25 55 -10
25 71 6
25 97 10
25 79 4
25 83 1
25 87 0
25 77 1
25 44 -1
25 45 2
25 51 9
25 43 7
25 57 -10
25 69 7
25 65 7
25 73 -7
25 89 -1
25 52 7
26 79 -1
26 66 2
26 37 7
26 48 -9
26 54 9
26 81 -8
26 35 1
26 71 6
26 85 2
26 72 -7
26 67 10
26 89 -3
26 46 -8
26 60 -2
26 27 -4
26 42 -8
26 70 2
26 98 4
26 55 -1
26 29 0
26 33 -6
26 41 5
26 73 -5
26 93 -10
26 39 7
26 69 -6
26 36 -9
26 56 -6
26 97 -3
26 82 2
26 74 -8
26 99 -6
27 78 8
27 91 -3
27 93 -5
27 45 6
27 94 2
27 56 -1
27 38 2
27 81 -2
27 52 2
27 84 2
27 62 1
27 73 9
27 49 7
27 59 4
27 53 -6
27 97 8
27 31 2
27 37 -7
27 85 -1
27 82 9
27 89 8
27 80 -8
27 48 -9
27 79 -7
27 32 -3
27 98 -1
27 51 -9
27 64 7
27 29 1
27 33 0
27 44 1
27 54 0
27 92 -2
27 47 2
27 69 -7
27 87 0
27 36 -5
27 41 -7
27 60 -3
28 58 -7
28 44 -9
28 81 -5
28 31 4
28 67 6
28 50 -5
28 70 -7
28 30 7
28 68 9
28 45 0
28 60 -8
28 85 0
28 61 -8
28 52 5
28 100 -7
28 66 6
28 36 7
28 37 8
28 74 -2
28 59 -4
28 42 3
28 80 -7
28 75 -7
28 55 6
28 54 1
28 47 5
28 43 -6
28 95 9
28 77 1
28 57 0
28 79 -6
28 84 -4
29 54 9
29 77 7
29 73 10
29 36 5
29 72 -5
29 82 8
29 46 -9
29 94 -1
29 56 -7
29 53 0
29 57 10
29 37 2
29 55 -9
29 71 -2
29 91 -1
29 99 3
29 95 -7
29 85 4
29 97 -1
29 81 -4
29 83 -3
29 31 4
29 98 -2
29 64 9
29 35 -10
29 50 -8
29 63 -3
29 62 0
29 39 -10
29 93 -4
29 34 2
29 66 -9
29 96 7
29 75 7
29 48 1
30 94 -6
30 45 -10
30 82 9
30 90 -5
30 80 -9
30 99 0
30 44 -10
30 96 7
30 48 -4
30 72 9
30 46 0
30 37 10
30 49 -5
30 53 -7
30 34 -7
30 58 -1
30 81 -4
30 57 -3
30 35 8
30 97 -5
30 100 8
30 78 4
30 87 -2
30 65 -9
30 33 -10
30 79 7
30 51 -3
30 32 1
30 76 6
30 70 0
30 89 0
31 77 0
31 54 -3
31 82 -5
31 45 4
31 69 9
31 93 -4
31 100 5
31 74 9
31 48 -3
31 81 6
31 99 3
31 50 -4
31 71 2
31 79 1
31 66 -2
31 61 -8
31 42 1
31 75 -3
31 96 9
31 49 -5
31 98 -6
31 64 -3
31 40 6
31 90 10
31 52 -6
31 32 2
31 88 -5
31 80 6
31 43 -6
31 78 7
31 87 -9
31 63 1
31 92 10
31 84 4
31 57 -7
31 46 -6
31 58 -1
31 53 0
31 91 7
31 65 -5
32 41 10
32 33 4
32 35 0
32 68 -1
32 83 10
32 49 2
32 82 -9
32 98 4
32 63 -8
32 89 1
32 74 6
32 55 2
32 51 10
32 93 6
32 50 -9
32 71 -2
32 88 -1
32 78 -3
32 53 -1
32 56 8
32 96 9
32 52 6
32 65 4
32 80 -5
32 72 -2
32 86 -3
32 36 8
32 37 -3
32 34 6
32 59 2
32 99 -4
32 77 -3
32 39 -2
32 45 5
32 97 -2
32 84 8
32 73 -5
33 84 7
33 56 7
33 95 1
33 86 8
33 98 3
33 42 0
33 60 2
33 50 7
33 62 10
33 94 -3
33 75 -8
33 77 0
33 99 -2
33 47 1
33 70 -5
33 65 8
33 48 9
33 96 9
33 82 -4
33 53 -9
33 78 -4
33 72 8
33 97 -1
33 58 -6
33 38 -9
33 100 -7
33 41 6
33 88 5
33 63 3
33 69 -2
33 67 3
34 59 -10
34 91 -8
34 97 -6
34 35 8
34 94 -6
34 50 6
34 61 6
34 82 -6
34 98 -8
34 75 -8
34 95 -7
34 58 0
34 36 -5
34 79 1
34 66 0
34 42 4
34 93 -1
34 90 1
34 78 -1
34 57 2
34 74 -4
34 37 8
34 53 -8
34 55 3
34 96 -9
34 86 -8
34 70 -9
34 54 10
35 79 0
35 42 8
35 91 -8
35 54 1
35 50 4
35 57 2
35 97 -8
35 63 9
35 52 -8
35 40 -3
35 69 8
35 95 -8
35 61 -5
35 46 6
35 80 9
35 72 7
35 98 -1
35 75 3
35 51 6
35 78 3
35 38 8
35 85 7
35 88 0
35 48 -10
35 70 -5
35 64 3
35 53 0
35 90 -4
35 39 -4
35 87 6
36 84 -8
36 73 2
36 41 -2
36 57 -6
36 71 -2
36 60 5
36 63 -3
36 81 -4
36 68 4
36 95 4
36 82 -4
36 75 0
36 53 4
36 56 -4
36 87 -10
36 91 -10
36 79 -10
36 72 -2
36 69 5
36 55 -10
36 44 -1
36 98 7
36 78 5
36 86 -5
36 89 -7
36 39 -8
36 94 -3
36 83 -3
36 90 -4
36 93 0
36 74 8
36 52 10
36 48 7
37 41 4
37 89 -5
37 94 -10
37 51 -8
37 83 -7
37 76 3
37 87 1
37 57 4
37 54 -10
37 86 -7
37 48 -6
37 42 -4
37 74 -3
37 73 -2
37 56 9
37 49 7
37 53 0
37 77 1
37 88 8
37 79 -3
37 78 -4
37 64 5
37 69 -7
37 98 -6
37 58 1
37 55 -8
37 75 10
37 60 9
37 47 10
37 93 -3
37 92 -9
37 80 -6
37 66 9
37 67 -5
37 68 -4
38 49 -2
38 85 4
38 65 -7
38 88 -10
38 54 4
38 44 -7
38 41 0
38 86 -1
38 43 0
38 82 -3
38 83 -5
38 52 5
38 45 -3
38 62 7
38 74 7
38 68 4
38 48 9
38 59 -2
38 90 10
38 98 5
38 99 0
38 63 0
38 56 -3
38 95 -2
38 53 9
38 89 -3
38 80 8
38 39 -10
38 40 5
38 97 4
38 46 3
39 99 -10
39 56 -3
39 62 0
39 84 -10
39 76 1
39 60 6
39 67 3
39 78 1
39 54 3
39 55 2
39 97 2
39 79 -8
39 92 -6
39 52 -6
39 64 8
39 93 4
39 75 -3
39 74 -8
39 53 8
39 63 -6
39 81 -6
39 61 0
39 77 9
39 57 7
39 96 1
39 88 4
39 51 -3
40 88 -6
40 80 6
40 73 3
40 90 -7
40 84 7
40 85 9
40 87 -8
40 58 -7
40 83 8
40 77 7
40 64 4
40 48 7
40 61 3
40 57 2
40 95 10
40 43 0
40 62 10
40 52 -8
40 54 -1
40 71 -3
40 56 0
40 100 10
40 55 -10
40 51 9
40 92 7
40 69 9
40 50 1
40 97 -3
41 72 3
41 57 4
41 71 -3
41 63 -8
41 87 10
41 92 3
41 48 -5
41 79 -8
41 54 -7
41 82 -3
41 77 -1
41 99 0
41 83 8
41 65 0
41 80 -9
41 69 -8
41 86 -10
41 78 -3
41 59 -8
41 51 -4
42 86 -8
42 55 -2
42 63 -9
42 87 4
42 71 2
42 91 1
42 45 3
42 89 2
42 61 -3
42 52 -10
42 59 3
42 85 5
42 82 9
42 76 -8
42 50 -5
42 88 4
42 60 5
42 73 2
42 64 1
42 100 -4
42 94 -3
42 92 6
42 97 8
42 54 9
42 74 -6
42 78 -8
42 53 8
42 95 -5
42 43 10
42 67 -5
42 96 7
43 52 5
43 69 -1
43 94 5
43 98 1
43 49 -6
43 51 -10
43 67 -10
43 56 -10
43 87 -6
43 95 -8
43 47 -8
43 72 -4
43 44 -3
43 93 -3
43 75 -4
43 77 5
43 78 -7
43 84 9
43 76 -3
43 90 0
43 100 9
43 48 7
43 66 -4
43 82 7
43 65 -5
43 46 -6
43 80 -2
43 73 -1
43 64 -9
43 89 0
43 53 -6
43 57 10
43 96 -4
43 92 -3
43 83 6
43 70 -8
44 52 -1
44 89 5
44 98 5
44 81 9
44 60 3
44 48 -8
44 79 10
44 58 8
44 53 -8
44 86 3
44 50 9
44 56 0
44 91 8
44 78 -4
44 80 4
44 99 -5
44 74 3
44 75 -7
44 83 1
44 72 3
44 51 -7
44 94 6
44 88 10
44 68 3
44 69 0
44 47 -2
44 45 1
44 67 8
44 76 -6
45 100 0
45 72 4
45 54 1
45 96 -5
45 90 -7
45 62 -9
45 64 -1
45 89 -1
45 83 9
45 95 -4
45 52 -3
45 76 3
45 86 3
45 49 -7
45 88 5
45 68 10
45 59 -7
45 56 -6
45 84 -7
45 94 1
45 55 0
45 67 0
45 57 -1
45 87 10
45 66 -3
45 93 1
45 78 -3
45 48 1
45 99 -9
45 60 -1
46 66 6
46 62 -4
46 91 -2
46 73 6
46 75 4
46 50 -6
46 69 6
46 92 6
46 65 3
46 82 -3
46 86 -3
46 72 -3
46 95 9
46 56 10
46 61 5
46 63 0
46 94 10
46 78 -2
46 87 1
46 97 4
46 64 -8
46 89 -4
46 84 4
46 98 2
46 54 8
46 71 7
46 81 2
46 59 -8
46 67 1
46 96 1
46 48 -5
47 88 7
47 60 -3
47 74 -9
47 76 -1
47 81 8
47 50 7
47 69 4
47 70 -1
47 87 -5
47 49 -4
47 90 0
47 66 -6
47 100 8
47 82 -8
47 91 9
47 55 5
47 85 -3
47 79 5
47 51 9
47 56 -10
47 97 6
47 75 5
47 58 8
47 63 -6
47 89 8
47 72 7
47 64 -3
47 99 -10
48 49 2
48 88 7
48 82 10
48 73 5
48 64 2
48 66 4
48 50 4
48 54 -10
48 99 -2
48 71 -1
48 86 2
48 83 8
48 58 -8
48 61 -3
48 53 -1
48 90 3
48 75 4
48 69 7
48 93 -6
48 60 -5
48 92 -10
49 78 2
49 96 -7
49 72 8
49 92 -8
49 50 0
49 77 7
49 75 -9
49 91 -9
49 90 4
49 88 4
49 79 4
49 86 3
49 57 -1
49 59 9
49 62 -10
49 60 -9
49 55 0
49 97 10
49 80 -4
49 73 -1
49 98 6
49 95 -8
49 68 1
49 53 10
49 74 6
50 55 -5
50 67 -6
50 64 7
50 57 -2
50 84 -2
50 88 4
50 79 -5
50 75 -6
50 97 -10
50 82 -6
50 54 -4
50 62 -3
50 100 1
50 60 -3
50 74 -3
50 92 -10
50 80 -5
50 70 2
50 90 6
50 52 -5
50 66 3
50 59 7
50 81 8
50 96 -5
50 95 6
50 78 2
50 61 9
50 94 2
50 83 9
51 93 -4
51 75 4
51 61 -7
51 59 -8
51 57 0
51 52 3
51 98 5
51 53 -6
51 67 -3
51 81 -1
51 84 4
51 70 -5
51 71 4
51 95 1
51 79 -10
51 62 8
51 64 -9
51 76 -5
51 74 -2
51 73 -1
51 100 -8
51 69 1
52 98 -2
52 61 6
52 86 2
52 100 0
52 53 6
52 56 -9
52 65 4
52 68 9
52 84 -10
52 79 -5
52 92 -3
52 58 -4
52 74 -8
52 91 1
52 66 -9
52 64 -10
52 75 -10
52 67 -5
52 93 -8
52 81 -3
52 76 4
52 88 10
52 89 -1
52 70 -3
52 77 5
52 80 8
52 55 -2
53 97 -2
53 96 0
53 68 -5
53 80 -5
53 89 0
53 88 -2
53 76 -1
53 93 -10
53 66 -10
53 58 -10
53 82 4
53 78 -5
53 81 -3
53 83 3
53 71 -8
53 79 -5
53 74 6
53 55 7
53 77 10
53 94 10
53 64 0
53 72 0
53 57 9
53 95 6
53 90 10
53 85 -9
53 98 -6
54 94 -4
54 96 -1
54 98 10
54 56 -1
54 64 0
54 92 3
54 82 9
54 67 10
54 76 7
54 68 -2
54 69 0
54 95 7
54 71 -9
54 87 -7
54 89 -1
54 57 5
54 63 2
54 84 3
54 91 -2
54 100 -7
54 55 2
55 90 1
55 69 -2
55 58 9
55 96 -3
55 92 10
55 97 7
55 75 -5
55 71 -10
55 89 -7
55 80 -5
55 78 5
55 68 -6
55 91 5
55 94 8
55 77 3
55 57 -5
55 60 10
55 84 -8
55 85 -1
55 82 -1
55 61 -2
56 95 8
56 100 -9
56 78 6
56 73 1
56 71 10
56 84 1
56 60 8
56 87 -5
56 94 6
56 63 7
56 97 -5
56 69 5
56 90 -5
56 67 -1
56 96 10
56 61 -9
56 68 10
56 93 -1
56 91 3
57 60 8
57 84 -1
57 93 -7
57 81 3
57 73 10
57 64 4
57 61 1
57 96 -8
57 76 -4
57 92 -8
57 75 -1
57 66 3
57 87 -5
57 97 -5
57 85 10
57 80 5
57 82 -1
57 65 10
57 62 8
57 74 2
57 78 -10
58 92 2
58 65 -7
58 71 -8
58 75 -9
58 91 1
58 97 6
58 74 6
58 96 1
58 69 -7
58 68 3
58 72 -7
58 81 -5
58 89 3
58 76 -7
58 84 -10
58 90 -7
58 82 -10
58 94 5
58 63 -9
58 73 -1
58 67 5
58 85 -2
58 88 2
59 98 -8
59 71 0
59 73 -9
59 82 -7
59 63 9
59 89 -1
59 94 5
59 87 9
59 72 -6
59 86 3
59 83 -7
59 77 -9
59 99 -3
59 79 -3
59 95 -10
59 75 -2
59 61 10
59 76 -1
59 78 7
59 100 0
59 92 1
59 60 9
60 90 2
60 62 6
60 80 4
60 76 -3
60 72 -4
60 66 2
60 100 -1
60 78 -10
60 96 -3
60 74 -5
60 64 6
60 94 9
60 65 0
60 85 7
60 82 -6
60 86 7
60 71 5
60 88 4
60 81 5
60 98 -8
60 95 -4
60 67 7
61 63 2
61 64 1
61 91 -7
61 73 2
61 94 2
61 84 3
61 99 -7
61 93 -7
61 87 -3
61 76 4
61 98 -1
61 70 2
61 78 -9
61 83 7
61 88 9
61 72 -8
61 95 7
61 68 10
61 100 6
61 77 -10
61 82 6
61 71 7
61 97 -9
62 66 2
62 64 -5
62 81 -6
62 65 -10
62 77 6
62 63 0
62 76 2
62 86 -10
62 74 -4
62 72 -2
62 84 7
62 68 -5
62 98 3
62 79 1
63 85 -5
63 70 -5
63 96 7
63 83 5
63 84 8
63 87 -7
63 99 -4
63 91 8
63 67 -1
63 68 -10
63 74 8
63 94 -8
63 76 7
63 89 0
63 97 -6
63 71 10
63 92 -5
63 81 2
63 65 -3
64 93 3
64 77 6
64 70 3
64 96 -7
64 92 9
64 88 -7
64 67 10
64 89 2
64 65 5
64 97 -9
64 79 3
64 95 8
64 83 5
64 87 7
64 90 3
64 74 6
64 99 1
64 98 -6
65 97 6
65 89 5
65 78 -4
65 79 -7
65 82 1
65 88 -8
65 94 -7
65 91 1
65 68 -5
65 81 -3
65 72 -2
65 85 -10
66 91 -4
66 78 8
66 84 10
66 83 -2
66 82 10
66 97 -4
66 92 -6
66 94 -8
66 99 0
66 86 -9
66 81 -1
66 73 4
66 100 -5
66 89 -7
66 96 1
66 68 -10
67 78 -7
67 69 -5
67 95 -9
67 81 2
67 91 1
67 100 -5
67 76 -4
67 82 -8
67 89 -8
67 94 1
67 85 8
67 83 8
67 97 4
67 87 -3
67 68 7
67 88 6
67 72 -8
67 75 -6
68 78 -2
68 90 -8
68 92 3
68 94 6
68 98 4
68 77 5
68 97 -3
68 72 -7
68 93 -5
68 99 -4
68 70 -4
68 76 2
68 100 6
69 89 -7
69 91 -2
69 78 -4
69 98 5
69 94 -1
69 70 -2
69 77 -3
69 80 -1
69 93 -4
69 96 0
69 83 1
69 100 6
69 81 3
69 82 -3
69 95 -9
69 99 -5
69 87 -10
70 81 -1
70 82 0
70 80 -9
70 90 0
70 84 -1
70 94 7
70 72 -2
70 89 -2
70 78 5
70 79 10
70 91 7
70 96 9
70 97 10
70 73 -7
70 88 4
70 86 -8
71 76 0
71 89 -1
71 72 3
71 88 -1
71 82 10
71 92 -10
71 96 -6
71 94 9
71 98 -2
71 95 9
71 100 1
71 93 -10
71 78 1
71 85 -8
72 79 7
72 76 -8
72 74 -9
72 89 -4
72 92 -1
72 98 3
72 80 -1
72 81 -8
72 73 -10
72 85 7
72 99 2
72 95 -6
72 84 7
72 86 -10
72 90 10
72 87 9
72 100 2
72 93 -4
73 81 7
73 100 0
73 99 4
73 78 3
73 77 -5
73 98 2
73 87 9
73 82 -5
73 80 -8
73 94 10
73 85 10
73 76 6
73 74 -7
73 84 6
74 98 -7
74 82 4
74 91 5
74 90 1
74 94 3
74 96 0
74 85 -2
74 93 1
74 75 5
74 87 -4
74 95 7
74 77 -4
74 100 -9
74 83 5
75 80 5
75 92 3
75 88 -3
75 83 -4
75 79 9
75 97 9
75 100 -7
75 93 -6
75 81 7
75 90 7
75 76 -5
75 86 8
76 98 8
76 87 -2
76 80 -2
76 94 -2
76 84 -7
76 83 -9
76 79 -6
76 90 -5
76 78 -10
76 89 7
76 81 -9
76 88 4
76 99 -2
76 97 4
77 80 2
77 88 -6
77 96 -10
77 83 3
77 95 8
77 79 -3
77 93 -2
77 90 -8
77 87 8
77 82 -4
77 92 1
78 81 -9
78 84 -5
78 91 -9
78 86 10
78 87 -9
78 80 3
78 79 -1
79 85 -6
79 95 -8
79 88 -9
79 97 -2
79 89 3
79 91 -10
79 92 5
79 96 3
79 84 2
79 98 -9
80 84 8
80 89 9
80 91 8
80 93 -3
80 87 5
80 98 6
80 99 0
80 82 0
80 97 2
80 85 10
80 88 -7
81 82 4
81 83 0
81 88 -3
81 97 2
81 100 -3
81 85 -7
81 91 -10
81 90 -3
81 93 -3
81 95 4
81 92 -6
81 99 -8
81 87 -2
81 96 1
82 88 7
82 93 8
82 96 -8
82 94 2
82 92 -5
82 95 1
82 83 6
83 90 5
83 85 8
83 89 6
83 86 4
83 92 -2
83 97 3
84 91 9
84 85 -7
84 89 -3
84 86 -5
84 96 7
84 92 8
84 98 2
84 88 7
85 87 5
85 94 4
85 92 -5
85 89 2
85 98 9
85 99 2
85 97 5
85 93 8
85 95 -8
85 86 -6
85 90 -1
86 90 2
86 98 -7
86 97 6
86 94 -4
86 92 6
86 95 0
86 88 4
86 93 10
87 100 5
87 98 5
87 97 8
87 95 -6
87 92 -9
87 89 6
87 96 6
88 95 9
88 92 -8
88 96 8
88 90 -3
88 97 8
88 91 7
89 94 6
89 98 -4
89 95 2
89 100 -4
89 93 -6
89 99 -9
90 98 0
90 93 7
90 94 -8
90 99 9
90 97 -8
91 97 1
91 94 10
91 93 5
91 92 -5
92 94 1
92 99 4
92 100 -2
93 97 -8
93 100 -5
93 95 0
93 94 -3
94 99 -3
94 100 -2
94 98 3
94 96 -5
95 97 -3
95 100 2
96 99 -10
96 98 1
97 98 6
98 100 7
98 99 6
99 100 -6
