100 2475 
1 88 4
1 98 -5
1 44 7
1 9 -5
1 68 -4
1 17 -5
1 53 -8
1 13 -2
1 63 -2
1 19 3
1 10 7
1 12 5
1 7 -10
1 49 -5
1 84 -7
1 21 1
1 65 -9
1 43 3
1 15 -7
1 28 10
1 94 2
1 29 4
1 59 -3
1 87 -1
1 48 6
1 41 -3
1 4 -7
1 60 7
1 47 -2
1 38 2
1 14 8
1 56 10
1 82 6
1 58 -2
1 31 -8
1 95 4
1 76 -4
1 45 0
1 34 -8
1 91 4
1 93 8
1 22 1
1 70 6
1 67 8
1 40 4
1 79 -1
1 89 10
2 89 2
2 93 -9
2 42 10
2 71 9
2 14 2
2 70 1
2 96 7
2 38 -2
2 5 -1
2 83 7
2 11 3
2 78 1
2 48 6
2 22 -7
2 90 -1
2 84 -8
2 32 8
2 98 -9
2 75 10
2 92 -3
2 69 10
2 17 6
2 95 -1
2 79 -5
2 52 5
2 44 7
2 87 -6
2 25 -8
2 81 -7
2 16 0
2 40 7
2 19 9
2 26 -3
2 7 1
2 6 -6
2 13 7
2 23 1
2 56 -8
2 30 4
2 73 -4
2 64 1
2 85 4
2 77 8
2 59 0
2 9 -9
2 68 0
2 80 7
3 28 -2
3 5 -3
3 45 7
3 57 -9
3 13 10
3 25 1
3 78 -4
3 87 1
3 73 1
3 6 -1
3 70 7
3 20 10
3 79 -8
3 85 10
3 16 0
3 99 -4
3 31 5
3 18 -10
3 92 0
3 32 4
3 34 7
3 94 5
3 93 -7
3 24 -5
3 38 -7
3 55 -10
3 14 1
3 81 3
3 58 10
3 64 5
3 9 5
3 12 5
3 95 -3
3 74 10
3 62 0
3 68 -8
3 48 -2
3 21 3
3 30 -1
3 86 -8
3 84 5
3 82 7
3 56 -5
3 71 8
3 8 -9
3 59 -1
3 53 -2
3 10 8
3 61 7
3 15 -9
3 49 -1
3 11 5
3 89 -10
4 80 -9
4 50 5
4 47 1
4 61 -2
4 36 10
4 88 7
4 42 -8
4 25 6
4 8 8
4 49 -2
4 30 7
4 37 3
4 27 5
4 62 10
4 95 10
4 12 2
4 32 6
4 35 6
4 66 4
4 45 1
4 39 -8
4 44 2
4 57 5
4 98 1
4 87 -9
4 28 -8
4 71 -5
4 58 -1
4 70 6
4 46 5
4 11 6
4 68 5
4 18 -5
4 41 -3
4 93 10
4 60 3
4 64 -4
4 67 10
4 90 -3
4 79 0
4 54 6
4 92 3
4 52 -9
4 97 2
4 83 -2
4 17 -6
5 13 -8
5 54 -6
5 68 -8
5 90 -5
5 76 9
5 75 2
5 69 6
5 91 -10
5 52 -4
5 93 -10
5 37 2
5 61 -2
5 87 0
5 88 -1
5 74 -6
5 63 -7
5 26 -9
5 97 -7
5 89 4
5 58 2
5 57 4
5 17 -3
5 34 10
5 10 4
5 45 10
5 14 -3
5 41 4
5 9 8
5 33 -8
5 19 5
5 39 3
5 11 -8
5 95 9
5 47 5
5 55 3
5 62 8
5 20 10
5 31 0
5 60 1
5 50 -10
5 7 6
5 12 6
5 80 -6
5 30 -10
5 65 10
5 56 9
5 71 2
6 76 -8
6 82 2
6 41 -1
6 37 -8
6 16 9
6 48 -1
6 42 0
6 12 10
6 92 5
6 52 5
6 28 -1
6 30 2
6 54 0
6 74 2
6 67 -4
6 95 -4
6 73 6
6 22 -9
6 55 0
6 77 -5
6 93 -9
6 80 6
6 72 0
6 47 0
6 56 -3
6 63 -10
6 26 -1
6 79 3
6 34 -7
6 61 -7
6 31 -10
6 32 -3
6 69 0
6 57 2
6 68 -4
6 89 -7
6 27 9
6 20 4
6 90 -10
6 23 -2
6 39 -3
6 35 -9
6 97 7
6 86 0
7 77 -8
7 9 7
7 31 -3
7 11 -9
7 83 -1
7 30 7
7 96 7
7 29 -10
7 32 4
7 21 8
7 74 -8
7 64 1
7 69 -5
7 24 -4
7 25 0
7 56 5
7 12 -6
7 45 -9
7 20 3
7 54 7
7 51 4
7 52 6
7 73 7
7 37 0
7 63 10
7 17 6
7 90 -4
7 100 10
7 68 -3
7 38 10
7 23 0
7 59 -8
7 92 -4
7 65 -9
7 70 2
7 80 4
7 86 -3
7 10 -5
7 42 3
7 49 -4
7 61 -5
7 28 -1
7 22 -3
7 33 -10
7 55 -7
7 16 -1
7 89 -7
8 47 -8
8 71 10
8 86 -4
8 33 -3
8 9 3
8 57 2
8 30 -5
8 81 9
8 58 7
8 18 -7
8 90 -1
8 29 1
8 98 -7
8 48 4
8 64 7
8 25 -10
8 49 -4
8 32 -5
8 50 4
8 17 -2
8 35 7
8 74 8
8 94 8
8 51 -8
8 63 7
8 84 5
8 95 7
8 52 -9
8 24 7
8 53 2
8 83 4
8 93 2
8 22 -4
8 40 6
8 88 9
8 36 3
8 75 -2
8 59 -7
8 77 -10
8 97 -10
8 99 0
8 56 5
8 87 1
8 21 -5
8 45 1
8 65 1
8 11 5
9 89 3
9 74 0
9 59 -1
9 43 9
9 31 6
9 14 8
9 65 -2
9 97 2
9 35 1
9 66 -10
9 64 -10
9 17 -3
9 100 -10
9 46 1
9 68 7
9 63 -3
9 52 0
9 53 4
9 15 8
9 93 -1
9 77 -5
9 42 6
9 44 3
9 49 7
9 56 10
9 98 8
9 47 2
9 80 -4
9 70 10
9 11 -7
9 22 -7
9 96 4
9 79 2
9 87 -9
9 39 -4
9 67 -8
9 85 5
9 51 -7
9 28 1
9 54 2
9 48 -1
9 12 0
9 50 4
9 21 -8
9 20 9
9 72 -10
9 32 -6
9 75 -6
9 91 -3
9 55 -2
9 23 -8
9 36 -8
9 94 8
10 14 5
10 86 5
10 21 -1
10 96 -5
10 24 6
10 57 3
10 79 -9
10 45 -8
10 85 -5
10 28 -4
10 41 -3
10 65 -5
10 87 -7
10 12 -3
10 69 -3
10 67 6
10 61 6
10 90 -2
10 32 -9
10 38 -6
10 68 -1
10 75 -3
10 13 8
10 49 2
10 52 6
10 15 -8
10 97 -4
10 22 -3
10 95 -10
10 39 -1
10 37 8
10 42 -9
10 34 -7
10 76 -4
10 30 -6
10 19 8
10 40 10
10 29 -10
10 48 4
10 80 6
10 91 -9
10 59 -9
11 12 -1
11 69 0
11 34 -1
11 96 -6
11 63 0
11 72 -4
11 37 8
11 16 7
11 15 4
11 64 3
11 67 4
11 80 10
11 98 -6
11 55 -6
11 75 -10
11 88 0
11 23 0
11 18 -6
11 82 -1
11 92 -8
11 70 -9
11 85 -10
11 59 -4
11 42 -4
11 56 4
11 36 -6
11 27 4
11 97 4
11 32 -5
11 66 -8
11 89 4
11 91 8
11 54 8
11 87 -3
11 46 0
11 29 -7
11 52 -9
11 84 -4
11 60 -3
11 47 9
11 49 -5
11 99 2
12 19 -3
12 61 -7
12 24 5
12 93 -5
12 53 -8
12 70 -7
12 62 2
12 91 10
12 33 6
12 67 4
12 36 3
12 58 6
12 49 7
12 81 -4
12 79 -1
12 15 -6
12 52 10
12 22 7
12 84 1
12 48 2
12 68 6
12 39 0
12 94 -6
12 69 -1
12 44 -8
12 47 5
12 63 -1
12 34 -10
12 64 -6
12 78 -7
12 65 -4
12 82 -10
12 21 -3
12 98 -8
12 88 -1
12 86 2
12 38 -9
12 60 7
12 73 -10
12 37 -8
12 89 -2
12 43 5
13 22 3
13 89 -7
13 54 -5
13 57 5
13 21 7
13 61 -6
13 86 2
13 90 5
13 25 -4
13 91 -1
13 15 -6
13 50 0
13 44 3
13 72 -2
13 77 2
13 96 2
13 66 4
13 67 5
13 85 -5
13 33 8
13 79 -4
13 55 2
13 71 -4
13 48 3
13 30 2
13 32 1
13 14 5
13 73 -5
13 41 1
13 75 -4
13 58 2
13 56 -1
13 47 -10
13 27 -10
13 19 5
13 35 8
13 46 -9
13 62 -9
13 28 4
13 29 -7
13 17 4
13 95 -2
13 65 9
13 82 5
13 36 6
13 34 -6
13 87 -2
13 92 -10
13 97 -9
14 80 -3
14 91 -7
14 42 -6
14 60 -5
14 85 -10
14 16 1
14 94 3
14 79 6
14 73 -3
14 48 0
14 33 -2
14 58 -2
14 74 5
14 21 7
14 81 1
14 78 4
14 71 -6
14 90 1
14 92 6
14 26 9
14 49 3
14 44 5
14 84 -1
14 93 3
14 75 7
14 51 4
14 43 9
14 31 10
14 70 0
14 52 -6
14 96 -10
14 65 0
14 20 9
14 88 -5
14 22 1
14 29 9
14 24 10
14 27 9
14 97 8
15 96 8
15 86 -8
15 53 -9
15 37 8
15 89 0
15 55 -9
15 39 8
15 34 -5
15 62 -6
15 74 1
15 65 -6
15 80 0
15 85 5
15 33 9
15 28 -7
15 76 1
15 50 5
15 31 -10
15 93 8
15 58 -2
15 79 7
15 97 -3
15 59 4
15 94 3
15 21 4
15 29 -1
15 24 -8
15 66 0
15 30 -6
15 49 1
15 52 -3
15 72 -5
15 68 4
15 40 8
15 82 -6
15 42 -9
15 78 -2
15 47 -2
15 98 8
15 17 1
15 84 5
15 25 -5
15 83 -3
15 45 8
15 73 -4
15 43 -4
15 92 -9
15 67 -7
15 35 6
16 25 -7
16 24 -4
16 82 9
16 97 1
16 18 -2
16 56 -6
16 99 1
16 76 3
16 30 4
16 96 2
16 37 8
16 79 -5
16 68 -1
16 70 4
16 80 -8
16 41 -8
16 90 1
16 40 2
16 63 -8
16 94 -6
16 100 5
16 49 1
16 36 -5
16 26 -10
16 42 -9
16 53 -5
16 31 -1
16 61 -4
16 35 -7
16 39 -8
16 60 9
16 98 -7
16 48 -6
16 66 -4
16 86 -8
16 47 7
16 28 4
16 21 -2
16 57 -2
16 55 -4
16 43 -8
16 27 0
16 77 4
16 17 -6
16 45 1
16 44 -8
16 54 2
16 95 -10
16 52 7
17 52 -5
17 59 -2
17 51 -7
17 75 1
17 86 1
17 39 8
17 40 -4
17 74 -10
17 67 -6
17 48 -6
17 69 7
17 73 4
17 44 8
17 18 -4
17 41 2
17 93 -6
17 54 4
17 94 7
17 81 -6
17 57 -1
17 20 1
17 89 -5
17 21 -3
17 47 1
17 92 5
17 87 9
17 42 -3
17 61 2
17 80 3
17 95 -3
17 77 -2
17 29 -7
17 85 6
17 97 8
17 28 -7
17 99 7
17 71 -7
17 33 -10
17 27 -1
17 25 1
17 58 -8
17 43 -7
17 24 -6
17 84 -1
17 91 -3
17 19 9
18 51 -4
18 67 7
18 53 4
18 83 6
18 46 0
18 34 10
18 25 3
18 64 6
18 21 6
18 61 -8
18 47 6
18 38 -1
18 79 -8
18 56 -2
18 68 8
18 80 -5
18 49 8
18 62 8
18 69 -10
18 85 4
18 54 2
18 97 -9
18 92 -7
18 86 0
18 40 9
18 77 4
18 65 -8
18 43 1
18 32 -9
18 23 -7
18 70 10
18 71 -5
18 29 -7
18 37 -7
18 24 5
18 22 2
18 20 1
18 99 -5
18 74 1
18 42 10
18 81 1
18 63 -7
18 89 8
19 97 3
19 99 -9
19 91 3
19 60 -9
19 51 5
19 88 -1
19 85 10
19 55 3
19 70 -3
19 58 3
19 50 -8
19 20 6
19 30 9
19 72 -5
19 21 5
19 26 -3
19 78 8
19 94 -7
19 53 0
19 41 7
19 34 1
19 84 3
19 31 5
19 68 -8
19 35 1
19 39 6
19 64 1
19 59 10
19 76 5
19 46 -6
19 25 -7
19 96 3
19 28 8
19 47 9
19 49 -5
19 95 -7
19 37 -2
19 100 4
19 86 10
20 94 -1
20 95 5
20 41 9
20 84 -7
20 85 -9
20 78 -3
20 86 2
20 44 -9
20 28 9
20 87 -6
20 81 -5
20 52 8
20 73 3
20 77 6
20 23 -5
20 46 -3
20 64 1
20 71 3
20 49 5
20 42 -7
20 54 -1
20 96 -2
20 24 4
20 59 3
20 22 3
20 60 -3
20 83 -10
20 34 -3
20 38 10
20 91 3
20 80 -2
20 39 -3
20 74 6
20 100 -3
20 68 -8
20 35 6
20 57 -1
20 93 6
20 82 9
21 37 1
21 96 -8
21 54 1
21 90 -10
21 23 -10
21 98 -4
21 44 -7
21 50 -2
21 45 -10
21 86 7
21 82 -4
21 24 -6
21 64 1
21 89 -9
21 71 5
21 32 -1
21 53 -8
21 40 -8
21 99 7
21 28 0
21 35 -7
21 34 -8
21 62 8
21 39 7
21 36 -10
21 22 4
21 69 -2
21 78 -4
21 100 6
21 61 2
21 92 7
21 51 5
21 52 3
21 74 -5
21 66 0
21 94 4
21 93 9
21 26 0
22 95 3
22 99 -7
22 23 -1
22 70 4
22 66 10
22 83 -5
22 64 -4
22 35 0
22 91 2
22 73 8
22 80 9
22 46 1
22 28 10
22 94 2
22 67 8
22 48 -4
22 51 -1
22 54 5
22 75 -10
22 49 -2
22 58 -5
22 32 0
22 39 1
22 81 -10
22 27 -9
22 69 2
22 90 -4
22 63 4
22 93 -7
22 40 -8
22 47 6
22 84 -7
22 85 7
22 77 0
22 87 8
22 55 9
22 42 -7
22 53 -6
23 96 2
23 48 2
23 54 2
23 58 -4
23 89 -6
23 59 -3
23 63 3
23 93 -10
23 53 -2
23 76 -10
23 41 -10
23 24 -2
23 79 -5
23 30 3
23 78 10
23 100 8
23 99 -4
23 60 -6
23 40 -6
23 82 0
23 88 2
23 42 0
23 32 -9
23 73 -10
23 57 10
23 37 7
23 43 7
23 49 7
23 52 2
23 74 -9
23 85 6
23 47 6
24 54 -6
24 71 7
24 65 5
24 33 -3
24 89 -8
24 86 10
24 97 7
24 85 -9
24 36 -4
24 26 -1
24 70 10
24 41 -9
24 51 -6
24 66 0
24 52 -4
24 25 -4
24 30 3
24 47 6
24 60 -9
24 80 -6
24 27 -9
24 62 -10
24 94 9
24 38 -8
24 77 -8
24 29 5
24 96 -6
24 91 -6
24 34 -3
24 93 8
24 78 0
24 44 -2
25 57 -6
25 43 4
25 99 -5
25 93 2
25 74 -6
25 33 -7
25 69 -6
25 61 -10
25 36 8
25 90 5
25 58 4
25 50 9
25 59 8
25 78 5
25 73 -10
25 77 1
25 80 -5
25 66 -5
25 91 -8
25 89 -10
25 28 -8
25 81 8
25 68 3
25 94 -10
25 75 9
25 41 -1
25 87 -7
25 55 6
25 83 -1
25 100 7
25 72 6
25 96 -4
25 65 -1
25 63 2
25 64 7
25 32 4
26 42 3
26 77 -1
26 99 -8
26 64 -1
26 94 2
26 89 4
26 32 5
26 96 2
26 90 10
26 43 -10
26 76 -5
26 52 -4
26 86 9
26 65 -10
26 31 -10
26 40 2
26 59 -8
26 57 4
26 71 1
26 92 -9
26 35 -1
26 50 -4
26 82 -7
26 63 5
26 93 5
26 60 7
26 95 9
26 48 -10
26 61 -2
26 29 -3
26 54 -1
26 56 -4
26 58 0
26 80 9
26 34 8
26 84 -2
27 73 -5
27 88 -4
27 80 -4
27 39 8
27 49 8
27 54 9
27 85 10
27 60 -7
27 92 -5
27 34 10
27 38 -1
27 41 2
27 40 -1
27 30 -2
27 28 -6
27 87 8
27 29 -3
27 69 -3
27 83 2
27 64 2
27 31 -5
27 45 -8
27 51 4
27 37 10
27 42 -10
27 61 9
27 75 7
27 74 -3
27 44 -10
27 43 7
27 100 -9
27 35 6
27 56 -6
27 71 -7
27 82 0
27 53 1
27 33 5
28 57 -5
28 40 -1
28 42 -8
28 35 -3
28 60 -6
28 84 -5
28 67 8
28 89 10
28 63 6
28 37 2
28 34 -3
28 76 -7
28 75 2
28 43 -1
28 70 -7
28 93 3
28 32 -6
28 51 5
28 68 2
28 50 7
28 44 8
28 85 -8
28 74 4
28 46 10
28 66 -4
28 99 3
28 45 -3
28 56 -9
28 71 10
28 36 2
28 48 8
28 79 10
28 91 -7
28 52 1
29 77 -7
29 79 -4
29 93 8
29 99 10
29 86 -1
29 74 -4
29 61 6
29 75 4
29 84 6
29 56 2
29 94 1
29 54 8
29 32 -6
29 89 10
29 63 6
29 35 3
29 36 0
29 46 0
29 67 -6
29 37 1
29 55 1
29 49 -8
29 47 8
29 68 10
29 59 -1
29 45 5
29 64 -6
29 100 5
29 53 -5
29 85 -9
29 43 -7
30 45 1
30 75 10
30 61 8
30 71 -1
30 50 2
30 68 -6
30 76 -8
30 78 -2
30 35 10
30 46 7
30 90 6
30 65 -2
30 92 -8
30 66 -6
30 67 -5
30 42 2
30 97 -5
30 43 -10
30 63 0
30 58 -9
30 32 -5
30 52 5
30 83 7
30 48 -1
30 49 7
30 47 -6
30 51 5
30 89 -8
30 62 2
30 59 1
30 77 -6
30 54 -1
30 99 3
31 68 -10
31 79 -8
31 45 7
31 95 4
31 58 6
31 41 -9
31 62 -9
31 54 7
31 39 0
31 71 -7
31 98 9
31 49 -8
31 91 3
31 50 -2
31 73 -6
31 88 9
31 97 -1
31 83 2
31 84 -8
31 40 3
31 85 -8
31 77 4
31 86 -9
31 65 0
31 42 -3
31 89 -9
31 92 -3
31 78 5
31 61 -9
31 55 0
31 80 -4
31 63 4
31 74 -10
31 51 -7
31 90 3
32 33 -1
32 54 2
32 45 0
32 59 6
32 49 1
32 92 -4
32 79 3
32 43 5
32 35 5
32 66 10
32 60 2
32 82 0
32 40 0
32 47 3
32 69 -2
32 97 -3
32 48 0
32 80 -9
32 78 -10
32 62 6
32 83 -5
32 85 6
32 77 -5
32 42 0
32 41 6
32 50 6
32 38 -6
32 84 -9
32 64 -6
32 68 9
32 90 -7
32 76 0
32 37 -1
32 67 9
33 79 -5
33 96 8
33 71 -6
33 46 10
33 80 0
33 43 1
33 37 3
33 56 -2
33 65 -2
33 98 -1
33 88 -2
33 42 6
33 93 3
33 51 -3
33 69 4
33 59 1
33 85 -8
33 74 6
33 63 -4
33 55 -5
33 39 8
33 82 5
33 45 -4
33 75 2
33 86 -9
33 76 -7
33 99 -5
33 52 5
33 48 3
34 64 -8
34 85 2
34 80 -2
34 95 4
34 36 -7
34 38 -9
34 37 -2
34 61 5
34 71 0
34 69 -2
34 88 10
34 52 -4
34 87 9
34 49 7
34 74 -10
34 40 8
34 51 7
34 83 -2
34 47 9
34 86 7
34 35 -9
34 81 -9
34 73 -10
34 91 -10
34 84 -10
34 63 -7
34 93 -5
34 96 9
34 97 10
34 68 -2
34 50 -3
35 64 8
35 68 8
35 40 -7
35 89 2
35 70 2
35 55 -4
35 44 8
35 79 -1
35 58 0
35 91 2
35 96 10
35 46 -5
35 84 -5
35 36 -5
35 74 8
35 76 -5
35 49 2
35 41 -1
35 93 6
35 94 -10
35 95 10
35 78 -3
35 86 2
35 99 -5
35 42 6
35 81 6
35 87 -5
35 39 9
35 37 10
35 48 -6
35 54 9
35 85 -6
35 52 10
35 66 -8
36 58 4
36 42 8
36 65 3
36 66 -7
36 97 -2
36 64 3
36 88 -5
36 95 8
36 62 9
36 55 -10
36 47 -6
36 96 -7
36 54 9
36 43 -8
36 100 4
36 85 -5
36 74 -7
36 90 -8
36 94 4
36 70 5
36 83 -8
36 78 -8
36 48 -5
36 46 -5
36 75 2
36 81 2
36 71 0
36 44 -4
36 49 -8
36 41 -2
37 55 3
37 57 8
37 78 10
37 92 9
37 63 10
37 81 -10
37 60 -8
37 56 9
37 42 -1
37 40 -10
37 50 -6
37 71 9
37 79 -4
37 44 4
37 72 -3
37 66 8
37 51 3
37 65 -10
37 85 -10
37 97 -8
37 76 7
37 89 4
37 52 -1
37 73 -8
37 43 -9
38 65 -8
38 81 -2
38 66 -3
38 69 -4
38 100 10
38 51 -5
38 75 4
38 41 -10
38 82 6
38 89 10
38 88 -3
38 48 -6
38 53 4
38 59 -3
38 47 -2
38 86 -9
38 90 8
38 52 -4
38 39 -1
38 55 10
38 63 8
38 60 9
38 78 6
38 95 -2
38 79 4
38 54 -7
39 96 -2
39 49 5
39 90 4
39 40 1
39 83 7
39 91 -3
39 72 -7
39 93 -9
39 84 8
39 94 -9
39 41 -5
39 89 6
39 75 -4
39 77 -4
39 82 -4
39 46 7
39 80 -5
39 73 8
39 88 -5
39 81 -6
39 85 0
39 95 10
39 65 -10
39 61 -1
39 87 -6
39 68 4
39 71 -1
39 56 10
39 67 7
39 79 1
39 64 7
39 58 10
39 48 -8
39 45 10
39 99 8
40 96 -7
40 52 -5
40 74 7
40 64 0
40 87 10
40 56 1
40 70 8
40 54 9
40 55 -10
40 86 1
40 59 1
40 92 7
40 50 0
40 43 6
40 58 10
40 45 -8
40 88 -3
40 78 -4
40 83 10
40 48 -7
40 63 -7
40 89 9
40 57 -9
40 42 -3
40 60 -2
40 75 0
40 69 -2
40 84 2
40 61 0
41 88 4
41 94 9
41 85 1
41 92 0
41 48 1
41 69 -1
41 64 2
41 59 -9
41 44 -4
41 87 9
41 43 7
41 80 1
41 51 -8
41 81 5
41 45 -8
41 49 -5
41 77 7
41 91 3
41 61 -6
41 68 1
41 96 10
41 56 6
41 52 2
41 97 0
41 86 -2
41 58 -1
41 72 -3
41 83 9
41 98 6
41 60 -3
41 90 -9
41 65 -6
41 100 -7
42 87 -3
42 99 10
42 48 -2
42 45 2
42 94 -6
42 76 8
42 79 -3
42 66 10
42 96 -6
42 81 -5
42 80 5
42 43 10
42 78 1
42 95 2
42 70 -7
42 88 1
42 46 0
42 62 -5
42 51 0
42 83 6
42 85 -7
42 93 9
42 53 -1
42 90 7
42 49 2
42 69 -9
42 89 -7
42 77 -9
42 50 3
43 70 3
43 61 -1
43 45 -8
43 48 9
43 95 -8
43 67 4
43 68 -10
43 72 3
43 78 2
43 90 8
43 46 1
43 88 10
43 77 -5
43 96 -8
43 59 5
43 54 -1
43 47 2
43 56 -3
43 50 -6
43 97 10
43 99 -1
43 55 -2
43 60 -7
43 71 6
43 52 2
43 57 -9
43 49 2
43 63 10
43 75 10
43 94 8
43 69 3
43 79 -1
44 53 10
44 97 -4
44 76 -3
44 61 3
44 89 3
44 51 -7
44 79 6
44 71 -3
44 52 -5
44 59 -6
44 63 6
44 57 5
44 69 -3
44 67 0
44 90 -4
44 55 -2
44 72 3
44 47 -8
44 66 8
44 82 -10
44 70 1
44 95 5
44 86 4
44 99 1
44 54 -2
44 49 6
44 64 10
44 85 5
44 88 -6
44 83 9
44 93 8
45 86 -3
45 93 9
45 71 -1
45 97 5
45 56 1
45 84 -7
45 66 -4
45 65 8
45 50 1
45 96 7
45 57 5
45 81 7
45 78 -9
45 82 5
45 54 0
45 62 4
45 95 2
45 72 -10
45 91 9
45 51 4
45 55 6
45 87 -4
45 76 5
45 94 0
45 60 5
45 64 -8
45 88 -3
45 99 8
45 75 -4
45 100 10
46 82 -3
46 63 10
46 76 1
46 79 -6
46 83 4
46 50 7
46 53 -1
46 86 10
46 92 4
46 96 -8
46 98 -8
46 68 -7
46 55 6
46 69 -2
46 84 -4
46 62 2
46 89 9
46 73 10
46 80 -3
46 90 -6
46 57 -10
46 56 6
46 66 -3
46 65 -4
46 48 -1
46 88 -2
46 72 5
46 100 -8
46 99 -8
47 60 -10
47 77 -10
47 58 3
47 66 3
47 74 -2
47 68 3
47 73 10
47 94 -8
47 81 5
47 63 -5
47 49 0
47 97 1
47 55 -10
47 96 -5
47 79 3
47 71 6
47 59 8
47 88 -6
47 75 0
47 85 -8
47 98 -2
47 76 9
47 78 -10
47 65 8
47 84 -5
47 89 -2
47 69 -2
47 53 -4
47 64 9
47 83 -3
48 94 -1
48 66 -10
48 67 -4
48 58 6
48 60 -10
48 76 -5
48 52 2
48 57 8
48 74 -2
48 70 -10
48 87 -10
48 97 -6
48 100 -5
48 91 0
48 95 -3
48 90 -4
48 54 -1
48 55 -8
48 49 -9
48 89 4
48 93 10
48 71 6
48 82 3
48 62 8
49 71 -3
49 90 7
49 73 -7
49 86 -4
49 52 4
49 92 10
49 56 1
49 82 -2
49 78 -2
49 55 -2
49 85 -4
49 83 10
49 95 -1
49 75 5
49 53 -3
49 100 3
49 63 8
49 81 0
49 62 0
49 65 6
49 91 3
49 97 -4
49 74 -7
49 66 -3
49 67 3
49 94 -2
49 80 -6
49 98 1
49 60 9
50 89 -8
50 100 0
50 61 -9
50 54 1
50 56 1
50 85 8
50 97 3
50 98 -6
50 80 -2
50 79 9
50 58 -10
50 62 9
50 95 0
50 75 5
50 77 7
50 73 0
50 82 -6
50 87 6
50 53 6
50 78 -3
50 96 10
50 90 -6
50 88 10
50 55 -2
50 57 7
50 70 8
50 91 0
50 66 2
50 64 8
51 64 9
51 68 0
51 78 -9
51 86 -6
51 85 10
51 79 -2
51 90 -8
51 99 3
51 82 9
51 83 -6
51 75 -9
51 76 -3
51 96 2
51 94 3
51 73 6
51 56 5
51 77 -2
51 89 6
52 65 -1
52 62 -8
52 64 -1
52 59 6
52 77 9
52 61 6
52 68 -6
52 82 5
52 70 -1
52 84 10
52 100 -6
52 92 -3
52 58 8
52 55 0
52 88 -9
52 67 -5
52 89 4
52 87 -10
52 91 -7
52 75 -5
53 68 5
53 69 8
53 96 -2
53 82 8
53 71 8
53 98 -7
53 78 9
53 58 10
53 84 0
53 61 -1
53 81 -1
53 89 -6
53 88 4
53 59 3
53 57 8
53 64 -4
53 65 4
53 91 0
53 95 2
53 87 10
53 55 5
53 56 9
53 79 10
53 75 4
53 70 6
53 54 7
53 80 0
53 60 -5
54 62 -9
54 75 -9
54 96 -4
54 76 -1
54 93 6
54 83 -8
54 59 10
54 88 9
54 80 -1
54 66 -7
54 71 4
54 58 -7
54 78 5
54 72 1
54 92 10
54 85 6
54 95 4
54 98 -8
54 65 10
54 55 10
54 57 -8
54 73 -6
55 88 5
55 89 7
55 93 -4
55 91 1
55 62 -1
55 63 -3
55 68 10
55 70 -4
55 85 9
55 92 1
55 81 4
55 60 -2
55 97 -6
55 74 8
55 79 -7
55 69 4
55 99 8
56 84 4
56 70 -4
56 74 -6
56 86 -2
56 85 9
56 95 -2
56 60 10
56 96 1
56 98 8
56 59 7
56 87 3
56 78 9
56 72 -2
56 69 3
56 100 1
56 91 3
56 80 0
56 73 -4
57 93 7
57 83 -2
57 80 3
57 66 -4
57 98 -4
57 91 -1
57 96 7
57 94 -9
57 71 9
57 61 -7
57 59 6
57 84 9
57 81 -10
57 89 1
57 92 1
57 64 2
57 99 5
57 87 6
57 74 -5
57 75 -6
57 72 10
57 100 3
57 79 4
57 77 8
57 78 0
58 63 -9
58 71 -5
58 62 9
58 89 6
58 86 0
58 91 3
58 74 -8
58 59 6
58 80 -8
58 69 -9
58 75 5
58 60 10
58 85 -3
58 77 -5
58 84 1
58 73 -3
58 90 -6
58 78 8
58 95 -10
58 83 8
58 100 -4
58 92 5
58 61 6
59 70 10
59 73 -4
59 98 3
59 75 7
59 61 6
59 86 -9
59 88 2
59 85 1
59 92 -2
59 89 -10
59 67 7
59 60 -7
59 76 -1
59 84 0
59 80 4
59 91 3
60 79 2
60 100 -10
60 80 -2
60 91 0
60 82 -8
60 83 -3
60 62 10
60 88 1
60 64 -3
60 87 -4
60 71 -8
60 70 5
60 86 8
60 63 1
60 99 5
60 75 -4
60 69 -10
60 89 3
60 98 0
60 92 -7
61 97 -8
61 87 -1
61 82 -2
61 98 -2
61 76 2
61 91 8
61 67 1
61 85 3
61 71 1
61 84 -6
61 90 5
61 62 -4
61 83 1
61 66 -9
61 64 -8
61 92 -3
61 94 6
61 79 -5
61 96 -7
61 68 -6
61 88 -9
62 80 -7
62 92 -3
62 67 -3
62 68 9
62 93 2
62 71 -6
62 96 -5
62 76 -10
62 72 -7
62 77 6
62 98 0
62 88 5
62 99 9
62 70 3
62 100 -8
62 89 -9
62 73 -8
62 97 -4
62 69 -9
62 63 9
63 70 8
63 67 7
63 88 7
63 99 3
63 96 0
63 72 0
63 76 1
63 87 -5
63 84 -8
63 83 -1
63 74 -5
63 86 -8
63 81 4
63 93 0
63 68 -9
64 80 8
64 76 8
64 75 -10
64 86 2
64 91 -9
64 95 -2
64 87 -6
64 93 -9
64 94 1
64 77 -6
64 85 5
64 100 1
64 65 4
64 69 5
64 70 -5
64 82 -1
64 89 -4
64 66 5
65 81 10
65 73 8
65 99 -6
65 76 -9
65 86 1
65 78 -6
65 69 -4
65 74 9
65 85 -3
65 80 -9
65 90 7
65 66 5
65 100 -3
65 75 -1
65 68 -7
65 95 8
65 83 1
65 71 -7
65 82 0
65 70 0
65 88 5
65 94 -6
66 98 -4
66 79 -4
66 88 -5
66 82 10
66 81 -9
66 74 -2
66 99 9
66 90 7
66 77 -4
66 80 -4
66 83 -10
66 73 10
66 86 -1
66 89 -7
66 87 -7
66 95 -2
66 92 6
66 84 8
67 97 4
67 70 9
67 91 3
67 95 7
67 89 -3
67 98 5
67 99 2
67 72 3
67 73 2
67 85 4
67 84 -1
68 75 -6
68 99 3
68 78 1
68 74 9
68 70 -7
68 98 -3
68 96 -8
68 91 -5
68 85 -7
68 90 3
68 100 3
68 95 1
68 82 5
68 86 -4
69 87 -1
69 85 -10
69 86 -4
69 89 -3
69 71 -4
69 88 -3
69 100 -10
69 76 -9
69 96 0
69 73 -10
69 97 7
69 81 3
69 99 2
69 77 -6
70 80 7
70 75 6
70 89 -8
70 84 9
70 82 -2
70 90 2
70 94 4
70 99 -2
70 91 3
70 73 8
70 92 0
70 88 5
70 83 -9
70 78 -8
70 87 10
70 77 1
70 72 3
71 86 -8
71 88 -10
71 99 2
71 79 -10
71 75 2
71 74 7
71 78 -6
71 84 -1
71 96 -4
71 98 -9
71 90 0
71 85 1
71 83 -5
71 76 3
71 100 9
71 89 -2
71 77 -7
71 93 -8
71 92 4
71 80 7
72 98 0
72 81 -5
72 93 7
72 79 1
72 95 -6
72 88 1
72 92 8
72 100 8
72 82 10
72 84 1
72 86 4
72 90 -2
72 73 0
72 89 5
72 99 -7
72 85 -3
72 75 -8
73 79 9
73 78 1
73 77 10
73 80 -9
73 94 -7
73 83 2
73 89 9
73 95 -5
73 75 -4
73 84 -10
73 98 6
73 87 -5
73 92 2
73 90 -1
74 77 2
74 85 -1
74 88 7
74 98 -1
74 94 6
74 84 -10
74 93 -4
74 91 4
74 92 -2
74 75 2
74 83 -4
74 82 -2
74 78 9
74 79 -9
74 86 6
75 87 9
75 86 6
75 85 1
75 78 -8
75 97 3
75 96 -1
75 76 2
75 77 4
75 93 2
76 100 8
76 95 5
76 92 2
76 89 7
76 83 -9
76 86 3
76 94 -7
76 99 6
76 78 6
76 81 -1
76 93 6
76 80 9
76 84 9
76 88 -4
77 78 -3
77 99 9
77 82 -9
77 83 -4
77 87 -1
77 93 1
77 98 5
77 91 1
77 97 -10
77 94 -5
78 92 3
78 82 3
78 80 -5
78 87 5
78 99 -5
78 79 -10
78 93 5
78 91 -6
78 88 -6
78 85 -8
78 95 9
78 96 2
79 89 2
79 83 -1
79 95 9
79 86 -1
79 91 -9
79 82 5
79 97 -8
79 90 -1
79 87 -1
79 94 3
79 100 2
80 95 4
80 98 3
80 99 4
80 92 6
80 93 8
80 91 -1
80 100 -1
80 87 -9
80 96 2
80 97 -3
80 94 2
81 94 1
81 93 -2
81 100 -4
81 88 -10
81 82 -1
81 97 -4
81 86 7
82 92 6
82 95 -4
82 100 10
82 90 -10
82 96 -6
82 99 -5
82 85 -1
83 97 -1
83 95 -5
83 96 -10
83 88 4
83 100 -5
83 84 -3
83 90 3
83 94 -4
83 89 -2
83 99 -10
83 91 -2
84 91 4
84 87 -3
84 85 -5
84 93 -3
84 96 2
84 100 3
84 94 -8
84 92 3
84 97 -9
85 100 -2
85 87 -7
85 98 6
85 88 5
85 90 10
85 97 -4
85 93 3
85 99 -7
86 100 -2
86 91 6
86 98 5
86 95 -3
86 94 -3
86 87 -3
86 93 -3
86 88 0
87 91 5
87 93 7
87 88 -6
87 89 -9
87 100 -10
87 98 -10
87 94 -9
88 92 0
88 99 7
88 98 4
88 97 -9
88 89 6
88 96 -6
88 100 -9
88 91 -6
89 100 5
89 99 0
89 92 6
89 94 1
90 92 -5
90 100 -5
90 93 -5
90 97 1
90 96 -9
90 94 7
90 95 -5
91 96 -2
91 97 -2
91 94 2
91 92 1
91 100 -3
91 98 9
92 94 -4
92 99 8
92 97 -3
92 98 -7
93 94 2
93 100 -3
93 99 6
93 96 -2
93 97 5
93 98 0
94 97 9
94 95 -4
95 99 -10
95 98 6
95 97 -7
95 96 -4
96 98 1
96 97 -2
97 99 -10
97 98 -8
97 100 -1
99 100 -3
