100 2475 
1 51 -8
1 23 -1
1 98 -3
1 39 8
1 95 -9
1 99 6
1 48 5
1 97 4
1 43 10
1 37 -9
1 41 6
1 76 1
1 44 -3
1 82 1
1 87 -5
1 38 1
1 78 1
1 10 -5
1 58 7
1 71 -1
1 9 2
1 64 -8
1 77 2
1 72 8
1 26 -8
1 42 1
1 32 -1
1 96 9
1 68 -9
1 60 4
1 73 -7
1 62 3
1 4 10
1 100 1
1 47 2
1 83 -10
1 56 2
1 19 -4
1 55 9
1 69 6
1 16 0
1 21 -2
1 54 3
1 92 -3
1 86 -3
1 80 -9
1 94 8
1 61 -2
1 18 0
1 20 3
1 84 -9
1 93 -6
1 49 2
1 52 -7
1 70 -2
1 30 -3
1 6 5
1 66 3
1 53 2
1 11 2
2 86 6
2 94 10
2 75 -7
2 16 -1
2 84 10
2 55 -7
2 51 4
2 68 3
2 82 8
2 41 -10
2 17 5
2 89 -8
2 77 3
2 24 5
2 11 -1
2 5 4
2 23 -2
2 29 -5
2 15 -8
2 40 8
2 7 5
2 72 7
2 52 -4
2 96 2
2 49 -8
2 83 6
2 26 3
2 22 3
2 36 -6
2 44 5
2 71 10
2 45 7
2 90 4
2 58 -5
2 4 9
2 80 -1
2 93 3
2 88 -6
2 59 -10
2 21 9
2 67 7
2 79 -3
2 60 8
2 70 -3
2 76 7
2 69 5
2 48 3
2 20 0
3 50 4
3 66 -7
3 23 -4
3 37 -6
3 51 -8
3 4 -5
3 87 -6
3 60 -6
3 80 2
3 11 10
3 25 1
3 7 -2
3 86 -10
3 99 -4
3 22 4
3 30 -7
3 24 9
3 17 -5
3 13 1
3 47 -5
3 100 -6
3 18 -9
3 74 5
3 91 2
3 93 3
3 97 -5
3 8 -7
3 84 3
3 94 1
3 61 -3
3 69 0
3 98 2
3 46 0
3 95 -4
3 20 9
3 39 2
3 70 -7
3 57 -2
3 21 -9
3 59 7
3 96 -6
3 48 0
3 54 2
3 62 0
3 28 3
3 53 0
3 73 -9
3 92 7
3 85 5
3 72 8
3 89 5
3 45 -6
3 12 -4
3 27 10
3 40 -6
4 45 1
4 17 -3
4 87 5
4 52 2
4 70 9
4 11 -5
4 16 -1
4 27 1
4 68 -5
4 53 8
4 7 7
4 97 9
4 83 -8
4 20 -10
4 14 7
4 31 9
4 54 4
4 5 -4
4 9 -3
4 42 6
4 46 8
4 26 -7
4 79 5
4 33 4
4 24 -7
4 94 9
4 18 2
4 25 3
4 63 -4
4 49 -8
4 86 8
4 6 4
4 71 -3
4 19 -8
4 98 7
4 89 0
4 91 -10
4 66 -4
4 73 8
4 29 -5
4 47 -3
4 37 -9
4 15 -4
4 30 2
4 77 -1
4 21 9
4 65 -10
4 22 9
4 43 0
4 39 -3
4 28 2
4 55 -8
4 41 -3
5 61 -3
5 56 3
5 77 -10
5 49 1
5 16 -9
5 29 -6
5 13 9
5 92 8
5 40 1
5 70 5
5 65 -5
5 86 0
5 57 2
5 31 -3
5 26 -1
5 37 -7
5 41 2
5 87 9
5 66 -6
5 98 -9
5 20 10
5 100 -4
5 64 -1
5 47 -9
5 11 3
5 25 -1
5 53 -9
5 39 7
5 54 6
5 28 -2
5 50 -8
5 44 0
5 69 9
5 99 9
5 43 -8
5 24 -2
5 90 -5
5 80 4
5 81 6
5 51 10
5 76 -3
5 79 -8
5 38 0
5 59 -5
5 35 0
5 22 0
5 88 -1
5 33 -8
5 82 -6
5 60 -3
5 94 -6
5 30 -8
5 32 9
5 78 -5
5 10 -6
5 63 3
5 83 10
6 39 8
6 65 10
6 90 9
6 82 5
6 32 -9
6 76 0
6 20 -5
6 67 1
6 48 4
6 71 -7
6 85 1
6 17 2
6 49 1
6 88 5
6 72 8
6 84 -9
6 21 -6
6 23 -2
6 50 7
6 73 -5
6 56 -7
6 80 -1
6 45 -3
6 70 -6
6 57 9
6 91 2
6 62 -7
6 53 2
6 40 10
6 15 -2
6 69 -4
6 8 -6
6 31 2
6 12 -1
6 29 -7
6 11 6
6 47 -10
6 30 -1
6 22 5
7 63 8
7 31 -10
7 10 6
7 9 -7
7 85 -7
7 83 -2
7 24 3
7 94 -2
7 58 -5
7 40 -7
7 18 -5
7 54 3
7 36 9
7 92 -5
7 52 -8
7 44 3
7 34 7
7 98 9
7 48 -5
7 88 -10
7 13 9
7 15 8
7 81 -2
7 76 -5
7 45 -9
7 89 3
7 35 -8
7 46 8
7 70 -10
7 33 1
7 23 4
7 21 8
7 73 -3
7 22 -7
7 78 -5
7 53 3
7 66 -2
7 43 4
7 90 -8
7 62 -5
7 64 -7
7 50 -7
7 97 6
7 69 7
7 79 -7
7 93 5
7 86 8
7 95 -4
7 60 3
7 30 1
7 82 -1
7 39 7
7 87 1
8 64 -4
8 65 -6
8 58 -6
8 24 10
8 52 -5
8 44 4
8 36 5
8 66 6
8 97 8
8 75 -3
8 69 -9
8 76 8
8 17 1
8 26 0
8 90 8
8 48 7
8 99 6
8 23 1
8 60 9
8 86 -5
8 37 -1
8 49 4
8 39 9
8 95 9
8 15 7
8 82 5
8 13 -3
8 96 -3
8 93 4
8 91 10
8 71 -5
8 77 3
8 57 5
8 25 5
8 34 -10
8 41 -10
8 74 -1
8 42 9
8 30 -7
8 12 0
8 54 1
8 50 -1
8 73 1
8 55 6
9 83 9
9 97 -3
9 45 -10
9 63 10
9 95 2
9 59 1
9 55 7
9 48 -2
9 93 1
9 72 9
9 42 6
9 19 9
9 26 -9
9 88 -7
9 73 -3
9 43 -5
9 54 7
9 44 5
9 14 -3
9 65 -6
9 61 2
9 64 7
9 22 5
9 53 -2
9 58 8
9 34 0
9 90 -7
9 40 6
9 71 -4
9 24 6
9 80 1
9 51 0
9 11 4
9 56 4
9 33 -6
9 76 -6
9 96 1
9 50 6
9 10 -2
9 25 9
9 57 10
10 26 -2
10 83 1
10 80 0
10 56 9
10 14 -10
10 94 1
10 43 0
10 53 1
10 28 1
10 75 -10
10 12 6
10 96 5
10 90 5
10 66 7
10 36 10
10 73 -8
10 74 -3
10 79 7
10 48 5
10 57 -4
10 71 4
10 35 -9
10 33 8
10 44 -8
10 38 10
10 18 -8
10 40 -3
10 81 9
10 70 -8
10 95 2
10 30 10
10 65 0
10 89 5
10 27 2
10 92 8
10 85 7
10 76 7
10 61 -9
10 34 10
10 68 -3
10 52 6
10 22 -5
10 62 10
10 46 -3
10 84 -4
10 41 -9
11 40 0
11 85 -6
11 83 10
11 67 5
11 30 10
11 100 3
11 93 7
11 23 5
11 68 1
11 59 3
11 53 3
11 65 4
11 70 4
11 60 -6
11 18 8
11 45 0
11 52 -1
11 50 -3
11 72 9
11 97 7
11 13 7
11 29 -1
11 90 -5
11 22 -1
11 26 -6
11 69 2
11 34 -5
11 73 0
11 87 4
11 57 -5
11 12 2
11 32 -6
11 35 -1
11 96 6
11 84 -10
11 33 7
11 51 -5
11 37 7
11 17 4
11 49 -10
11 15 -6
11 48 -6
11 64 -6
11 76 -9
11 81 9
12 57 -4
12 92 2
12 13 1
12 79 9
12 36 8
12 28 2
12 98 -3
12 94 3
12 78 -7
12 93 7
12 23 8
12 87 4
12 54 0
12 26 8
12 29 2
12 80 4
12 67 -4
12 72 -10
12 52 -4
12 46 5
12 58 -3
12 33 7
12 47 -9
12 25 -6
12 81 9
12 65 -10
12 32 8
12 51 4
12 15 -2
12 83 -1
12 100 -8
12 95 -10
12 17 -7
12 74 -5
12 34 3
12 69 1
12 40 0
12 68 10
12 16 0
12 75 10
12 50 3
12 44 7
12 30 -3
12 18 9
12 61 -4
12 76 10
13 24 5
13 57 -8
13 32 -9
13 93 2
13 36 2
13 22 4
13 95 1
13 53 -2
13 21 5
13 48 1
13 78 -8
13 18 -6
13 45 2
13 35 -9
13 86 8
13 19 1
13 33 -4
13 28 -8
13 49 -10
13 30 -5
13 29 7
13 37 -1
13 94 -1
13 59 -2
13 74 8
13 31 2
13 89 -9
13 84 1
13 67 -4
13 64 7
13 42 -1
13 91 -10
13 41 0
13 14 8
13 63 5
13 90 -8
13 69 -3
13 82 4
13 55 -8
13 79 2
13 27 -2
13 98 -9
13 20 9
13 73 5
13 60 10
13 54 -7
13 71 1
13 16 -6
14 98 7
14 35 7
14 43 10
14 65 6
14 93 1
14 54 1
14 88 0
14 37 -9
14 91 7
14 75 -9
14 49 -4
14 52 8
14 78 -1
14 84 7
14 27 -1
14 57 3
14 28 5
14 81 -8
14 42 -1
14 45 -10
14 29 4
14 83 -1
14 60 1
14 53 -4
14 19 -1
14 71 -1
14 80 -4
14 86 10
14 31 7
14 63 10
14 47 -6
14 96 -5
14 33 6
14 41 -3
14 20 2
14 100 -6
14 38 3
14 25 -3
14 77 9
14 95 -7
14 82 8
14 34 10
14 87 1
14 15 3
14 18 -4
14 56 4
14 73 -3
15 38 1
15 60 4
15 75 2
15 18 -9
15 45 8
15 56 5
15 72 0
15 22 -4
15 47 5
15 77 7
15 94 7
15 61 -9
15 76 -6
15 69 -6
15 88 -8
15 62 -6
15 71 -3
15 63 -10
15 51 8
15 91 2
15 100 5
15 31 -2
15 84 -1
15 86 -5
15 26 8
15 39 0
15 89 -3
15 50 6
15 98 -8
15 73 -1
15 99 -9
15 35 -10
15 55 -4
15 92 4
15 81 -2
15 36 -10
15 46 8
15 30 -8
15 57 0
15 59 10
15 93 -4
16 52 7
16 29 2
16 55 7
16 89 -2
16 65 1
16 46 8
16 51 2
16 22 -6
16 59 6
16 58 -7
16 70 3
16 23 -5
16 80 -7
16 83 -3
16 69 1
16 72 -5
16 67 6
16 35 9
16 100 -9
16 53 10
16 32 8
16 40 5
16 44 -4
16 34 0
16 57 3
16 88 -8
16 81 -2
16 90 -3
16 30 9
16 33 -9
16 38 2
16 48 6
16 76 -4
16 75 0
16 96 -8
16 36 -9
16 99 3
16 98 -8
16 54 -8
16 45 1
16 74 9
16 63 -7
16 26 9
17 29 8
17 43 5
17 82 2
17 54 7
17 34 4
17 83 -8
17 42 3
17 87 3
17 92 5
17 49 7
17 56 8
17 74 2
17 37 4
17 67 -2
17 94 -4
17 38 -7
17 80 -10
17 33 6
17 73 -4
17 89 -5
17 21 -9
17 64 0
17 99 7
17 98 3
17 93 0
17 76 7
17 57 3
17 84 0
17 26 -10
17 60 -2
17 51 -2
17 81 -5
17 95 0
17 28 6
17 50 -8
17 40 7
17 45 -5
18 70 -6
18 95 3
18 35 -5
18 20 1
18 77 -6
18 93 -4
18 55 10
18 71 7
18 61 4
18 83 7
18 42 3
18 25 6
18 39 1
18 96 9
18 40 6
18 23 6
18 72 3
18 67 4
18 68 5
18 94 -2
18 50 -9
18 89 -9
18 51 -9
18 24 3
18 74 -2
18 88 5
18 75 9
18 62 4
18 59 0
18 44 -3
18 19 -1
18 66 7
18 43 -2
18 38 3
18 56 -2
18 32 -3
18 33 0
18 46 10
19 38 3
19 49 -10
19 40 -7
19 72 -10
19 79 -2
19 39 2
19 37 10
19 35 6
19 29 5
19 93 2
19 59 -3
19 33 -10
19 22 7
19 92 -5
19 70 -2
19 61 -5
19 32 -5
19 89 2
19 34 -10
19 86 3
19 97 5
19 41 -1
19 54 7
19 48 -2
19 31 -1
19 77 0
19 78 4
19 30 5
19 58 -8
19 83 -3
19 76 4
19 23 7
19 100 -2
19 87 7
19 81 -7
19 24 -3
19 60 4
19 51 1
19 67 2
19 25 7
19 21 7
19 46 -4
19 28 2
19 94 -6
19 66 -10
19 98 -7
19 57 -5
20 77 7
20 30 3
20 95 -8
20 73 9
20 28 -5
20 34 0
20 86 -10
20 21 -10
20 44 -8
20 93 9
20 61 -8
20 33 4
20 76 5
20 84 7
20 52 -7
20 32 2
20 60 -3
20 63 9
20 85 -6
20 55 -7
20 88 5
20 75 4
20 94 -3
20 90 -6
20 79 3
20 97 -4
20 54 -4
20 22 5
20 58 -7
20 23 10
20 96 2
20 92 10
20 29 3
21 90 -6
21 77 -7
21 27 -1
21 48 6
21 33 8
21 72 7
21 30 -6
21 45 -2
21 23 6
21 26 -7
21 49 10
21 98 -6
21 82 4
21 47 -8
21 89 -9
21 58 2
21 46 4
21 51 6
21 59 8
21 100 8
21 84 -2
21 87 8
21 93 -10
21 85 3
21 67 -4
21 74 -2
21 63 -8
21 32 4
21 55 6
21 73 10
21 64 -10
21 44 7
21 70 10
21 79 0
21 83 -1
21 53 10
22 83 -1
22 58 0
22 57 8
22 29 -5
22 55 3
22 67 9
22 100 -1
22 70 -5
22 38 8
22 62 0
22 59 9
22 49 -8
22 89 7
22 24 3
22 39 -7
22 50 7
22 40 -3
22 47 -7
22 94 -8
22 26 -6
22 79 -5
22 61 -6
22 69 -4
22 77 8
22 74 7
22 30 -6
22 66 2
22 65 4
22 51 2
22 23 -5
22 42 -2
22 52 1
22 56 9
22 35 -9
22 44 -7
22 33 -7
22 93 4
22 90 10
22 71 7
22 27 3
22 95 -1
22 72 2
22 84 -6
22 54 -5
23 34 5
23 64 5
23 85 -7
23 97 -4
23 68 7
23 30 1
23 96 9
23 81 -8
23 25 -2
23 84 7
23 86 8
23 65 2
23 26 -4
23 27 -8
23 79 -1
23 47 3
23 59 -8
23 40 9
23 35 -7
23 75 6
23 24 -1
23 71 -1
23 44 1
23 80 -7
23 39 6
23 82 -2
23 48 1
23 32 2
23 90 -5
23 76 2
23 92 9
23 28 8
23 38 -6
23 62 5
23 66 -6
24 93 10
24 44 -6
24 33 8
24 77 7
24 90 -8
24 54 9
24 31 1
24 65 -8
24 88 -2
24 45 9
24 98 1
24 66 -5
24 100 4
24 28 5
24 50 -4
24 86 4
24 73 10
24 30 -2
24 36 7
24 76 6
24 49 9
24 99 -7
24 27 -5
24 46 -7
24 35 -7
24 68 -7
24 87 -3
24 91 8
24 63 -10
24 67 -5
24 97 10
24 96 -1
24 69 3
24 74 -5
24 82 5
24 26 9
24 95 -10
25 46 -5
25 89 1
25 59 10
25 39 0
25 80 -4
25 54 -2
25 73 0
25 37 9
25 61 4
25 34 -10
25 64 -7
25 41 4
25 62 0
25 70 4
25 97 -5
25 92 0
25 78 2
25 50 -10
25 36 -5
25 99 6
25 30 10
25 91 7
25 93 7
25 26 -8
25 32 6
25 55 3
25 44 -2
25 84 -4
25 72 6
25 27 -5
25 45 1
25 58 -2
26 33 -9
26 72 -8
26 99 -4
26 42 3
26 50 2
26 30 10
26 77 7
26 61 8
26 28 9
26 48 10
26 56 8
26 91 0
26 29 -1
26 70 1
26 63 4
26 92 9
26 89 -8
26 47 -3
26 100 -10
26 69 3
26 36 8
26 44 -8
26 64 -7
26 65 -1
26 83 -3
26 57 4
26 37 4
26 32 6
26 82 -5
26 59 9
26 80 -6
26 68 -2
26 95 -1
26 27 -4
26 96 -2
26 66 6
26 97 9
27 74 -1
27 89 -3
27 40 -1
27 42 8
27 59 -8
27 45 3
27 36 3
27 68 10
27 75 7
27 100 10
27 90 7
27 85 -4
27 86 5
27 43 10
27 37 -1
27 47 -4
27 38 -1
27 95 4
27 97 4
27 99 7
27 94 9
27 50 1
27 49 4
27 31 0
27 30 -10
27 46 -1
27 33 2
27 92 10
27 32 -8
27 91 -2
27 54 -2
27 28 9
27 64 -6
27 66 -2
27 83 -6
27 39 -8
27 55 6
27 77 -1
28 78 -1
28 32 10
28 40 -8
28 62 5
28 76 -2
28 87 -4
28 30 0
28 84 -8
28 60 -10
28 70 0
28 52 7
28 37 -1
28 53 -3
28 63 -10
28 98 6
28 72 -6
28 97 -9
28 69 5
28 92 2
28 94 3
28 86 -10
28 64 -3
28 46 -5
28 57 -4
28 71 -1
28 99 -7
28 73 -9
28 90 7
28 47 10
28 56 9
28 88 -1
28 38 3
28 50 -4
28 58 -8
28 55 0
28 67 -7
28 49 -5
28 77 -2
28 39 8
29 89 10
29 57 1
29 53 6
29 39 4
29 94 -9
29 91 6
29 71 8
29 32 8
29 63 9
29 55 -8
29 78 -9
29 38 -3
29 73 -9
29 75 10
29 58 7
29 56 1
29 65 7
29 81 -10
29 72 -1
29 87 -6
29 46 1
29 52 4
29 34 1
29 84 6
29 66 7
29 92 -9
29 68 -5
29 36 8
29 64 1
29 30 -6
29 76 -5
29 79 1
29 33 2
29 86 7
29 67 -7
29 60 -9
29 70 -7
30 74 -5
30 83 10
30 86 9
30 58 3
30 57 -9
30 67 6
30 100 3
30 36 8
30 98 -4
30 87 9
30 61 -3
30 66 -2
30 82 -6
30 43 10
30 95 3
30 64 2
30 53 -4
30 62 5
30 79 -1
30 91 0
30 40 -10
30 78 10
30 68 6
30 63 10
30 48 0
30 41 -6
30 72 6
30 71 -9
31 52 0
31 63 -5
31 68 6
31 86 2
31 36 5
31 74 1
31 64 -4
31 51 -10
31 53 9
31 58 3
31 87 1
31 37 6
31 96 -8
31 92 -7
31 60 1
31 47 -9
31 61 6
31 66 5
31 76 -2
31 44 7
31 56 0
31 89 4
31 94 -7
31 33 -7
31 100 2
31 41 -8
31 82 -2
31 40 -2
31 71 -6
31 57 -8
31 48 1
31 90 -10
31 42 1
31 75 2
31 98 -10
31 35 2
31 80 5
31 34 3
32 81 7
32 72 4
32 80 -3
32 41 1
32 61 -10
32 73 -8
32 36 -10
32 88 -4
32 50 3
32 58 -6
32 78 8
32 93 10
32 67 -1
32 60 7
32 69 10
32 39 -8
32 45 -10
32 99 8
32 75 9
32 52 -3
32 97 4
32 68 5
32 62 -4
32 56 7
32 92 2
32 34 3
32 57 5
32 70 -8
32 64 2
32 95 -6
32 86 7
32 55 -5
33 46 8
33 73 9
33 58 -6
33 95 9
33 55 1
33 56 6
33 65 -5
33 62 6
33 97 -7
33 83 5
33 70 -1
33 43 -1
33 100 9
33 51 -8
33 61 -3
33 99 0
33 42 1
33 80 -2
33 41 9
33 68 1
33 52 -8
33 93 6
33 88 -4
33 75 -10
33 66 1
33 96 -6
33 78 -4
33 36 -10
33 72 3
33 37 5
33 59 10
33 74 -1
33 44 3
33 67 -4
33 92 -9
33 63 -10
33 64 -9
33 57 -10
33 69 10
33 45 10
33 48 -10
33 87 -1
33 86 -3
33 54 2
33 71 2
34 45 10
34 64 -3
34 97 9
34 57 -7
34 61 -7
34 86 -3
34 69 -10
34 36 2
34 71 -4
34 49 -1
34 73 -4
34 74 2
34 62 4
34 95 9
34 89 -1
34 75 8
34 70 -9
34 98 -7
34 41 -9
34 92 8
34 99 2
34 85 -8
34 40 -6
34 83 -7
34 59 -3
34 67 2
34 44 6
34 72 0
35 46 4
35 75 8
35 78 6
35 61 -4
35 65 4
35 79 8
35 71 1
35 89 -2
35 77 -5
35 60 -8
35 48 9
35 67 5
35 92 3
35 42 4
35 50 -7
35 54 7
35 53 -7
35 100 -6
35 38 9
35 74 9
35 56 -7
35 45 1
35 43 -1
35 97 9
35 37 -5
35 66 1
35 95 -3
35 52 2
35 69 3
35 88 -7
35 93 -8
35 85 7
36 79 -7
36 63 -10
36 51 7
36 84 -10
36 97 -1
36 70 6
36 77 0
36 55 0
36 90 9
36 46 9
36 50 -7
36 66 -8
36 98 7
36 76 1
36 81 4
36 61 1
36 68 -8
36 54 -7
36 45 -5
36 86 0
36 65 5
36 71 6
36 47 -7
36 49 -3
36 69 -4
36 95 6
36 74 -9
37 58 -3
37 53 -9
37 38 4
37 94 4
37 98 10
37 92 10
37 40 -2
37 85 -2
37 91 -9
37 41 -1
37 47 -7
37 73 4
37 90 -1
37 52 -6
37 51 -2
37 44 -1
37 60 -10
37 61 -7
37 74 2
37 64 3
37 59 -3
37 83 -6
37 57 -8
37 63 -3
37 95 -1
37 82 7
37 39 8
37 80 7
37 54 -4
37 43 -5
37 97 3
37 84 -3
37 87 2
37 42 -3
37 89 -8
37 72 -5
37 68 7
38 76 -8
38 53 1
38 82 2
38 69 -7
38 46 -2
38 78 8
38 50 -2
38 86 9
38 45 -3
38 96 -3
38 68 -3
38 62 -6
38 91 -1
38 75 -5
38 92 -8
38 39 8
38 65 4
38 55 -9
38 97 10
38 54 -8
38 100 1
38 88 5
38 67 -5
38 47 -2
38 89 7
38 49 -4
38 84 3
39 81 6
39 55 5
39 68 -4
39 75 0
39 84 0
39 78 -5
39 73 -10
39 58 -4
39 48 -10
39 80 -4
39 93 2
39 77 3
39 86 -5
39 54 -6
39 97 -10
39 45 -2
39 88 -9
39 59 -5
39 49 -9
39 57 5
39 53 2
39 94 2
39 83 -8
39 99 1
39 56 4
39 41 -1
39 76 -2
39 91 10
39 71 7
39 40 -5
39 66 1
39 62 7
39 72 -5
39 79 -4
39 85 -9
40 97 7
40 80 10
40 92 -10
40 65 -3
40 44 -7
40 64 8
40 62 5
40 46 6
40 91 4
40 98 0
40 60 -8
40 74 5
40 57 5
40 63 -1
40 82 9
40 59 -9
40 45 0
40 70 -6
40 48 -9
40 89 -6
40 50 3
40 61 -10
40 95 -7
40 58 9
40 71 0
40 81 -4
40 88 -8
40 55 -7
40 78 -2
40 68 -4
40 93 -10
41 50 -6
41 54 1
41 67 -6
41 76 10
41 49 -5
41 74 0
41 61 -6
41 44 7
41 59 -4
41 99 -10
41 88 3
41 77 -5
41 93 -1
41 86 -5
41 45 7
41 85 -7
41 91 2
41 83 -10
41 47 10
41 68 9
41 87 -7
41 78 3
41 48 -8
41 69 4
41 62 -1
41 81 7
41 53 -10
41 73 -7
42 100 -5
42 96 4
42 49 -7
42 98 -5
42 88 -1
42 69 -2
42 58 -7
42 63 -5
42 59 5
42 74 -2
42 99 -7
42 97 4
42 43 -9
42 57 4
42 78 1
42 52 0
42 89 5
42 75 -8
42 83 -9
42 54 7
42 81 2
42 60 0
42 62 -2
42 80 3
42 51 8
42 45 -3
42 76 -5
43 53 -5
43 80 -8
43 97 -6
43 68 -9
43 54 0
43 51 -8
43 92 -9
43 99 6
43 66 -2
43 77 1
43 48 1
43 70 3
43 61 7
43 83 9
43 46 9
43 76 -6
43 85 -8
43 94 9
43 78 9
43 71 7
43 88 3
43 65 3
43 55 10
43 58 6
44 51 -9
44 46 1
44 88 -10
44 57 -10
44 54 8
44 68 -2
44 48 -7
44 45 -9
44 50 -10
44 62 9
44 84 2
44 86 6
44 64 6
44 89 -3
44 55 -4
44 65 -6
44 100 9
44 99 -2
44 47 -7
44 56 0
44 91 -6
44 71 -3
44 73 -1
44 87 4
44 75 -1
45 49 -10
45 73 -9
45 63 5
45 58 -5
45 76 -1
45 47 -4
45 90 6
45 70 -9
45 97 0
45 94 4
45 57 0
45 77 -9
45 92 -7
45 87 10
45 51 2
45 75 -5
45 67 -2
45 56 0
45 100 -8
45 93 1
45 71 8
45 89 3
45 55 -7
45 79 -5
45 82 0
45 96 -3
46 73 9
46 78 3
46 81 -10
46 59 -9
46 52 0
46 67 -7
46 75 5
46 62 -2
46 89 -10
46 53 -7
46 96 9
46 63 9
46 79 9
46 64 -8
46 100 4
46 71 -7
46 60 -1
46 93 7
46 69 4
46 58 2
46 49 2
46 68 0
46 47 -1
46 87 -9
46 98 -10
46 50 6
46 82 -10
46 48 -1
46 54 0
46 95 4
47 83 -6
47 71 -8
47 76 10
47 82 8
47 85 -10
47 86 3
47 66 9
47 98 7
47 67 -10
47 65 5
47 63 -3
47 58 1
47 100 5
47 87 3
47 88 -3
47 96 9
47 99 5
47 75 -1
47 70 -4
47 72 2
47 92 -1
47 57 -3
47 55 10
47 60 -1
47 80 10
48 68 5
48 73 -2
48 72 2
48 59 -2
48 97 -7
48 98 -7
48 61 4
48 70 6
48 87 8
48 67 5
48 62 3
48 78 -5
48 100 10
48 57 8
48 51 -1
48 71 -3
48 49 -9
48 91 -10
48 50 2
48 74 -10
48 82 -5
48 80 -3
48 64 8
48 66 -9
48 69 3
48 94 6
49 78 -7
49 81 2
49 89 -8
49 84 4
49 93 -4
49 72 -4
49 55 -5
49 64 -4
49 66 -9
49 92 10
49 63 -3
49 85 -3
49 88 -3
49 90 7
49 52 0
49 98 9
49 54 -8
49 53 2
49 87 -3
49 62 -5
49 74 4
49 67 -10
49 94 0
50 82 -10
50 73 10
50 80 8
50 83 0
50 77 -10
50 88 9
50 58 7
50 53 5
50 99 2
50 57 10
50 64 6
50 81 2
50 55 2
50 68 4
50 59 -10
50 63 10
50 93 5
50 52 5
50 72 -9
50 85 7
50 91 2
51 86 -2
51 89 -5
51 90 6
51 93 -3
51 96 -5
51 57 4
51 53 1
51 76 3
51 58 -8
51 88 -7
51 85 -1
51 97 -4
51 79 10
51 63 8
51 69 -1
52 80 -1
52 54 -8
52 94 -2
52 70 8
52 57 4
52 97 -4
52 63 -1
52 91 -9
52 74 8
52 95 -9
52 66 7
52 68 -5
52 76 -3
52 72 8
52 64 2
52 62 7
52 89 -3
52 73 -9
52 84 0
52 88 -1
52 78 10
52 86 5
52 67 -5
52 81 -5
52 69 8
52 99 -4
52 87 10
52 58 -1
52 83 0
53 73 6
53 54 -10
53 83 -4
53 68 0
53 89 6
53 62 4
53 91 4
53 66 6
53 99 5
53 72 3
53 97 -8
53 82 5
53 59 -5
53 79 3
53 90 0
53 78 4
53 61 9
53 55 -4
53 85 2
53 94 -2
54 66 -1
54 96 -5
54 97 2
54 90 -10
54 56 -5
54 75 7
54 84 4
54 86 10
54 78 8
54 65 5
54 55 -7
54 83 0
54 72 10
54 87 -6
54 68 2
54 64 6
54 57 -8
54 88 -5
54 85 8
54 82 2
54 94 8
54 70 -3
55 63 -9
55 100 7
55 73 5
55 79 -6
55 65 7
55 94 -9
55 90 5
55 75 5
55 93 8
55 83 -5
55 68 3
55 82 -5
55 69 1
55 86 9
55 71 2
55 88 8
55 77 -2
55 97 -2
55 67 7
55 72 -8
55 99 2
55 78 -2
55 70 5
55 76 -9
55 56 2
55 59 -3
56 71 -1
56 70 5
56 80 1
56 96 6
56 62 -9
56 76 -5
56 97 9
56 73 -5
56 82 1
56 77 -1
56 85 8
56 63 7
56 83 6
56 74 -4
56 58 -7
56 93 0
56 95 -9
56 66 1
56 59 7
56 94 -6
56 99 -10
56 61 -7
56 100 -7
57 76 -10
57 100 -4
57 80 6
57 88 -7
57 85 -5
57 65 -5
57 90 -1
57 62 2
57 97 -6
57 58 7
57 89 -7
57 70 -7
57 94 -1
57 77 -7
57 81 0
57 61 7
57 79 -2
57 69 4
57 95 3
58 88 4
58 98 6
58 91 -4
58 99 1
58 68 3
58 71 -8
58 62 10
58 100 -8
58 70 -1
58 76 7
58 94 -4
58 93 0
58 61 -2
58 72 2
58 95 -5
58 90 5
58 87 -3
58 80 8
58 60 -2
58 64 2
58 77 0
58 66 1
58 75 7
59 99 2
59 60 -1
59 98 8
59 80 3
59 72 2
59 91 5
59 62 7
59 82 6
59 66 10
59 87 -8
59 94 -10
59 95 6
59 69 -8
59 84 10
59 86 8
59 67 0
59 64 9
59 96 1
59 83 -4
60 64 8
60 92 -3
60 97 8
60 61 -8
60 86 3
60 99 -2
60 74 -2
60 81 9
60 65 4
60 70 4
60 87 8
60 71 -3
60 63 6
60 62 10
60 77 -8
60 68 -8
60 91 -2
60 66 -7
60 96 -9
60 93 1
60 100 -2
61 65 -3
61 91 -4
61 96 -1
61 92 9
61 79 4
61 97 0
61 93 -6
61 83 -9
61 86 3
61 82 8
61 64 -10
61 77 3
61 76 -6
61 100 4
61 88 9
61 63 -1
61 78 9
61 70 -3
61 89 1
61 72 0
61 98 -4
61 73 -2
62 69 0
62 76 -1
62 95 8
62 77 1
62 74 10
62 70 4
62 81 5
62 99 -6
62 78 -9
62 73 4
62 68 7
62 67 -10
62 93 0
62 84 10
62 89 -4
62 71 8
62 63 -10
62 94 -7
62 92 3
62 86 3
62 87 -8
62 98 -6
62 72 -1
62 97 1
62 88 -4
63 68 1
63 85 -3
63 76 0
63 84 9
63 91 1
63 86 -5
63 89 6
63 82 -1
63 90 -5
63 73 7
63 88 -10
64 88 2
64 96 7
64 90 2
64 100 -7
64 70 6
64 86 -6
64 98 -4
64 99 1
64 72 -3
64 68 -2
64 93 -8
64 91 10
64 94 9
64 78 -7
64 77 5
64 71 -9
64 67 0
64 92 1
64 66 8
65 75 3
65 88 7
65 68 8
65 84 2
65 98 1
65 80 -3
65 100 8
65 66 9
65 81 -7
65 73 -4
65 85 1
65 76 4
65 99 2
65 97 -2
65 94 9
65 90 4
65 77 10
65 87 3
65 69 6
65 95 3
66 86 2
66 96 -10
66 71 8
66 67 3
66 92 10
66 70 5
66 91 -8
66 72 -9
66 100 1
66 90 -3
66 78 10
66 88 -4
66 69 -10
66 89 -2
66 80 -3
66 97 3
66 84 -9
66 81 -9
66 82 -3
67 89 -2
67 87 -8
67 69 0
67 80 5
67 76 1
67 77 6
67 82 -9
67 94 2
67 79 6
67 78 0
67 86 4
67 90 3
67 85 7
68 81 8
68 100 6
68 73 -6
68 74 4
68 78 -5
68 99 0
68 76 2
68 90 0
68 82 3
68 84 6
68 88 -3
68 97 8
68 92 6
68 70 5
68 89 4
68 95 -10
69 73 2
69 96 -3
69 95 1
69 80 -4
69 94 1
69 82 0
69 87 -6
69 89 -5
69 86 3
69 72 6
69 84 4
69 98 -9
69 75 2
69 74 -2
69 83 -10
69 81 -9
69 78 7
70 72 -8
70 86 4
70 83 -4
70 89 3
70 99 -9
70 80 -3
70 79 2
70 82 -4
70 85 -10
70 93 2
70 96 2
70 88 -8
70 100 2
70 81 2
70 94 -3
70 95 -9
70 73 -1
70 77 2
71 77 -1
71 82 9
71 72 10
71 74 -3
71 79 -4
71 78 2
71 99 -6
71 75 -8
71 83 -3
71 100 5
71 80 -2
71 85 -4
71 76 0
71 89 8
71 95 -3
71 98 7
71 92 3
72 78 0
72 99 -7
72 73 10
72 83 1
72 77 -8
72 74 -5
72 97 -6
72 80 -9
72 84 8
72 85 4
72 86 0
72 76 2
72 96 -4
72 92 -10
73 96 2
73 77 -10
73 81 8
73 99 -4
73 76 -6
73 90 -7
73 84 -10
73 97 -8
73 79 -9
73 95 -5
73 80 3
73 91 10
73 82 4
73 74 -1
74 76 6
74 99 2
74 90 2
74 93 4
74 78 6
74 79 -6
74 89 -8
74 97 10
74 98 6
74 84 10
74 91 0
74 88 5
74 81 8
74 95 -8
74 85 6
74 77 5
74 86 6
75 94 10
75 90 -5
75 76 7
75 87 -1
75 84 -2
75 85 9
76 79 10
76 99 -3
76 87 -8
76 83 -8
76 92 1
76 89 9
76 97 0
76 77 -5
76 90 -8
77 88 6
77 93 5
77 100 -9
77 95 -4
77 80 -8
77 99 -5
77 92 3
77 87 10
77 82 -1
77 90 -5
78 86 -8
78 95 9
78 94 10
78 92 9
78 100 4
78 98 9
78 91 -10
78 84 7
78 88 1
78 89 -9
79 97 7
79 88 7
79 92 1
79 81 0
79 82 -7
79 95 -6
79 98 6
79 86 9
79 93 0
79 96 -6
79 99 1
79 84 2
79 83 7
80 86 -8
80 98 -6
80 95 10
80 90 10
80 83 -10
80 81 1
80 94 -4
81 98 -6
81 89 6
81 85 6
81 100 2
81 92 -7
81 94 10
81 82 9
81 84 -4
81 96 1
82 98 -2
82 88 9
82 90 10
82 95 7
83 99 9
83 100 -1
83 94 -6
83 90 -5
83 87 0
83 86 1
83 88 -10
83 96 -5
83 84 6
83 95 -4
84 99 0
84 87 6
84 90 0
84 94 -7
84 95 8
84 93 -5
84 91 10
84 96 -7
84 98 -7
85 89 4
85 91 7
85 92 0
85 95 -10
85 98 -2
85 90 -2
85 86 -7
86 87 1
86 91 8
86 89 9
86 95 8
86 97 0
87 89 7
87 99 2
87 100 -1
87 94 8
87 90 -2
88 96 2
88 95 -1
88 90 9
88 97 8
88 94 7
88 98 3
89 95 1
89 96 0
89 91 4
89 92 4
89 99 9
90 99 -1
90 94 -7
90 96 -3
90 95 3
90 92 -3
90 100 8
90 91 -7
91 97 -10
91 96 0
91 98 10
91 95 -7
91 93 -9
92 97 5
92 96 3
93 98 1
93 99 -7
93 94 -5
93 97 5
93 100 6
93 95 6
94 95 -2
95 100 -6
95 99 -10
95 98 -3
96 97 1
96 99 8
96 100 10
97 99 9
98 99 -9
99 100 -10
