100 2475 
1 36 1
1 2 -1
1 90 -5
1 21 4
1 25 -7
1 72 -5
1 37 5
1 59 1
1 67 3
1 5 3
1 83 -3
1 58 -3
1 77 -6
1 20 -7
1 53 6
1 10 5
1 100 -6
1 16 5
1 76 9
1 95 6
1 22 7
1 34 5
1 73 -4
1 3 -3
1 54 -2
1 81 3
1 6 2
1 42 0
1 12 -6
1 68 -9
1 56 -1
1 28 -1
1 7 8
1 79 -9
1 50 10
1 86 -4
1 60 -8
1 45 5
1 13 6
1 63 -7
1 15 -7
1 35 -10
1 11 9
1 99 2
1 57 -5
1 38 -9
1 44 10
1 30 -9
2 70 -10
2 19 2
2 88 1
2 33 -3
2 48 -1
2 94 5
2 10 -5
2 30 -1
2 100 0
2 91 1
2 23 5
2 76 4
2 18 5
2 98 9
2 34 3
2 84 -6
2 79 7
2 66 10
2 92 -8
2 53 -1
2 85 -9
2 64 1
2 56 -6
2 63 4
2 78 -9
2 25 -3
2 99 -2
2 38 3
2 45 1
2 5 -9
2 73 0
2 97 -6
2 40 10
2 83 7
2 15 -9
2 52 0
2 7 3
2 6 7
2 54 9
2 75 1
2 31 9
2 82 -2
2 74 -5
2 60 8
2 55 -8
2 93 -5
2 27 1
2 35 3
3 48 6
3 88 2
3 71 -2
3 59 -6
3 61 -4
3 86 -3
3 91 10
3 38 -4
3 22 6
3 44 8
3 5 1
3 33 7
3 19 -1
3 50 -7
3 51 0
3 64 -9
3 37 -6
3 93 4
3 72 2
3 98 2
3 60 -1
3 41 -7
3 82 -7
3 78 -1
3 92 -4
3 46 3
3 80 -6
3 74 10
3 63 9
3 30 6
3 14 6
3 27 -3
3 79 8
3 90 -3
3 16 0
3 12 6
3 45 9
3 39 -6
3 49 10
3 4 1
3 85 -3
3 83 -9
3 8 -6
3 96 -7
3 89 2
3 35 2
3 47 -9
4 5 -2
4 33 6
4 8 2
4 53 -5
4 26 -6
4 49 5
4 69 -1
4 85 9
4 52 7
4 68 2
4 92 -9
4 73 -5
4 28 6
4 40 -7
4 76 -2
4 16 -5
4 61 -1
4 37 0
4 56 -10
4 71 -2
4 30 0
4 64 2
4 21 1
4 6 -8
4 10 -10
4 65 -9
4 32 -8
4 27 -6
4 58 -10
4 67 -9
4 22 -7
4 35 -5
4 31 -6
4 48 3
4 34 3
4 93 -6
4 44 -3
4 59 2
4 42 -6
4 51 9
4 74 9
4 83 0
5 38 -6
5 44 -10
5 70 -1
5 20 2
5 26 -9
5 55 10
5 69 -4
5 63 3
5 39 2
5 33 0
5 50 1
5 90 -8
5 100 -8
5 65 -4
5 74 -6
5 29 -10
5 35 4
5 73 8
5 94 2
5 32 -4
5 9 2
5 67 1
5 88 10
5 28 10
5 58 -4
5 54 8
5 34 0
5 97 3
5 12 -10
5 23 4
5 86 -7
5 11 1
5 59 3
5 18 4
5 96 -1
5 45 2
5 21 -10
5 76 -2
5 37 8
5 62 -7
5 8 10
5 15 -9
5 42 -2
5 79 -5
5 78 10
5 95 -7
5 19 5
5 77 -9
5 14 -3
5 92 7
5 75 -3
5 16 8
6 54 0
6 62 2
6 70 -5
6 9 -8
6 36 0
6 21 1
6 45 -5
6 41 10
6 12 -6
6 52 3
6 60 -4
6 68 10
6 79 -5
6 13 10
6 76 4
6 93 -10
6 71 -4
6 20 -7
6 77 -10
6 94 2
6 65 8
6 19 3
6 90 -5
6 78 -1
6 33 -1
6 16 -1
6 17 -3
6 30 -6
6 88 1
6 55 -10
6 63 -1
6 37 -6
6 35 6
6 72 4
6 84 -3
6 100 5
6 95 -3
6 39 8
6 80 -3
6 49 -8
6 18 -4
6 43 9
6 58 1
6 22 1
6 96 1
6 57 -4
6 27 -5
6 85 -9
6 87 8
6 59 8
6 26 1
7 64 -1
7 98 2
7 55 -3
7 10 -2
7 58 -6
7 32 8
7 24 8
7 41 -7
7 100 4
7 28 10
7 49 2
7 56 -3
7 18 9
7 36 -6
7 90 10
7 44 5
7 29 1
7 38 3
7 93 -8
7 74 -10
7 48 9
7 8 -4
7 23 8
7 26 3
7 91 9
7 43 -3
7 99 -8
7 88 0
7 9 -2
7 61 7
7 30 -2
7 65 10
7 71 7
7 31 4
7 54 4
7 92 5
7 95 -4
7 77 1
7 17 -3
7 69 -5
7 21 7
7 82 0
7 46 3
7 73 5
7 70 6
7 11 -5
7 60 -2
7 35 8
7 85 6
8 79 3
8 92 -3
8 75 -1
8 58 0
8 53 -1
8 93 -3
8 84 -9
8 71 1
8 54 0
8 80 10
8 9 6
8 36 9
8 96 -10
8 55 3
8 66 -1
8 31 3
8 12 -2
8 39 7
8 74 0
8 65 1
8 82 6
8 50 -7
8 46 4
8 32 6
8 10 6
8 85 9
8 78 5
8 16 -2
8 15 -1
8 87 -6
8 76 -2
8 89 -9
8 51 8
8 25 1
8 99 1
8 21 10
8 59 10
9 41 3
9 45 -3
9 68 -3
9 29 -4
9 91 1
9 32 1
9 46 4
9 58 -4
9 62 4
9 35 8
9 21 -1
9 95 4
9 12 10
9 47 9
9 93 -5
9 59 0
9 99 3
9 56 2
9 23 -2
9 30 -7
9 85 0
9 54 -3
9 90 -2
9 84 -10
9 43 -1
9 14 -8
9 76 -9
9 69 10
9 28 3
9 63 -2
9 70 0
9 22 -9
9 75 3
9 42 6
9 18 -7
9 98 -9
9 74 8
9 36 10
9 53 -10
9 11 9
10 41 -3
10 30 -4
10 72 -5
10 68 -4
10 16 10
10 95 -5
10 80 -7
10 73 -3
10 50 5
10 42 1
10 21 1
10 60 -8
10 33 -7
10 19 3
10 37 3
10 52 2
10 77 7
10 23 8
10 26 -3
10 31 8
10 55 5
10 28 4
10 20 6
10 36 -5
10 35 -3
10 92 4
10 74 8
10 12 -1
10 53 -5
10 54 10
10 98 -4
10 82 8
10 97 3
10 63 7
10 83 9
10 85 -1
10 66 -3
10 25 7
10 100 -4
10 32 -4
10 38 -9
10 89 4
10 99 -3
10 34 7
10 15 -7
10 43 8
11 91 -10
11 84 9
11 93 8
11 59 6
11 74 7
11 27 1
11 98 4
11 20 -2
11 14 -4
11 47 6
11 66 10
11 41 4
11 96 -3
11 65 -9
11 48 -10
11 86 4
11 80 7
11 18 -5
11 13 -7
11 81 0
11 63 3
11 43 9
11 64 -5
11 50 3
11 39 -7
11 16 5
11 30 9
11 58 -2
11 55 -5
11 19 -3
11 45 -4
11 87 5
11 32 5
11 60 4
11 62 10
11 54 2
11 52 -6
11 89 -10
11 22 -2
11 29 5
11 49 7
11 37 -3
11 38 -10
11 15 -10
11 53 3
11 75 -4
11 24 -1
12 44 -5
12 58 4
12 28 5
12 23 -8
12 89 -7
12 63 -3
12 80 5
12 39 -1
12 17 -7
12 43 -5
12 85 3
12 57 5
12 64 -2
12 73 -3
12 71 -3
12 35 4
12 97 2
12 94 -9
12 41 -2
12 99 7
12 20 9
12 98 9
12 15 -9
12 19 0
12 66 -9
12 70 3
12 61 -3
12 65 2
12 49 -6
12 88 2
12 86 1
12 78 -1
12 96 10
12 38 6
12 56 -3
12 54 -7
12 26 1
12 59 -6
12 22 -1
12 47 7
12 14 7
12 21 7
12 79 -5
12 75 -2
12 33 -3
12 45 4
12 62 0
13 92 5
13 31 -9
13 42 9
13 47 6
13 30 -4
13 50 5
13 85 3
13 54 4
13 95 -8
13 77 -2
13 81 -2
13 58 1
13 89 2
13 93 -9
13 15 3
13 14 -3
13 19 8
13 74 -6
13 96 -2
13 16 7
13 80 -6
13 60 8
13 34 -3
13 46 -10
13 38 -10
13 62 8
13 90 -1
13 43 -3
13 45 7
13 59 9
13 67 6
13 26 6
13 25 -5
13 73 -2
13 76 -3
13 22 4
13 97 4
13 20 -4
13 51 -8
13 28 -6
13 52 -4
13 68 -9
13 56 -3
14 45 -10
14 78 -4
14 51 0
14 32 -10
14 60 6
14 38 2
14 54 -6
14 40 10
14 74 -1
14 64 -3
14 65 -8
14 24 -2
14 99 -8
14 50 -8
14 39 7
14 28 7
14 82 5
14 95 0
14 58 -5
14 85 5
14 73 7
14 67 9
14 59 7
14 71 -9
14 83 5
14 25 -2
14 70 -6
14 48 -7
14 75 -9
14 96 3
14 98 0
14 47 -2
14 89 -9
14 66 -10
14 53 2
14 61 -8
14 21 5
14 15 10
14 18 -6
14 77 10
14 69 2
14 29 -5
14 92 -2
14 68 -9
14 22 -4
14 76 0
14 49 4
14 97 0
14 94 10
15 39 6
15 60 1
15 75 -6
15 64 9
15 78 4
15 99 9
15 65 -1
15 36 -5
15 50 8
15 96 6
15 54 9
15 21 -2
15 18 9
15 23 -2
15 77 -3
15 26 -10
15 46 -5
15 73 -7
15 24 -3
15 33 2
15 94 2
15 49 -4
15 93 0
15 35 -3
15 76 -5
15 30 6
15 86 3
15 29 -7
15 74 10
15 28 -2
15 43 -5
15 62 10
15 88 0
15 69 6
15 56 10
15 92 4
15 91 5
15 37 2
15 42 -6
15 79 -3
15 52 10
15 63 -5
15 22 8
15 61 1
15 38 -3
15 51 1
15 83 -5
15 19 -7
16 76 -8
16 55 10
16 51 -4
16 63 6
16 37 8
16 40 6
16 26 0
16 81 1
16 31 7
16 85 0
16 38 -8
16 66 10
16 82 8
16 97 7
16 28 8
16 30 6
16 23 5
16 100 10
16 65 8
16 46 -1
16 58 -2
16 96 -9
16 73 10
16 22 -5
16 41 7
16 21 4
16 79 8
16 56 3
16 84 -10
16 70 -5
16 20 -3
16 67 -6
16 64 -7
16 29 9
16 75 10
16 19 -4
16 69 -6
16 68 -6
17 67 4
17 35 -3
17 78 7
17 32 -8
17 38 4
17 97 -3
17 51 -8
17 93 -4
17 31 -9
17 75 -10
17 94 -3
17 24 4
17 90 7
17 87 10
17 92 -4
17 91 -3
17 47 -10
17 88 -9
17 59 5
17 89 5
17 52 -4
17 60 4
17 100 -4
17 45 -7
17 19 -2
17 22 -7
17 39 10
17 40 10
17 76 -8
17 74 0
17 99 2
17 37 -10
17 27 -2
17 33 -9
18 64 -10
18 70 -6
18 68 7
18 25 4
18 58 -6
18 65 8
18 91 -2
18 46 2
18 47 1
18 72 1
18 19 -9
18 93 6
18 54 8
18 96 2
18 49 -9
18 53 -8
18 78 -9
18 84 -2
18 52 5
18 77 -7
18 37 -2
18 73 0
18 31 -1
18 59 8
18 60 -8
18 95 10
18 85 -9
18 83 5
18 100 10
18 71 -8
18 82 8
18 66 -3
18 80 -7
18 34 -3
18 23 4
18 61 -3
18 90 -2
18 88 8
18 69 -5
18 97 -7
18 45 10
18 27 4
18 44 4
18 48 -9
18 32 7
19 65 -6
19 27 -10
19 98 -9
19 59 -10
19 99 7
19 92 -4
19 61 -2
19 47 -3
19 71 -9
19 45 -5
19 67 -10
19 87 3
19 28 0
19 75 -9
19 76 -8
19 82 0
19 39 9
19 77 -7
19 49 -9
19 91 3
19 93 -9
19 94 3
19 44 -3
19 54 -8
19 50 -2
19 30 0
19 26 1
19 95 4
19 83 7
19 48 10
19 73 -7
19 97 -1
20 84 -1
20 27 6
20 67 -2
20 46 6
20 92 9
20 73 5
20 49 -8
20 86 0
20 57 0
20 78 -1
20 61 0
20 85 -10
20 37 -10
20 47 -7
20 40 1
20 80 2
20 58 6
20 75 3
20 41 1
20 50 5
20 71 9
20 79 -4
20 38 -3
20 33 -7
20 99 -10
20 43 -8
20 34 5
20 53 -6
20 42 -5
20 64 -8
20 98 10
20 83 3
20 35 -2
20 45 -10
20 23 6
20 74 -1
20 32 -4
20 72 3
20 29 -6
20 91 -9
20 25 -3
20 62 2
20 97 -5
20 96 -8
20 60 2
20 100 -6
20 76 -1
20 94 6
21 26 9
21 66 3
21 64 -8
21 43 1
21 60 -10
21 48 9
21 95 2
21 55 9
21 97 -4
21 58 -3
21 75 0
21 38 3
21 83 8
21 89 2
21 65 -4
21 71 10
21 73 9
21 27 2
21 99 -2
21 37 -9
21 39 -9
21 63 -7
21 31 4
21 94 3
21 59 2
21 44 -10
21 23 4
21 52 -2
21 70 10
21 46 -3
21 88 8
21 98 1
21 72 2
21 79 -9
21 45 -2
21 56 -4
21 85 10
22 51 3
22 57 -4
22 63 3
22 49 3
22 48 -10
22 53 3
22 32 2
22 25 -8
22 89 -4
22 42 1
22 90 7
22 44 1
22 85 8
22 97 -3
22 87 -7
22 79 -5
22 55 7
22 68 0
22 60 9
22 59 8
22 45 1
22 75 5
22 38 -5
22 31 -10
22 73 2
22 99 -4
22 65 -3
22 54 -2
22 37 1
22 78 -3
22 76 7
22 61 1
23 51 -10
23 81 1
23 88 3
23 52 -9
23 64 -2
23 74 6
23 55 1
23 32 -9
23 35 5
23 53 -2
23 33 -8
23 100 6
23 57 2
23 73 7
23 25 6
23 42 9
23 92 -8
23 45 5
23 39 10
23 94 -9
23 90 10
23 28 -2
23 38 -9
23 79 -9
23 62 -2
23 68 -1
23 43 -4
23 48 1
23 49 -10
23 65 9
23 40 -7
23 63 -2
23 36 -8
23 41 -6
23 67 2
23 89 -5
23 76 -9
23 47 5
23 77 0
24 89 3
24 39 9
24 64 -3
24 80 -9
24 92 -4
24 97 -9
24 63 5
24 29 7
24 61 8
24 50 0
24 60 -3
24 31 8
24 78 -4
24 35 -6
24 55 4
24 100 -9
24 94 9
24 67 1
24 26 3
24 69 -9
24 86 5
24 43 -4
24 57 -1
24 49 6
24 73 -6
24 90 4
24 25 4
24 53 9
24 96 -3
24 27 6
24 98 3
24 77 -6
24 88 5
24 59 9
24 30 -8
24 42 1
24 34 -5
24 28 -7
24 91 -7
24 33 2
24 75 -8
24 58 -8
25 54 -10
25 87 -8
25 69 6
25 28 0
25 41 5
25 65 -6
25 95 -1
25 75 5
25 68 -3
25 97 -10
25 90 4
25 36 -1
25 88 -8
25 30 1
25 34 -3
25 70 -5
25 89 -4
25 98 -8
25 72 -8
25 49 2
25 80 -5
25 46 -9
25 83 9
25 64 -6
25 51 3
25 50 -8
25 92 6
25 63 -1
25 82 -1
25 38 -4
25 60 4
25 59 2
25 44 -3
25 99 -5
25 71 0
25 77 -2
26 68 0
26 94 -6
26 44 2
26 45 -8
26 99 6
26 60 -4
26 91 -9
26 72 -7
26 32 4
26 88 9
26 89 4
26 63 -7
26 86 -3
26 50 -4
26 81 1
26 38 -3
26 82 5
26 58 5
26 33 8
26 41 -7
26 57 7
26 71 2
26 29 -5
26 59 10
26 30 7
26 46 -1
26 80 4
26 95 5
26 75 4
26 31 4
26 37 6
26 70 7
26 96 6
26 64 0
26 62 -2
26 40 1
26 56 -2
26 65 2
26 48 1
26 51 -8
26 49 2
26 87 0
26 35 -5
26 28 -2
26 90 -10
26 43 7
26 73 -3
26 55 6
26 76 -2
27 52 -10
27 94 -9
27 37 3
27 76 -1
27 46 -10
27 92 4
27 39 -4
27 95 6
27 49 10
27 29 8
27 67 6
27 33 5
27 31 3
27 80 -7
27 35 -7
27 48 2
27 64 1
27 36 10
27 99 -3
27 85 -6
27 60 10
27 54 -6
27 84 4
27 98 9
27 87 6
27 32 3
27 61 5
27 47 7
27 68 -8
27 97 -2
27 77 10
27 66 10
27 50 10
27 78 7
27 38 -5
27 70 9
27 53 -9
27 41 -3
27 56 -1
27 96 -4
27 42 -7
27 45 -1
27 28 -3
27 100 5
28 74 -6
28 69 3
28 82 2
28 87 -3
28 89 7
28 49 1
28 33 -2
28 38 -2
28 64 -5
28 65 4
28 70 10
28 75 2
28 35 7
28 34 9
28 57 -1
28 50 6
28 58 5
28 85 2
28 51 -1
28 73 -4
28 63 -5
28 47 -6
28 61 -7
28 53 8
28 91 -1
28 90 0
28 72 -8
28 68 -7
28 52 1
28 79 10
28 39 5
28 92 1
28 32 -8
28 54 -6
28 81 1
28 42 1
28 62 -5
28 88 5
29 49 -10
29 81 -1
29 80 -3
29 78 -6
29 36 -8
29 46 10
29 74 -5
29 54 -1
29 95 -5
29 53 5
29 30 5
29 52 10
29 73 -9
29 100 5
29 90 0
29 94 -6
29 70 9
29 60 -8
29 31 4
29 34 6
29 35 -1
29 82 5
29 45 9
29 69 -2
29 55 -9
29 57 6
29 47 -9
29 93 6
29 61 8
29 62 -10
29 38 2
29 83 7
29 88 4
29 84 -1
29 98 5
29 85 0
29 51 -3
29 72 1
29 65 10
29 89 -5
29 99 7
29 63 -8
29 71 -9
30 79 7
30 62 -10
30 57 -6
30 41 3
30 71 -10
30 90 -1
30 66 0
30 81 3
30 95 -6
30 100 5
30 43 7
30 31 -1
30 52 5
30 36 2
30 33 -7
30 78 -6
30 59 -5
30 88 10
30 98 7
30 40 -2
30 75 -10
30 73 1
30 39 -8
30 91 2
30 69 4
30 94 1
30 58 10
30 47 -6
30 87 7
30 49 3
30 99 0
30 55 -10
30 80 -7
30 82 -10
30 65 -2
30 46 -6
30 77 5
30 61 8
30 97 -6
30 85 -10
30 72 8
31 34 -8
31 43 1
31 79 -7
31 76 -3
31 66 -6
31 62 3
31 49 0
31 33 -2
31 50 -4
31 44 1
31 45 -10
31 71 -6
31 69 0
31 74 -6
31 98 8
31 67 -4
31 87 5
31 78 1
31 64 -6
31 86 -3
31 51 9
31 35 10
31 97 8
31 72 -10
31 92 -10
31 61 -7
31 32 4
31 54 -5
31 89 9
31 91 -10
31 63 -2
31 95 2
31 81 -5
31 94 -4
31 38 -5
31 46 0
31 37 6
31 47 -3
31 85 -5
32 34 -9
32 75 5
32 47 -6
32 64 -7
32 98 -5
32 74 8
32 84 7
32 90 -4
32 37 -5
32 71 -9
32 35 7
32 92 -10
32 53 -1
32 44 -5
32 96 -6
32 56 10
32 62 0
32 73 2
32 87 -8
32 70 6
32 65 -7
32 67 -1
32 88 -5
32 95 1
32 40 0
32 41 -5
32 94 -8
33 77 4
33 84 -2
33 48 5
33 60 -6
33 55 8
33 62 8
33 96 -3
33 81 0
33 97 7
33 39 1
33 53 10
33 43 7
33 73 -10
33 98 3
33 74 10
33 37 -9
33 87 0
33 52 9
33 72 -3
33 66 -2
33 82 4
33 57 7
33 61 -3
33 99 5
33 100 -3
33 40 -3
33 59 -2
33 78 -4
33 94 7
33 58 6
33 38 -3
33 54 10
33 56 3
33 65 0
33 92 6
33 89 2
33 67 -8
34 93 9
34 49 0
34 72 -1
34 95 6
34 48 -8
34 77 6
34 81 -8
34 73 9
34 47 1
34 54 -9
34 70 3
34 75 -5
34 65 -1
34 82 10
34 37 -9
34 66 -5
34 43 -9
34 74 8
34 90 -6
34 63 5
34 91 -2
34 52 -9
34 79 7
34 62 -5
34 84 -5
34 57 -3
34 92 2
34 41 4
34 78 -5
34 83 1
34 44 8
34 67 4
35 83 -7
35 99 -7
35 73 9
35 39 -4
35 56 1
35 47 -7
35 87 3
35 93 -9
35 52 -10
35 71 2
35 46 9
35 81 -5
35 37 7
35 63 9
35 42 -2
35 59 10
35 54 -6
35 70 -8
35 79 -3
35 75 2
35 72 -10
35 58 2
35 43 3
35 68 -10
35 80 -8
35 51 0
35 76 4
35 60 3
35 85 7
35 95 -3
35 69 -7
35 38 8
35 98 -3
35 89 -7
35 36 -1
36 76 -6
36 50 4
36 82 -2
36 89 1
36 64 7
36 52 -5
36 77 10
36 44 -2
36 66 -10
36 95 8
36 51 -10
36 63 0
36 100 9
36 75 -2
36 79 10
36 85 -6
36 39 0
36 55 10
36 87 8
36 54 6
36 46 6
36 86 7
36 84 10
36 38 -5
36 57 -8
36 61 -9
36 71 -5
36 81 8
36 73 -8
36 42 -3
36 72 6
37 50 2
37 70 -4
37 39 -7
37 96 -10
37 78 -5
37 84 3
37 92 -9
37 89 -8
37 76 -2
37 67 -9
37 58 -9
37 52 -8
37 75 -4
37 86 7
37 61 6
37 87 -9
37 55 -9
37 62 -1
37 100 -8
37 71 -2
37 60 -6
37 72 -10
37 54 -3
37 95 -5
37 83 6
37 42 3
37 64 8
37 40 0
37 46 7
37 57 4
37 56 -7
37 97 -5
37 74 -6
37 91 10
37 90 3
37 45 1
37 48 7
37 98 -2
38 39 5
38 95 5
38 40 2
38 41 -2
38 44 -5
38 72 6
38 80 4
38 76 -3
38 97 -5
38 46 7
38 57 -8
38 69 -6
38 53 -3
38 84 1
38 98 2
38 77 10
38 43 6
38 88 9
38 93 5
38 51 1
38 89 -2
38 55 -1
38 92 -4
38 64 4
38 78 -1
38 49 -2
38 48 -7
38 67 -1
38 71 7
38 68 -8
38 70 -2
39 100 -7
39 64 5
39 46 1
39 49 -8
39 98 10
39 87 9
39 84 -1
39 54 1
39 56 0
39 88 -10
39 50 4
39 79 2
39 75 5
39 71 3
39 97 7
39 91 -3
39 47 -2
39 40 6
39 53 -10
39 60 9
39 82 5
39 57 -2
39 80 -6
39 58 -1
39 78 5
39 42 -3
39 52 3
39 81 -1
40 92 -5
40 95 2
40 77 8
40 56 2
40 72 2
40 100 6
40 91 -8
40 75 6
40 50 7
40 58 2
40 93 2
40 78 5
40 73 2
40 89 -1
40 61 -3
40 67 -7
40 88 -4
40 68 -4
40 54 9
40 59 -9
40 87 4
40 83 -8
40 84 4
40 44 -6
40 60 8
40 53 -6
40 57 5
40 46 10
41 42 6
41 84 -9
41 88 -10
41 58 1
41 50 1
41 72 10
41 67 -8
41 45 -5
41 61 -4
41 94 2
41 60 -2
41 73 -2
41 57 -6
41 59 -5
41 51 0
41 49 3
41 97 8
41 52 -4
41 56 0
41 64 -3
41 47 10
41 96 -10
41 89 6
41 69 -4
41 43 -9
41 68 0
41 100 -8
41 76 -1
41 91 0
41 81 0
41 48 -1
41 87 4
41 98 3
41 79 -8
41 63 7
42 78 4
42 81 2
42 92 -9
42 100 -9
42 45 -9
42 43 10
42 94 5
42 73 2
42 77 6
42 83 3
42 71 -7
42 70 -10
42 47 -5
42 51 -5
42 99 -1
42 69 -7
42 97 -6
42 95 -10
42 67 9
42 90 -5
42 79 9
42 66 -5
42 65 -8
43 97 10
43 66 -5
43 70 -8
43 94 1
43 88 6
43 58 1
43 87 0
43 92 5
43 91 2
43 55 3
43 44 6
43 86 6
43 69 -7
43 80 1
43 72 10
43 79 -3
43 68 -9
43 54 6
43 60 -6
43 82 7
43 67 5
43 56 10
43 98 9
43 45 -10
43 63 2
43 47 -4
43 85 8
43 51 2
43 50 2
43 64 10
43 74 6
43 83 -5
43 100 7
44 69 -1
44 71 8
44 74 -9
44 49 -7
44 73 2
44 65 5
44 98 4
44 54 5
44 76 -10
44 94 -1
44 93 9
44 84 4
44 82 9
44 86 4
44 53 10
44 89 -7
44 57 10
44 85 -8
44 90 6
44 72 -6
44 75 6
45 57 -3
45 47 4
45 62 10
45 72 -7
45 69 -6
45 94 -8
45 87 -10
45 52 0
45 65 -10
45 58 -10
45 55 -7
45 73 5
45 48 7
45 67 -8
45 63 2
45 81 -3
45 64 6
45 98 -4
45 59 -7
45 49 -7
45 56 9
45 74 2
45 66 5
45 50 2
45 86 8
45 75 -2
45 100 -2
46 80 -9
46 98 -3
46 71 -4
46 69 -8
46 73 -1
46 54 9
46 53 -4
46 65 -5
46 84 -3
46 56 1
46 75 -8
46 97 10
46 59 10
46 94 0
46 60 -10
46 76 -7
46 79 4
46 68 10
46 88 4
46 86 -4
46 64 0
46 90 -2
47 68 9
47 89 -3
47 80 -8
47 78 8
47 49 -4
47 75 8
47 48 -1
47 87 -3
47 67 1
47 81 -4
47 94 3
47 93 1
47 83 -7
47 92 5
47 61 8
47 64 -4
47 90 5
47 66 8
47 85 6
47 63 10
47 97 -10
47 71 3
47 73 -6
47 60 2
47 95 -5
47 52 5
48 98 -10
48 68 9
48 62 9
48 92 9
48 82 9
48 64 -3
48 76 -1
48 55 10
48 50 4
48 100 3
48 77 6
48 99 3
48 73 -10
48 95 10
48 70 7
48 83 1
48 60 -4
48 66 -9
48 59 2
48 67 -10
48 74 0
48 49 1
48 87 5
48 63 -1
48 75 -8
48 54 1
48 52 3
48 81 8
48 89 7
49 88 7
49 59 -4
49 98 -9
49 78 3
49 55 6
49 66 -1
49 54 9
49 63 9
49 94 -3
49 79 -1
49 75 7
49 82 -5
49 52 -9
49 65 -2
49 51 10
49 53 -10
49 76 2
49 67 1
49 100 -3
49 71 10
49 87 -7
50 76 6
50 90 5
50 86 4
50 82 -8
50 80 -9
50 52 -9
50 72 -3
50 100 3
50 95 1
50 83 3
50 91 -1
50 78 -6
50 77 10
50 97 7
50 75 10
50 79 -10
50 67 3
50 84 5
50 74 3
50 81 -2
50 64 9
50 71 4
50 99 6
50 88 7
50 62 -9
50 61 -1
51 70 6
51 92 3
51 84 -2
51 74 -4
51 66 10
51 79 10
51 86 3
51 100 4
51 57 -1
51 69 2
51 71 -8
51 72 9
51 83 6
51 65 6
51 89 -10
51 91 -2
51 53 -1
51 54 1
51 94 3
51 85 5
51 82 -2
51 78 6
51 98 10
51 93 -7
51 56 6
51 96 -8
51 62 -9
51 60 9
51 52 4
51 99 6
52 95 -5
52 82 -7
52 91 0
52 54 5
52 71 -9
52 99 7
52 83 -8
52 92 4
52 93 9
52 76 3
52 86 -10
52 85 9
52 64 -4
52 56 -1
52 59 -2
52 97 6
52 61 3
52 90 3
52 66 4
53 95 4
53 57 -10
53 72 -2
53 71 4
53 85 7
53 88 9
53 97 -4
53 65 1
53 75 -10
53 73 -7
53 70 -6
53 59 -5
53 54 7
53 84 -4
53 79 2
53 58 -5
53 69 -3
53 92 -9
53 91 3
53 96 3
53 98 8
53 89 -8
54 77 -10
54 64 5
54 70 -3
54 86 6
54 89 -2
54 65 -5
54 59 -3
54 92 3
54 67 0
54 94 -6
54 99 -2
54 74 -7
54 85 8
54 96 5
54 84 9
54 63 0
54 58 8
54 87 -3
55 73 8
55 78 8
55 80 -7
55 100 -7
55 91 -5
55 82 -4
55 99 -1
55 69 7
55 97 -2
55 57 5
55 59 -6
55 70 10
55 67 -5
55 88 7
55 58 1
55 86 6
55 79 2
55 65 -2
55 71 -6
55 90 -6
55 98 -10
55 81 0
55 56 9
55 87 3
56 81 -4
56 82 -10
56 94 -1
56 74 7
56 89 -8
56 78 -5
56 99 9
56 57 3
56 87 -2
56 59 5
56 62 -4
56 96 9
56 76 0
56 75 7
56 80 -5
56 92 9
57 59 -1
57 100 -8
57 77 0
57 70 5
57 65 -10
57 94 9
57 93 3
57 98 0
57 81 8
57 88 -6
57 67 9
57 73 -10
57 58 -6
57 62 -1
58 89 -3
58 67 5
58 86 4
58 90 9
58 99 -1
58 73 -9
58 80 5
58 88 -4
58 94 2
58 68 -1
58 72 2
58 100 3
58 74 -10
58 63 -3
58 92 -2
58 71 -5
58 97 9
58 61 10
59 82 0
59 88 4
59 64 5
59 60 7
59 69 -8
59 91 -9
59 89 5
59 77 7
59 76 -10
59 75 3
59 70 7
59 62 0
59 65 5
59 90 -6
59 86 -6
59 95 5
59 84 -5
59 99 4
59 74 10
59 85 9
59 80 1
59 97 -4
59 94 10
59 78 5
60 64 9
60 65 3
60 90 0
60 62 -6
60 95 0
60 93 8
60 94 9
60 73 2
60 99 -8
60 97 7
60 77 -8
60 96 5
60 91 1
60 70 7
60 61 -1
60 92 6
60 86 2
60 83 3
60 79 10
60 69 2
60 76 -2
61 95 10
61 64 -9
61 73 -2
61 68 10
61 74 1
61 75 -4
61 85 -7
61 65 7
61 79 -4
61 72 5
61 91 -4
61 83 -9
61 89 2
61 84 9
61 93 10
61 87 -8
61 94 6
61 86 7
61 92 0
61 97 1
61 63 1
61 71 8
61 62 -7
61 70 -8
61 77 2
62 74 10
62 72 -4
62 78 6
62 94 0
62 95 -9
62 70 -5
62 79 1
62 97 3
62 91 -5
62 82 -4
62 89 3
62 83 -7
62 68 9
62 81 -5
62 88 -9
62 93 -9
63 77 -8
63 83 1
63 98 -8
63 73 -2
63 99 5
63 85 2
63 87 -8
63 79 5
63 89 8
63 81 10
63 96 9
63 88 2
63 76 10
63 90 -4
63 93 8
63 71 -1
64 86 3
64 82 2
64 81 8
64 84 -9
64 74 -8
64 99 4
64 95 -5
64 78 8
64 67 8
64 98 -9
64 93 7
64 97 -5
64 89 3
64 100 -3
64 76 1
64 87 -10
64 75 -8
64 65 -8
64 70 -9
64 91 -8
65 66 4
65 71 6
65 79 6
65 87 4
65 77 8
65 80 -2
65 69 6
65 99 -3
65 94 -7
65 68 -5
65 82 -7
65 70 10
65 74 -1
65 76 -8
65 98 8
65 97 6
65 85 -1
66 83 6
66 74 -3
66 91 7
66 69 0
66 78 1
66 99 0
66 79 6
66 90 2
66 75 -3
66 77 9
66 86 -2
66 96 1
66 89 0
67 99 7
67 89 7
67 96 -6
67 85 -4
67 97 0
67 98 -4
67 79 5
67 72 5
67 80 6
67 74 -2
67 88 10
67 75 -10
67 100 1
67 69 -10
67 73 5
67 68 9
68 97 0
68 69 8
68 82 5
68 92 -9
68 74 10
68 70 2
68 71 -4
68 89 7
68 79 10
68 91 -1
68 87 10
68 72 6
68 93 -2
68 98 -3
68 99 10
69 70 -7
69 85 -4
69 75 5
69 74 5
69 98 -5
69 99 -3
69 95 8
69 91 -3
69 84 9
69 90 6
69 93 8
69 86 3
69 97 0
69 94 -9
69 79 1
69 100 7
69 77 -3
69 73 -5
69 78 -3
70 81 9
70 85 -10
70 98 -4
70 76 1
70 86 -1
70 99 5
70 78 -7
70 75 -1
70 97 3
70 100 9
70 79 -8
70 80 2
70 96 -1
71 100 -4
71 87 -7
71 79 -8
71 78 -4
71 82 0
71 95 8
71 96 -6
71 90 8
71 93 -10
71 92 10
71 84 -6
71 97 -8
71 76 -10
72 100 8
72 77 -2
72 74 10
72 98 2
72 93 9
72 78 -10
72 96 7
72 95 4
72 86 -6
72 88 -5
72 80 -2
72 87 2
72 99 -5
72 83 8
72 73 5
72 85 -7
73 90 -5
73 83 3
73 95 -7
73 82 0
73 97 9
73 84 3
73 99 10
73 78 -9
73 94 7
73 93 9
73 86 10
73 100 0
73 76 3
73 98 10
74 90 -9
74 82 5
74 92 -5
74 88 5
74 100 8
74 95 5
74 93 2
74 91 8
74 89 3
74 75 8
74 98 -8
74 76 -3
74 84 1
75 81 2
75 92 -4
75 89 1
75 98 -1
75 77 -6
75 100 -10
75 96 9
75 90 6
75 93 -7
75 87 6
75 80 1
75 88 5
75 86 -5
75 85 -3
75 82 -10
76 96 -9
76 94 0
76 82 -7
76 95 6
76 90 5
76 78 -3
76 89 0
76 77 -8
76 85 6
76 97 4
76 83 9
76 88 8
76 81 -9
76 93 4
76 98 -6
76 87 10
76 100 -3
77 98 7
77 89 -1
77 97 2
77 86 -4
77 96 3
77 95 -7
77 78 10
77 84 1
77 88 1
77 79 10
77 87 -7
77 82 10
77 91 10
77 80 8
78 99 -4
78 100 9
78 95 4
78 97 -9
78 91 10
78 85 -5
78 89 2
78 90 0
78 94 -6
78 92 1
79 94 6
79 89 9
79 81 -3
79 88 3
79 99 -7
79 92 2
79 86 -10
79 80 3
79 97 10
79 87 0
79 82 5
79 91 3
80 87 -8
80 91 9
80 90 6
80 88 7
80 83 7
80 96 -1
80 94 -8
81 95 5
81 84 3
81 96 10
81 99 -1
81 85 -7
81 93 1
81 88 3
81 82 -6
81 92 2
81 86 10
81 100 -1
82 90 6
82 95 3
82 100 9
82 88 -7
82 91 -8
82 98 5
82 89 -5
82 92 -6
82 94 -2
83 91 6
83 96 -1
83 90 -1
83 93 5
83 84 3
84 88 8
84 99 -5
84 91 -1
85 92 1
85 98 -2
85 97 -5
85 100 -7
85 99 -10
85 91 -6
85 94 0
85 87 -8
85 89 -6
85 93 1
86 95 -4
86 91 3
86 89 6
87 98 -5
87 89 4
87 90 6
87 100 10
87 95 2
87 91 -5
87 97 -7
87 99 -3
87 96 3
87 93 9
88 98 -10
88 91 8
88 97 7
88 96 -10
89 100 -8
89 97 4
89 99 -2
89 94 5
89 90 -1
89 92 4
89 96 0
90 95 -9
90 91 -8
90 92 0
90 99 -3
91 99 -3
91 98 8
91 92 -10
91 96 9
92 96 0
92 97 2
92 95 6
92 93 -4
92 98 8
93 100 7
93 96 10
94 98 5
94 100 -6
94 97 3
94 95 -9
95 98 2
96 98 5
97 100 7
97 99 10
98 99 -5
98 100 -1
