100 2475 
1 11 3
1 9 6
1 16 8
1 45 -2
1 17 -9
1 89 -3
1 40 -7
1 85 10
1 64 10
1 12 -3
1 80 5
1 84 -4
1 61 -6
1 32 -8
1 97 8
1 36 -1
1 46 4
1 44 0
1 24 0
1 68 -6
1 5 10
1 8 9
1 39 -6
1 21 6
1 35 -7
1 20 7
1 92 4
1 58 -10
1 79 -9
1 26 7
1 59 10
1 57 6
1 75 -5
1 69 -9
1 93 4
1 82 -9
1 56 -1
1 31 -6
1 28 -9
1 25 -8
1 60 6
1 87 -1
1 54 3
1 76 5
2 37 -10
2 5 -3
2 40 -10
2 8 7
2 93 5
2 84 -5
2 11 -9
2 29 -1
2 74 5
2 58 -10
2 64 9
2 85 5
2 53 5
2 26 -7
2 19 8
2 76 7
2 62 -1
2 25 1
2 79 9
2 38 0
2 60 -7
2 66 -1
2 31 -4
2 22 -8
2 16 10
2 51 6
2 10 -4
2 73 -5
2 92 6
2 90 -5
2 47 4
2 67 -9
2 49 -3
2 68 3
2 6 3
2 69 9
2 65 -9
2 36 7
2 44 1
2 32 -5
2 18 -10
2 81 3
2 97 -7
2 55 2
2 48 -6
2 30 -2
2 15 -8
2 33 -8
3 64 -7
3 66 -8
3 55 -7
3 91 -1
3 61 5
3 52 -3
3 84 1
3 19 -10
3 36 2
3 4 4
3 56 -5
3 12 -3
3 98 8
3 33 8
3 53 2
3 30 9
3 58 9
3 45 -2
3 23 -2
3 17 -2
3 22 1
3 74 8
3 59 -7
3 16 7
3 47 7
3 60 0
3 79 5
3 75 -10
3 25 9
3 94 -10
3 40 -1
3 72 -3
3 81 2
3 99 1
3 6 8
3 100 0
3 78 -8
3 68 -5
3 70 -10
3 14 3
3 97 -5
3 31 3
3 90 -1
3 10 -1
3 86 3
3 92 -10
3 71 6
3 38 3
3 83 7
4 21 -1
4 12 8
4 33 -7
4 80 1
4 73 -2
4 29 6
4 77 5
4 6 -4
4 26 6
4 70 -2
4 66 -2
4 17 -7
4 78 1
4 100 -9
4 99 7
4 72 -2
4 49 -10
4 69 2
4 51 5
4 20 -4
4 90 1
4 40 2
4 95 -2
4 10 -10
4 5 -9
4 18 2
4 11 -9
4 55 -2
4 50 -1
4 41 -1
4 35 -2
4 79 -1
4 28 -7
4 83 0
4 88 -5
4 64 6
4 25 2
4 47 -1
4 96 6
4 92 0
4 98 2
4 65 -8
5 55 10
5 37 -7
5 62 -4
5 92 -2
5 53 -2
5 58 -2
5 68 -3
5 60 9
5 97 2
5 95 2
5 9 5
5 39 0
5 72 1
5 59 -9
5 57 2
5 99 3
5 77 4
5 49 -5
5 11 10
5 66 -10
5 47 7
5 29 -7
5 42 -2
5 23 0
5 27 -5
5 21 -8
5 56 7
5 16 -5
5 34 8
5 28 -5
5 17 -8
5 30 3
5 12 -9
5 90 1
5 10 -9
5 70 -5
5 19 -6
5 50 7
6 68 -1
6 17 -4
6 12 -7
6 99 -2
6 39 7
6 28 8
6 90 -1
6 37 -7
6 9 7
6 77 10
6 86 8
6 84 10
6 32 7
6 47 -2
6 91 2
6 92 4
6 97 8
6 20 0
6 85 3
6 7 9
6 21 9
6 100 -10
6 11 7
6 49 -3
6 60 -7
6 81 6
6 80 -5
6 45 -9
6 64 5
6 53 1
6 22 -8
6 70 -8
6 98 4
6 83 -2
6 67 9
6 88 3
6 87 3
7 77 0
7 19 -10
7 46 -10
7 100 -5
7 70 2
7 17 3
7 23 -2
7 64 2
7 24 -2
7 51 4
7 94 -8
7 98 6
7 42 9
7 58 -3
7 86 6
7 88 8
7 87 0
7 80 5
7 73 2
7 68 -10
7 37 -3
7 66 -6
7 91 -9
7 56 1
7 34 -5
7 12 -2
7 67 1
7 11 5
7 13 -3
7 57 -7
7 35 -9
7 41 -1
7 54 3
7 8 0
7 50 2
7 79 6
7 32 10
7 78 -3
7 95 5
7 31 -8
7 69 7
7 30 -6
7 84 8
7 47 -2
7 36 9
8 30 -6
8 17 8
8 50 -3
8 22 -4
8 20 6
8 61 -2
8 55 -5
8 91 3
8 39 7
8 15 8
8 19 -9
8 76 10
8 53 -6
8 95 -4
8 78 5
8 83 4
8 84 4
8 69 -6
8 87 9
8 94 -8
8 26 -5
8 58 -2
8 48 -2
8 88 -1
8 14 10
8 10 8
8 56 -4
8 74 -6
8 32 -3
8 80 -7
8 64 1
8 99 -5
8 75 -9
8 72 4
8 89 4
8 29 -6
8 93 -7
8 31 7
8 11 9
8 100 -2
8 68 5
8 27 1
8 71 -9
8 77 9
8 60 -10
9 55 -4
9 48 -1
9 88 5
9 14 10
9 13 7
9 76 -6
9 32 1
9 42 -5
9 18 10
9 70 7
9 75 -9
9 41 -10
9 60 10
9 56 4
9 58 -4
9 72 0
9 96 -10
9 37 -1
9 84 8
9 30 -3
9 28 9
9 95 2
9 90 4
9 53 4
9 82 0
9 20 3
9 85 3
9 57 8
9 92 -2
9 71 3
9 59 4
9 22 5
9 89 1
9 99 -8
9 31 -5
9 46 8
9 33 9
9 66 -3
9 94 1
9 67 -2
9 12 -8
9 87 2
9 38 -10
9 50 -8
9 27 -6
9 51 -3
9 83 7
9 15 -3
9 21 7
9 44 0
9 98 -9
10 79 -4
10 43 4
10 86 -4
10 97 -7
10 26 5
10 13 -8
10 92 7
10 21 3
10 42 2
10 76 0
10 53 10
10 93 7
10 85 6
10 64 1
10 45 6
10 73 -9
10 63 4
10 37 0
10 71 10
10 35 -3
10 99 0
10 36 -6
10 78 9
10 69 6
10 47 -3
10 58 0
10 72 3
10 28 8
10 17 4
10 77 -3
10 34 -10
10 15 -3
10 44 -3
10 49 7
10 16 4
10 56 -1
10 27 -6
10 30 -2
10 88 -4
10 57 -9
10 52 10
10 38 -10
11 84 1
11 17 5
11 37 -5
11 52 0
11 67 -1
11 93 -3
11 13 -7
11 81 9
11 74 8
11 19 8
11 76 -8
11 38 2
11 53 -4
11 89 -7
11 68 1
11 77 0
11 26 3
11 66 8
11 97 -3
11 22 8
11 59 2
11 91 -10
11 75 10
11 24 -1
11 27 -10
11 96 6
11 60 10
11 65 -8
11 39 2
11 57 6
11 32 -7
11 90 -1
11 55 -9
11 58 0
11 70 5
11 41 -10
11 14 6
11 94 -7
11 61 -5
11 35 9
11 44 3
11 16 8
11 63 8
11 72 -9
11 73 -7
11 98 4
12 65 1
12 84 1
12 64 7
12 13 -8
12 62 2
12 85 4
12 81 0
12 18 -7
12 50 2
12 92 2
12 36 7
12 93 -8
12 82 0
12 100 -1
12 41 1
12 42 9
12 68 -10
12 66 1
12 78 3
12 45 8
12 46 -10
12 32 8
12 71 -9
12 60 -6
12 26 -1
12 30 8
12 25 -8
12 99 10
12 79 -6
12 17 2
12 61 8
12 63 7
12 59 -1
12 44 -9
12 31 9
12 96 -7
12 34 -10
12 24 -8
12 51 7
12 57 -5
12 94 -10
12 72 -3
12 77 -5
12 40 -3
12 33 2
12 54 1
12 15 -8
12 67 -3
12 23 -7
13 39 6
13 97 8
13 70 -2
13 52 6
13 23 -10
13 94 -7
13 26 -7
13 18 -10
13 48 -9
13 54 8
13 14 7
13 73 -6
13 51 2
13 15 -7
13 55 -4
13 61 2
13 71 9
13 92 2
13 93 -6
13 67 -7
13 81 8
13 41 -5
13 33 2
13 49 -8
13 99 0
13 57 -8
13 16 8
13 86 8
13 40 8
13 78 8
13 84 7
13 68 5
13 36 -8
13 45 2
13 22 -2
13 53 3
13 64 9
13 37 -8
13 27 -4
13 79 -10
13 17 -10
13 77 3
13 95 -2
13 63 -4
13 56 6
13 50 4
13 21 -1
13 96 1
14 79 -5
14 39 8
14 99 -7
14 34 -10
14 21 -6
14 41 -1
14 54 3
14 28 -7
14 44 -10
14 80 -2
14 55 9
14 71 -9
14 30 10
14 83 7
14 49 -5
14 60 -9
14 45 9
14 22 3
14 66 3
14 85 7
14 96 -7
14 20 1
14 53 1
14 73 -5
14 18 -2
14 91 7
14 24 8
14 51 -3
14 15 8
14 95 5
14 52 -2
14 90 7
14 58 -1
14 93 8
14 17 5
14 36 9
14 88 -10
14 84 -4
14 61 -9
14 47 -6
14 69 -9
14 97 -3
14 64 1
14 48 5
14 70 -8
14 77 8
14 43 -7
14 23 4
15 82 -4
15 32 -2
15 56 -2
15 87 3
15 66 0
15 46 10
15 62 5
15 64 4
15 35 6
15 59 -10
15 92 -5
15 19 -9
15 18 8
15 20 3
15 16 6
15 34 -10
15 81 3
15 44 -9
15 93 -6
15 65 -6
15 24 -8
15 80 1
15 70 10
15 23 -1
15 37 -3
15 55 -8
15 38 -10
15 39 10
15 94 -5
15 29 -5
15 68 10
15 91 -8
15 67 -10
15 96 6
15 74 8
15 97 9
15 52 -6
15 95 9
15 100 1
15 60 0
15 17 5
15 76 5
15 58 5
15 50 6
15 61 -7
16 17 -8
16 40 3
16 87 -2
16 38 -10
16 88 -5
16 66 1
16 26 -4
16 73 -4
16 92 -4
16 53 -2
16 69 -4
16 50 7
16 42 -8
16 21 0
16 91 10
16 77 1
16 56 2
16 36 -2
16 58 10
16 22 -5
16 51 -10
16 93 -6
16 67 -5
16 68 -5
16 100 10
16 82 4
16 62 6
16 33 -1
16 39 -4
16 89 -4
16 64 7
16 55 2
16 71 8
16 98 -2
16 65 -10
16 31 2
16 61 -4
16 45 -3
16 46 -1
16 43 -4
16 54 4
16 52 9
16 47 1
16 95 -1
16 74 -3
17 37 -8
17 100 -10
17 84 -4
17 24 -5
17 18 1
17 81 -3
17 93 4
17 50 -3
17 49 5
17 92 7
17 27 4
17 45 -1
17 87 -3
17 55 -2
17 91 4
17 69 -8
17 22 3
17 82 7
17 71 -9
17 46 -4
17 89 -6
17 29 0
17 79 -1
17 75 3
17 30 7
17 51 -4
17 99 3
17 94 -4
17 54 10
17 67 0
17 62 -7
18 72 -2
18 37 -7
18 20 -3
18 71 1
18 32 -6
18 88 -9
18 84 5
18 60 4
18 23 1
18 68 6
18 58 0
18 40 -3
18 29 -8
18 49 -8
18 44 -1
18 46 6
18 95 4
18 74 1
18 78 -5
18 85 -7
18 19 1
18 63 7
18 91 6
18 31 -7
18 79 7
18 70 -10
18 45 -3
18 33 8
18 61 -8
18 87 -4
18 25 8
18 38 -7
18 80 2
18 66 8
18 99 -2
18 69 8
18 27 3
18 22 -5
18 64 -1
18 47 -4
18 76 6
18 62 -10
18 82 -7
18 39 1
19 58 0
19 95 7
19 29 4
19 89 -4
19 94 -2
19 49 -10
19 81 -9
19 54 0
19 99 1
19 97 -9
19 50 9
19 43 -4
19 82 -7
19 52 -9
19 65 -2
19 69 4
19 75 7
19 40 -7
19 90 -3
19 47 7
19 83 10
19 62 9
19 74 9
19 92 6
19 96 7
19 51 6
19 68 6
19 93 -10
19 30 -7
19 45 -5
19 34 8
19 85 3
19 56 -1
19 71 4
19 38 -1
20 54 10
20 72 -5
20 31 1
20 79 9
20 28 0
20 100 -10
20 52 -8
20 32 2
20 43 1
20 77 -7
20 94 8
20 47 -4
20 33 -8
20 37 10
20 80 -5
20 25 -9
20 39 4
20 86 -2
20 84 -8
20 81 -2
20 45 9
20 55 0
20 75 -6
20 48 5
20 57 10
20 23 8
20 99 9
20 62 -9
20 59 5
20 49 -4
20 56 6
20 46 2
20 64 -7
20 74 5
20 69 1
20 93 2
20 34 1
20 98 -2
20 51 -4
20 91 -5
20 65 -6
20 35 3
20 44 -7
20 24 -5
21 37 2
21 46 -1
21 25 0
21 56 0
21 66 3
21 52 -10
21 61 5
21 88 -3
21 32 -7
21 34 9
21 29 5
21 49 -7
21 39 3
21 43 2
21 79 0
21 42 -8
21 44 -2
21 90 4
21 81 10
21 78 1
21 84 10
21 48 -7
21 77 -8
21 26 2
21 22 6
21 97 3
21 67 -5
21 72 3
21 74 3
21 57 -5
21 38 -7
21 64 -2
21 76 -4
21 83 6
21 55 5
21 33 7
21 99 5
21 100 -9
22 84 -1
22 58 -2
22 65 5
22 97 -1
22 92 5
22 82 -10
22 90 -4
22 72 5
22 35 -6
22 44 1
22 80 -4
22 69 5
22 74 7
22 98 -9
22 61 8
22 77 8
22 42 -5
22 89 3
22 93 -6
22 47 1
22 34 -9
22 70 5
22 37 3
22 24 -5
22 96 9
22 30 1
22 95 -3
22 45 0
22 57 8
22 62 -10
22 33 -3
22 38 -4
22 99 10
22 36 2
22 56 -9
22 31 -2
22 27 -7
22 55 -5
22 41 7
22 83 -8
22 52 -3
23 62 -7
23 39 8
23 55 10
23 67 -1
23 85 9
23 53 0
23 57 2
23 83 -1
23 75 3
23 90 2
23 99 -3
23 88 -4
23 36 5
23 44 -3
23 37 -6
23 69 -5
23 49 9
23 25 5
23 34 2
23 94 -2
23 51 5
23 64 -3
23 41 -8
23 29 -5
23 26 3
23 98 6
23 86 -4
23 31 -6
23 59 5
23 91 6
23 87 4
23 100 10
23 97 4
23 56 -4
23 70 4
23 30 7
23 27 9
23 66 -10
23 89 -4
23 58 7
23 93 -8
23 65 -6
24 64 -4
24 76 9
24 77 -5
24 45 -10
24 83 -5
24 91 -10
24 34 7
24 67 4
24 48 6
24 93 8
24 53 6
24 95 8
24 36 4
24 37 0
24 78 0
24 75 7
24 98 0
24 35 -10
24 43 5
24 73 -5
24 85 3
24 97 7
24 55 -3
24 25 -4
24 33 4
24 87 -8
24 54 -8
24 32 -2
24 56 5
24 88 2
24 68 -3
24 60 7
24 59 0
24 100 0
24 96 -7
24 52 -5
24 74 6
25 42 4
25 77 0
25 35 -5
25 95 -9
25 57 -10
25 70 6
25 83 -3
25 97 9
25 61 9
25 60 -3
25 55 -2
25 69 -9
25 89 -6
25 88 1
25 82 -6
25 56 -1
25 66 -4
25 75 2
25 32 -1
25 52 7
25 48 -7
25 28 9
25 31 -3
25 98 1
25 30 6
25 58 -7
25 47 -6
25 96 1
25 43 3
25 44 8
25 29 9
25 64 1
25 54 4
25 74 -3
25 92 -4
25 93 6
25 36 7
26 51 2
26 38 -6
26 87 -2
26 32 7
26 42 5
26 43 8
26 69 -6
26 100 -8
26 30 -8
26 45 -10
26 46 0
26 61 -7
26 33 1
26 56 2
26 68 -3
26 36 -5
26 75 -8
26 86 6
26 79 10
26 85 7
26 28 2
26 71 -4
26 35 -3
26 65 -10
26 63 6
26 91 -1
26 50 1
26 52 1
26 27 8
26 40 -8
26 55 3
26 92 7
26 41 9
26 88 9
26 70 4
26 58 -3
26 94 3
26 93 7
27 59 0
27 83 -10
27 30 6
27 54 -3
27 100 -6
27 97 -7
27 28 -3
27 66 -1
27 49 -4
27 41 -8
27 92 6
27 35 -3
27 78 -10
27 32 10
27 43 3
27 36 -9
27 50 4
27 52 7
27 45 -4
27 89 1
27 38 3
27 44 -3
27 84 7
27 40 -10
27 96 4
27 99 -10
27 47 2
27 56 -4
27 82 2
27 58 -8
27 90 8
27 74 -6
27 65 -3
27 64 6
27 79 -5
27 72 -4
28 99 4
28 96 0
28 54 6
28 46 5
28 36 -7
28 81 8
28 69 9
28 66 8
28 61 -6
28 70 4
28 45 2
28 63 -8
28 75 -6
28 37 -4
28 35 -5
28 67 -2
28 30 10
28 65 9
28 92 -1
28 43 3
28 89 9
28 80 -8
28 86 7
28 32 -9
28 88 4
28 49 -4
28 34 5
29 45 10
29 32 -8
29 92 8
29 54 -3
29 63 -2
29 59 9
29 46 -6
29 34 3
29 82 1
29 47 3
29 98 5
29 39 4
29 75 -2
29 97 0
29 43 7
29 36 0
29 64 10
29 42 -8
29 88 6
29 99 3
29 83 -5
29 40 2
29 49 -7
29 77 5
29 84 -1
29 95 -8
29 57 9
29 38 -8
29 62 3
29 72 -7
29 35 -1
29 78 1
29 74 -7
29 31 -6
29 41 4
30 66 10
30 79 -3
30 87 -6
30 81 1
30 61 5
30 71 9
30 31 -10
30 57 -7
30 95 -1
30 98 -7
30 50 2
30 60 -7
30 40 10
30 56 -6
30 92 2
30 41 0
30 78 4
30 48 -10
30 36 2
30 39 3
30 44 -1
30 67 -10
30 91 4
30 62 -4
30 51 -1
30 46 10
30 75 2
30 47 -9
30 83 0
30 34 -4
30 32 -2
30 68 -6
30 100 10
30 58 7
30 99 -3
30 76 -2
30 73 6
30 59 7
30 49 1
30 93 -3
31 81 -2
31 74 4
31 48 5
31 45 -8
31 85 1
31 55 -8
31 41 -6
31 43 -7
31 87 -9
31 97 10
31 47 5
31 75 2
31 96 -7
31 59 -1
31 64 -3
31 71 2
31 89 1
31 68 9
31 92 5
31 80 -2
31 39 -2
31 93 6
31 69 -4
31 99 -9
31 70 3
31 77 8
31 42 0
31 61 -6
31 88 -4
31 53 -4
31 94 4
31 58 1
31 52 9
31 91 -10
31 36 0
31 95 -8
31 72 0
31 49 10
31 33 7
31 40 -4
31 78 4
32 49 -2
32 70 9
32 40 -3
32 98 3
32 66 -5
32 89 10
32 52 -2
32 45 3
32 50 7
32 86 4
32 73 8
32 35 9
32 93 -2
32 48 9
32 81 -5
32 36 -8
32 42 4
32 76 -5
32 63 -1
32 92 1
32 84 5
32 72 0
32 41 -7
32 75 -2
32 100 -6
32 39 -5
33 98 -7
33 91 6
33 93 -7
33 56 -5
33 49 2
33 44 -3
33 67 -9
33 63 7
33 46 2
33 95 8
33 35 -4
33 74 4
33 38 9
33 66 4
33 68 -6
33 70 5
33 80 -7
33 97 -6
33 62 7
33 72 9
33 96 2
33 51 9
33 99 -1
33 88 10
33 58 -5
33 69 9
33 83 8
33 73 -7
33 79 -4
33 85 4
33 76 6
33 92 4
33 39 7
33 34 9
34 49 -10
34 39 0
34 97 7
34 45 -6
34 68 -4
34 55 0
34 36 -5
34 77 -8
34 52 8
34 87 5
34 65 -3
34 78 -6
34 83 -9
34 90 -7
34 72 -3
34 98 -7
34 63 -9
34 50 -5
34 91 -2
34 43 7
34 79 -7
34 93 6
34 54 7
34 67 -3
34 99 10
34 88 9
34 80 -7
34 60 0
34 94 4
34 64 4
34 40 -1
35 76 -6
35 87 7
35 68 -1
35 96 1
35 82 5
35 70 7
35 72 8
35 64 -4
35 47 1
35 45 -8
35 83 -10
35 88 9
35 67 -10
35 92 10
35 79 -8
35 99 2
35 78 5
35 100 0
35 61 7
35 71 -6
35 59 2
35 44 -7
35 58 -10
36 68 -1
36 61 -6
36 42 8
36 100 0
36 81 -5
36 97 2
36 69 -10
36 79 -2
36 65 9
36 44 -4
36 59 7
36 94 4
36 56 -10
36 89 -1
36 54 -10
36 37 -5
36 82 -1
36 67 -7
36 88 4
36 55 2
36 63 0
36 39 -4
36 52 1
36 46 9
36 87 2
36 38 9
36 53 5
36 45 -1
36 95 -5
36 47 -9
36 84 -8
36 48 6
36 64 -1
37 89 8
37 46 -8
37 67 8
37 93 7
37 55 0
37 43 9
37 88 2
37 41 -9
37 40 5
37 47 6
37 83 3
37 63 -2
37 82 7
37 100 -7
37 86 6
37 92 4
37 87 5
37 65 -7
37 75 7
37 81 -5
37 94 3
37 96 2
37 70 4
37 98 6
37 42 10
37 62 -1
37 69 6
37 95 9
37 72 -3
37 56 10
37 57 7
37 84 2
37 61 -2
37 99 -5
37 71 -2
37 50 5
37 48 -5
38 61 10
38 88 9
38 58 -7
38 89 6
38 86 6
38 46 0
38 47 -3
38 50 1
38 55 -1
38 49 8
38 90 1
38 82 9
38 85 5
38 96 3
38 98 9
38 70 -4
38 64 -2
38 59 2
38 77 6
38 65 -8
38 48 -1
38 97 10
38 39 -3
38 79 5
38 54 -6
38 67 -3
38 43 -3
38 76 0
38 60 10
38 100 -5
38 91 -2
38 73 8
38 45 9
38 75 -5
38 63 5
38 40 -10
39 87 5
39 94 5
39 72 -5
39 83 9
39 71 0
39 69 10
39 52 -6
39 96 -8
39 54 1
39 65 8
39 97 -5
39 98 -4
39 51 -2
39 95 5
39 41 -2
39 100 -2
39 44 4
39 99 -5
39 88 -1
39 60 -2
39 86 8
39 76 -1
39 67 -10
39 81 -5
39 42 -8
39 53 3
39 55 -2
39 61 6
39 47 -6
39 89 7
39 45 8
39 73 10
40 82 -9
40 70 -6
40 78 -5
40 90 8
40 64 7
40 91 3
40 86 5
40 41 -1
40 69 9
40 88 -2
40 43 5
40 60 -2
40 93 -2
40 50 -9
40 85 -1
40 89 -5
40 45 -3
40 96 4
40 75 4
40 51 -2
40 80 -7
40 56 -8
40 53 5
40 63 8
40 92 2
40 77 5
40 65 -9
40 97 1
41 55 6
41 85 -5
41 62 -2
41 69 -10
41 90 -9
41 96 10
41 56 -10
41 86 9
41 78 -9
41 70 -2
41 91 -9
41 74 5
41 53 9
41 83 7
41 77 -6
41 42 3
41 52 -8
41 73 3
41 59 -4
41 94 10
41 89 -5
41 97 3
41 76 8
41 57 -9
41 45 -6
41 65 10
41 49 7
41 48 -5
41 75 1
41 80 4
41 66 -3
42 62 -7
42 100 3
42 61 -4
42 73 2
42 75 -9
42 67 4
42 55 4
42 82 -2
42 79 8
42 96 -2
42 89 7
42 45 -1
42 95 7
42 83 2
42 93 8
42 46 -7
42 84 -10
42 44 9
42 50 6
42 70 -5
42 90 9
42 85 6
42 92 2
42 76 3
43 54 4
43 63 -10
43 47 1
43 96 10
43 89 10
43 48 7
43 94 -7
43 100 -8
43 76 1
43 50 4
43 87 3
43 90 9
43 97 3
43 44 -8
43 75 7
43 53 -5
43 86 -7
43 59 -4
43 52 -9
43 49 3
43 45 4
43 92 10
43 67 2
43 74 -10
43 79 -8
43 60 -5
43 71 -2
43 80 -1
43 70 8
43 83 1
43 46 5
43 93 6
43 65 -8
43 73 2
44 75 8
44 66 1
44 57 1
44 67 8
44 62 1
44 69 -9
44 92 -10
44 94 6
44 46 0
44 73 8
44 79 -7
44 83 -1
44 58 6
44 76 -3
44 95 1
44 65 -7
44 80 -1
44 96 7
44 51 4
44 55 -5
44 49 3
44 88 0
44 59 1
44 91 5
44 52 7
44 53 1
44 90 -7
44 98 7
44 74 10
44 70 9
44 71 0
44 61 -7
44 50 10
44 45 -9
45 62 1
45 64 1
45 47 0
45 48 6
45 80 0
45 87 5
45 89 9
45 96 -8
45 86 -6
45 60 -1
45 79 -10
45 91 -4
45 94 2
45 100 -10
45 61 2
45 55 -7
45 71 -9
45 51 6
45 58 -7
45 67 -8
45 54 -5
45 53 0
45 97 10
45 72 9
45 88 6
45 78 -3
45 82 -5
45 46 -8
45 85 0
45 81 -7
46 81 -3
46 56 2
46 99 -3
46 91 -3
46 88 0
46 61 7
46 76 -10
46 57 -2
46 62 8
46 86 7
46 89 2
46 51 10
46 100 5
46 92 -8
46 58 -1
46 69 -2
46 84 4
46 71 5
46 64 -6
46 80 -6
46 87 7
46 48 9
46 94 -4
46 52 -1
46 74 1
46 60 4
47 74 -8
47 63 -1
47 89 8
47 91 5
47 60 -5
47 68 -9
47 92 -9
47 81 8
47 96 6
47 69 6
47 80 8
47 49 -1
47 70 -1
47 100 -4
47 95 6
47 99 9
47 48 -6
47 85 -2
47 88 1
47 84 7
47 58 4
47 93 -1
47 65 -5
47 76 -1
47 83 -6
47 78 -1
47 97 -3
47 77 4
47 57 4
47 62 3
48 65 4
48 96 2
48 100 -9
48 88 3
48 83 4
48 80 9
48 85 4
48 94 -2
48 68 -2
48 72 -7
48 49 4
48 76 6
48 70 4
48 92 -1
48 63 9
48 91 3
48 82 4
48 73 -1
48 87 -7
48 54 7
48 78 6
48 86 9
48 74 0
48 67 5
48 55 9
49 50 6
49 85 -4
49 54 8
49 95 -5
49 55 -8
49 64 7
49 78 2
49 90 1
49 93 -1
49 84 -4
49 87 -9
49 70 1
49 57 10
49 62 9
49 92 -3
49 71 -7
49 65 -8
49 63 -8
49 56 0
49 100 7
49 81 -9
49 80 4
50 56 0
50 59 -6
50 60 -1
50 82 -7
50 67 -4
50 76 -1
50 52 3
50 62 -7
50 98 -6
50 63 -10
50 53 -6
50 85 -8
50 73 -8
50 87 0
50 75 2
50 68 0
50 71 1
50 66 6
50 90 -8
50 72 -2
50 99 -9
50 70 -8
50 65 3
50 57 8
50 54 6
51 71 -3
51 82 8
51 69 -2
51 59 -9
51 56 -3
51 97 -7
51 84 0
51 74 2
51 76 4
51 78 10
51 75 3
51 92 2
51 88 1
51 100 -6
51 70 9
51 55 10
51 66 -2
51 93 4
51 58 -2
51 90 5
51 94 -1
51 61 -5
51 99 8
51 73 2
51 85 4
51 91 -8
51 68 8
51 63 4
51 87 -1
51 98 -7
51 86 8
51 77 -9
52 79 4
52 97 -5
52 64 -9
52 55 -5
52 75 -7
52 69 -7
52 70 7
52 91 6
52 54 -2
52 60 8
52 63 10
52 61 2
52 71 1
52 57 4
52 58 2
52 95 2
52 98 1
52 62 -8
52 77 5
52 86 -7
52 76 5
52 53 1
52 59 3
53 84 -5
53 93 6
53 81 9
53 76 -3
53 72 -4
53 77 2
53 66 -8
53 57 -2
53 73 -5
53 70 7
53 90 -3
53 68 -5
53 83 9
53 98 -9
53 89 7
53 60 10
53 59 -6
53 75 4
53 74 -2
53 79 -3
53 62 9
54 71 2
54 67 2
54 64 7
54 69 -9
54 90 1
54 61 7
54 89 10
54 81 8
54 76 -2
54 97 7
54 75 0
54 57 -10
54 56 -8
54 95 -2
54 85 -2
54 63 5
54 77 -10
54 65 -2
54 82 -6
55 56 7
55 70 4
55 77 10
55 67 5
55 78 3
55 65 4
55 58 -4
55 71 8
55 88 5
55 86 4
55 98 -9
55 100 7
55 94 2
55 62 6
55 97 -7
55 79 2
55 76 6
55 91 -7
55 73 4
55 99 10
55 61 -1
55 64 -5
55 82 -1
55 69 2
55 68 4
55 75 -4
55 80 -10
55 90 8
56 61 9
56 64 -8
56 63 -4
56 68 7
56 98 7
56 78 1
56 81 6
56 89 -4
56 94 3
56 87 -4
56 60 -7
56 92 2
56 67 -1
56 59 -10
56 100 -9
56 76 10
56 93 -6
56 71 2
56 66 -9
56 86 6
56 77 8
56 84 4
56 57 -4
56 80 4
56 88 2
57 79 1
57 70 3
57 100 -3
57 64 6
57 65 -5
57 73 2
57 86 3
57 61 -9
57 63 -4
57 60 6
57 85 2
57 80 -8
57 66 9
57 77 -10
57 95 -10
57 71 -6
57 81 -3
57 74 1
57 78 -3
57 72 -3
57 76 7
58 93 -8
58 74 -7
58 78 -1
58 98 10
58 80 4
58 89 2
58 62 9
58 68 5
58 65 -5
58 87 -10
58 82 5
58 92 -8
58 75 -8
58 99 -5
58 69 2
58 94 -7
58 84 -6
58 63 8
58 76 2
58 59 -7
58 67 2
59 92 8
59 80 4
59 64 -3
59 66 2
59 72 -4
59 95 -2
59 76 -10
59 63 8
59 61 -1
59 65 7
59 78 -5
59 99 7
59 98 3
59 94 1
59 89 3
59 79 1
59 83 1
59 70 7
59 88 -10
60 80 -6
60 78 8
60 73 7
60 71 -10
60 97 -8
60 72 4
60 86 -3
60 68 5
60 85 -2
60 83 9
60 88 -6
60 98 -9
60 89 9
60 87 -1
60 91 8
60 82 -7
60 76 10
60 99 10
60 95 -10
60 84 -10
60 63 7
61 79 -3
61 91 -1
61 77 4
61 89 1
61 98 -4
61 93 2
61 68 8
61 66 0
61 96 -1
61 84 2
61 99 9
61 90 6
61 83 5
61 78 0
61 86 1
61 62 5
61 71 9
61 73 5
62 90 10
62 93 10
62 75 -3
62 65 1
62 66 7
62 91 2
62 85 -6
62 99 2
62 77 -7
62 79 -7
62 96 1
62 64 0
62 92 -5
62 80 9
62 69 3
62 89 -7
63 99 -4
63 100 -8
63 91 8
63 72 6
63 79 -9
63 65 -7
63 82 6
63 93 3
63 86 3
63 89 -1
63 77 -7
63 92 2
63 69 -7
63 68 8
63 96 3
63 70 4
63 83 4
63 76 2
63 75 -10
63 74 -7
63 84 -2
64 92 3
64 98 -4
64 71 10
64 90 9
64 87 6
64 74 10
64 65 -3
64 86 -9
64 100 3
64 93 4
64 76 0
64 81 9
64 73 -3
64 72 9
64 77 3
64 88 2
64 96 6
64 99 -10
64 84 -8
64 97 -5
65 84 6
65 83 0
65 82 -2
65 72 3
65 88 -2
65 99 10
65 95 1
65 98 9
65 78 -9
65 68 -9
65 85 -1
65 70 2
65 97 9
65 79 -3
65 92 -1
65 89 8
65 77 -2
65 75 4
65 87 9
65 80 -7
66 98 -7
66 79 7
66 100 10
66 93 5
66 94 4
66 97 -9
66 67 -1
66 84 10
66 77 9
66 74 5
66 99 5
66 96 -3
66 92 2
66 83 -1
66 80 7
66 82 -1
67 99 5
67 89 7
67 74 8
67 82 -5
67 100 0
67 83 -8
67 80 -7
67 86 -10
67 88 3
67 92 -10
67 76 -3
67 87 -2
67 85 -10
67 73 -4
67 77 3
67 90 9
67 68 6
68 79 -9
68 71 8
68 90 -10
68 80 -9
68 78 1
68 85 -1
68 83 0
68 70 -3
68 89 10
68 82 -3
68 73 10
68 69 -10
68 99 -3
68 84 1
68 93 -7
68 91 -9
68 77 0
69 72 4
69 88 10
69 79 -10
69 76 -3
69 94 -9
69 96 10
69 97 -3
69 84 -7
69 80 0
69 86 6
69 81 1
69 71 8
69 75 -4
69 100 9
69 98 5
69 78 2
70 97 2
70 79 -8
70 72 -7
70 91 -6
70 81 -9
70 76 8
70 83 -2
70 86 -9
70 89 -4
70 87 1
70 96 4
70 75 2
70 73 -6
70 77 -4
70 93 -3
70 80 -10
70 71 10
71 73 -3
71 99 -10
71 76 3
71 93 -6
71 78 -1
71 77 -5
71 83 6
71 85 -5
71 92 9
71 87 -6
71 95 -9
72 78 -5
72 91 4
72 73 -5
72 98 6
72 77 9
72 93 -2
72 80 2
72 81 10
72 92 3
72 85 5
72 86 6
72 84 -3
72 94 1
72 74 4
72 99 -4
72 82 -8
72 90 5
73 76 -3
73 85 7
73 87 -8
73 86 8
73 80 -5
73 97 -3
73 92 0
73 79 -5
73 90 6
73 98 7
73 99 2
74 90 -9
74 82 5
74 81 6
74 100 4
74 93 3
74 96 -1
74 76 7
74 89 -3
74 78 1
74 88 -1
74 75 -7
74 95 -9
74 97 -5
74 85 3
74 92 -6
74 83 6
75 94 3
75 96 9
75 76 10
75 91 -8
75 86 -1
75 90 -1
75 85 5
75 87 5
75 92 6
75 93 -2
75 83 8
75 78 -1
76 82 -7
76 91 -6
76 80 -3
76 98 6
76 86 8
76 83 8
76 92 3
76 79 4
76 94 -1
76 97 5
76 87 9
76 99 -4
76 90 7
77 84 -6
77 100 4
77 92 -8
77 83 -8
77 82 9
77 97 -7
77 99 1
77 81 -5
77 86 7
77 85 -4
78 79 9
78 89 1
78 91 -9
78 85 -1
78 95 -5
78 81 1
78 99 7
78 96 -1
78 93 -9
79 98 -4
79 81 -9
79 99 1
79 84 -5
79 91 8
79 90 -6
79 94 -1
79 82 3
79 89 3
79 86 -9
79 83 8
80 82 9
80 87 -2
80 94 -7
80 96 -6
80 88 10
80 86 5
81 85 -5
81 99 7
81 82 -1
81 93 1
81 100 4
81 91 10
81 92 -9
81 86 8
81 88 3
82 91 -4
82 96 7
82 86 9
82 87 3
82 100 6
82 84 -1
82 95 -8
82 94 -7
82 88 -10
82 85 7
83 90 3
83 86 7
83 89 -10
83 97 0
83 96 5
83 98 0
83 84 -10
83 87 -3
84 97 10
84 93 -6
84 89 0
84 100 -6
84 90 -1
84 87 7
84 91 2
84 88 -7
85 89 10
85 87 -10
85 91 9
85 86 -8
85 99 5
85 95 6
85 90 -2
85 94 -8
85 98 4
86 88 8
86 91 -6
86 89 5
86 95 0
86 90 1
86 87 -4
86 100 7
86 97 1
86 94 -9
87 89 -8
87 90 -9
87 94 3
87 96 3
87 92 -2
87 91 7
87 95 2
87 97 -1
88 98 2
88 97 4
88 95 3
88 100 -7
88 89 -6
89 92 3
89 93 2
89 99 9
89 91 -6
90 99 9
90 96 4
90 98 -3
90 91 3
90 97 2
90 94 5
91 95 -7
91 92 10
91 98 4
91 99 5
91 93 -6
91 100 -9
91 96 7
92 94 -8
92 100 1
92 96 0
93 96 -6
93 98 -8
94 97 -7
94 98 3
94 99 -2
95 97 -7
95 98 10
95 100 -5
95 96 -6
96 99 2
96 98 4
97 98 -6
97 99 -9
97 100 -8
98 100 8
99 100 0
