100 2475 
1 27 -8
1 71 1
1 56 1
1 36 2
1 55 3
1 2 8
1 96 -4
1 21 -10
1 72 -10
1 40 5
1 54 -7
1 79 -4
1 80 -1
1 67 0
1 46 -5
1 74 -4
1 22 -2
1 66 -2
1 75 2
1 58 3
1 97 3
1 45 9
1 32 -6
1 49 -8
1 68 3
1 41 -5
1 52 10
1 3 5
1 4 -10
1 81 7
1 31 6
1 90 -3
1 23 3
1 98 2
1 48 -6
1 8 -1
1 25 10
1 37 5
1 69 -4
1 91 -6
1 18 5
1 62 1
1 93 7
2 51 2
2 66 -10
2 75 6
2 27 2
2 14 2
2 62 9
2 96 8
2 88 -9
2 47 8
2 94 5
2 44 0
2 5 3
2 87 -10
2 63 4
2 23 -8
2 36 -8
2 49 -1
2 58 -3
2 22 10
2 30 6
2 18 7
2 100 4
2 60 -1
2 28 0
2 15 -5
2 9 -9
2 59 10
2 98 -8
2 77 -2
2 97 -10
2 35 10
2 76 -2
2 91 -8
2 89 -2
2 95 -10
2 93 9
2 80 -6
2 37 10
2 21 1
2 6 0
2 29 -6
2 42 3
2 7 -3
2 57 -5
2 71 -6
3 63 -7
3 7 5
3 64 7
3 70 -6
3 42 -1
3 95 -2
3 69 -6
3 92 -8
3 76 -2
3 98 3
3 35 -5
3 40 1
3 65 3
3 5 -4
3 33 -4
3 23 1
3 55 -2
3 32 1
3 100 -5
3 61 7
3 49 -4
3 87 3
3 31 -3
3 13 -7
3 17 3
3 16 6
3 54 4
3 85 -10
3 52 -7
3 94 1
3 78 -4
3 4 1
3 73 7
3 6 -10
3 25 0
3 72 2
3 96 -3
3 21 5
3 37 10
3 29 -9
3 80 7
3 67 0
3 88 3
3 36 5
3 34 9
3 51 -10
4 85 4
4 63 1
4 38 0
4 46 -3
4 72 6
4 58 -3
4 56 7
4 39 -3
4 81 3
4 19 -7
4 24 5
4 13 0
4 35 8
4 90 2
4 9 3
4 14 0
4 80 1
4 79 -9
4 43 -5
4 30 -10
4 91 0
4 75 6
4 34 -6
4 84 9
4 47 1
4 51 -1
4 45 -7
4 17 -5
4 15 1
4 70 -4
4 32 2
4 16 -7
4 21 -3
4 99 9
4 98 -9
4 69 5
4 18 -5
4 71 10
4 10 1
4 44 7
4 54 -8
4 25 8
4 62 -4
5 55 3
5 99 -5
5 94 -7
5 30 1
5 66 -9
5 91 9
5 31 2
5 72 10
5 68 5
5 42 -6
5 38 -1
5 50 -9
5 25 -6
5 43 7
5 18 7
5 44 5
5 6 10
5 12 8
5 83 -4
5 67 -10
5 8 2
5 52 1
5 85 10
5 22 7
5 21 8
5 75 -1
5 39 -6
5 84 -4
5 19 -10
5 23 -5
5 10 -5
5 74 1
5 34 -10
5 57 1
5 61 0
5 35 -9
5 14 0
5 26 5
5 15 4
5 70 3
5 11 7
6 59 0
6 50 3
6 21 3
6 69 4
6 97 9
6 82 -5
6 16 -2
6 41 -1
6 94 -3
6 98 6
6 43 2
6 54 0
6 48 10
6 14 -6
6 62 -10
6 84 8
6 34 0
6 63 -9
6 88 -7
6 30 1
6 58 3
6 42 -9
6 22 10
6 71 9
6 20 0
6 51 -9
6 92 3
6 37 4
6 26 -10
6 93 7
6 32 -3
6 29 7
6 46 5
6 55 8
6 80 -5
6 36 3
6 99 -10
6 70 -6
6 18 5
6 10 0
6 90 4
6 61 0
6 83 9
6 52 -2
6 8 -9
6 89 9
6 64 6
6 68 -2
7 38 10
7 59 -8
7 8 4
7 75 -7
7 90 7
7 76 -10
7 27 3
7 51 -7
7 82 3
7 15 -5
7 71 3
7 37 4
7 78 0
7 68 8
7 56 -4
7 94 -7
7 23 1
7 20 -8
7 84 6
7 65 -4
7 34 0
7 64 5
7 45 3
7 35 2
7 13 -7
7 47 5
7 17 -6
7 40 6
7 10 -9
7 19 -9
7 11 -8
7 16 2
7 73 -8
7 79 0
7 83 -7
7 77 -5
7 39 8
7 48 3
7 41 -5
7 26 -6
7 53 -5
7 29 2
7 85 7
7 66 6
7 86 7
7 18 -2
7 60 -5
7 92 -10
8 98 -10
8 99 -1
8 36 -1
8 67 8
8 34 -10
8 76 -10
8 13 9
8 58 -10
8 61 10
8 90 -7
8 28 3
8 85 8
8 92 -9
8 87 7
8 82 4
8 25 8
8 33 9
8 57 -1
8 60 -5
8 32 3
8 75 -9
8 86 -5
8 71 4
8 27 1
8 100 -9
8 18 5
8 19 -10
8 11 -1
8 22 3
8 35 3
8 72 -10
8 12 -5
8 66 -9
8 96 10
8 83 -4
8 55 6
8 50 6
8 54 4
8 70 5
8 10 6
8 69 -1
8 73 -4
8 26 1
8 68 10
8 15 9
8 23 -9
8 84 2
8 91 -8
8 14 -9
8 62 -7
8 95 -2
8 37 -9
9 63 -6
9 74 -8
9 61 2
9 69 -10
9 34 6
9 98 -5
9 49 0
9 11 -2
9 99 -2
9 78 -1
9 72 8
9 40 -3
9 30 -9
9 93 10
9 70 7
9 53 -10
9 28 7
9 46 -6
9 43 -2
9 50 2
9 48 7
9 32 4
9 95 -10
9 75 -4
9 31 4
9 41 8
9 56 -3
9 42 -1
9 51 7
9 67 -5
9 33 1
9 92 4
9 96 -6
9 86 10
9 15 -4
9 76 9
9 25 7
9 29 -5
9 19 -10
9 57 -10
9 47 -5
9 35 -8
9 38 0
9 84 -3
9 18 3
9 17 2
9 14 3
9 60 6
9 81 4
9 24 7
9 90 -6
9 26 5
9 12 9
9 97 8
10 46 -10
10 15 10
10 64 1
10 44 -7
10 23 10
10 70 -7
10 13 -5
10 56 -9
10 16 8
10 72 6
10 20 -1
10 21 5
10 35 -2
10 82 -6
10 74 4
10 66 -9
10 30 -3
10 41 -7
10 96 0
10 99 -2
10 22 5
10 34 5
10 90 -5
10 27 5
10 32 1
10 29 -2
10 60 -1
10 94 5
10 88 1
10 92 2
10 65 -2
10 55 7
10 49 -2
10 63 1
10 79 -9
10 76 6
10 24 4
10 75 5
10 68 3
10 48 9
11 97 -3
11 78 4
11 87 6
11 81 -8
11 55 10
11 57 -6
11 80 1
11 24 -2
11 95 8
11 96 -4
11 48 -1
11 66 3
11 51 9
11 54 -3
11 69 8
11 92 7
11 30 -2
11 52 4
11 63 9
11 16 3
11 47 -3
11 71 -8
11 60 3
11 18 -6
11 40 4
11 98 2
11 43 -1
11 17 0
11 23 -2
11 67 1
11 90 -9
11 21 -3
11 99 -10
11 45 -2
11 83 -4
11 36 1
11 68 -1
11 20 10
11 65 -1
11 35 -8
11 62 9
11 15 -2
11 26 5
11 29 -3
12 75 0
12 28 -7
12 27 1
12 71 0
12 31 -4
12 59 10
12 60 6
12 30 7
12 44 -8
12 81 5
12 17 -8
12 25 -6
12 85 -7
12 99 -8
12 92 -6
12 73 -4
12 35 -4
12 70 -4
12 13 -4
12 45 1
12 46 2
12 82 -7
12 74 -10
12 48 -4
12 77 -8
12 56 -5
12 63 -4
12 52 -10
12 61 -5
12 51 -6
12 67 -8
12 64 8
12 49 5
12 88 9
12 37 7
12 66 -5
12 94 1
12 98 4
12 68 9
12 97 6
12 32 9
12 100 -5
12 53 -8
12 54 -3
12 58 5
13 30 -6
13 84 9
13 68 -5
13 66 9
13 21 -9
13 65 6
13 62 8
13 95 1
13 35 -5
13 72 0
13 74 -3
13 46 -3
13 28 -3
13 33 -2
13 16 -1
13 99 0
13 73 -10
13 31 -1
13 27 1
13 32 -3
13 36 4
13 18 -3
13 44 2
13 78 -6
13 47 -8
13 14 3
13 89 -6
13 25 -7
13 83 0
13 39 -1
13 52 -9
13 40 10
13 70 2
13 87 10
13 58 -7
13 20 9
13 57 -4
13 91 -6
13 19 10
13 15 0
13 63 6
13 45 -2
13 24 2
13 26 -2
13 81 -1
13 54 10
13 34 4
13 50 -10
14 93 -8
14 67 4
14 52 -6
14 78 -5
14 73 9
14 72 -6
14 35 3
14 37 8
14 16 1
14 21 9
14 82 -3
14 47 -5
14 56 -9
14 51 -5
14 46 6
14 87 2
14 61 6
14 97 -8
14 30 0
14 86 7
14 83 -9
14 49 9
14 19 -5
14 53 3
14 43 -2
14 77 -4
14 92 -4
14 85 3
14 94 7
14 38 -2
14 18 -4
14 65 -1
14 71 0
14 25 -3
14 44 2
14 63 9
14 24 5
14 20 3
14 68 6
14 74 4
14 33 5
14 58 -3
15 69 10
15 96 1
15 18 -3
15 66 1
15 70 -3
15 46 -2
15 28 -9
15 82 -3
15 30 -7
15 20 -7
15 98 3
15 99 -4
15 64 -10
15 87 6
15 91 -5
15 25 8
15 51 2
15 56 4
15 40 5
15 68 -1
15 35 5
15 84 -8
15 71 -7
15 76 7
15 88 -4
15 59 4
15 65 8
15 67 6
15 24 -1
15 36 10
15 85 -8
15 72 4
15 34 -3
15 92 10
15 48 -5
15 23 2
15 74 -10
15 39 -1
15 100 -1
15 78 -9
15 57 1
15 58 -6
15 60 -3
15 29 9
15 16 -7
15 97 1
15 44 6
15 17 3
16 21 10
16 41 -2
16 92 0
16 47 -10
16 30 -5
16 39 7
16 33 -8
16 38 7
16 53 2
16 82 -8
16 85 6
16 22 6
16 49 5
16 100 -9
16 50 10
16 69 -3
16 65 -6
16 87 5
16 56 -9
16 75 -2
16 81 -2
16 26 -9
16 68 2
16 54 -9
16 96 10
16 90 -1
16 52 -5
16 28 3
16 66 -4
16 42 -10
16 93 7
16 35 -8
16 78 -2
16 44 7
16 99 0
16 89 -4
16 91 -4
16 25 7
16 63 -7
17 29 -3
17 74 7
17 71 -5
17 95 -5
17 26 -5
17 49 0
17 90 -5
17 65 -9
17 84 -2
17 18 5
17 51 6
17 97 -1
17 99 -6
17 40 9
17 58 -5
17 31 -10
17 63 -6
17 81 -2
17 30 -7
17 75 -4
17 54 -5
17 36 4
17 96 -4
17 93 3
17 44 -10
17 89 -5
17 28 -8
17 79 -3
17 41 6
17 62 -9
17 92 -4
17 67 -8
17 98 -5
17 100 0
17 59 2
17 19 0
17 56 10
17 78 3
17 23 3
17 87 3
17 64 6
18 22 -8
18 88 -3
18 23 -10
18 70 10
18 39 -1
18 73 -9
18 94 10
18 56 -3
18 68 2
18 78 7
18 44 -3
18 36 3
18 85 -5
18 52 3
18 53 5
18 41 -4
18 51 5
18 43 -8
18 45 6
18 37 -5
18 83 -8
18 57 -4
18 65 8
18 46 -2
18 47 -1
18 95 -6
18 90 5
18 54 -1
18 35 4
18 61 6
18 40 -7
18 91 -9
18 30 -5
18 32 6
18 64 10
18 77 6
18 21 2
18 92 3
18 89 3
19 23 1
19 33 3
19 74 -7
19 75 2
19 40 -5
19 93 -7
19 73 6
19 78 1
19 92 -3
19 84 -1
19 99 -3
19 62 2
19 28 0
19 59 4
19 26 -3
19 51 -7
19 35 -3
19 27 9
19 90 5
19 88 -10
19 94 -7
19 31 6
19 85 6
19 37 -4
19 80 -7
19 70 -9
19 79 -5
19 38 -6
19 71 7
19 58 -9
19 52 -1
19 53 -3
19 98 9
19 95 -4
19 76 7
19 55 -5
19 21 2
19 34 -3
19 20 5
19 86 4
19 87 -6
19 72 3
19 29 -2
20 68 10
20 88 -4
20 28 -2
20 52 -4
20 97 -7
20 91 1
20 44 8
20 32 -8
20 48 -1
20 56 1
20 96 4
20 54 -2
20 85 10
20 73 7
20 84 9
20 38 10
20 87 -10
20 61 3
20 24 -9
20 79 -5
20 50 5
20 86 -3
20 66 4
20 60 -3
20 65 0
20 34 -2
20 31 0
20 49 8
20 43 -10
20 55 7
20 81 -1
20 69 8
20 22 9
20 76 -7
20 82 6
20 53 -9
20 100 7
20 83 9
20 77 -9
20 80 9
20 72 10
20 39 -7
20 30 -1
20 64 -1
20 46 -9
20 75 1
21 52 10
21 97 -9
21 68 -10
21 74 5
21 100 7
21 88 8
21 83 -9
21 73 6
21 41 -4
21 99 -7
21 79 -5
21 87 3
21 37 -8
21 46 -3
21 48 -1
21 35 -5
21 86 -6
21 26 -4
21 85 8
21 89 9
21 29 -8
21 34 9
21 43 8
21 72 6
21 84 8
21 98 -4
21 25 2
21 53 3
21 61 -10
21 28 9
21 39 -7
21 80 8
21 23 -8
21 76 9
21 90 -7
21 92 6
21 63 -4
21 67 7
21 70 -6
21 66 -2
21 58 5
21 65 -8
21 38 2
21 24 -6
21 45 0
21 71 7
21 42 -8
22 47 5
22 39 1
22 44 -5
22 53 -10
22 35 -2
22 78 -3
22 82 -8
22 67 9
22 83 -8
22 55 3
22 100 2
22 45 1
22 96 -3
22 41 -10
22 33 1
22 89 8
22 70 -7
22 86 -5
22 49 9
22 76 2
22 69 4
22 63 2
22 68 -10
22 91 7
22 72 -3
22 37 0
22 75 7
22 57 -5
22 38 -9
22 48 -6
22 52 -9
22 58 5
22 84 10
22 97 -1
22 43 1
22 85 -4
22 56 2
22 95 8
22 46 3
22 23 9
22 66 -7
22 28 -10
23 100 -1
23 95 -9
23 59 1
23 66 6
23 70 -1
23 98 6
23 60 -10
23 77 -6
23 64 7
23 89 -7
23 84 -5
23 74 0
23 40 4
23 92 -8
23 87 -5
23 94 -10
23 91 10
23 24 7
23 93 -9
23 41 -7
23 75 9
23 28 6
23 31 -1
23 55 -9
23 49 5
23 51 -8
23 47 -7
23 83 7
23 26 -9
23 46 3
23 38 7
23 76 -10
23 50 8
23 96 -7
23 35 -3
23 30 -1
23 67 -1
23 52 5
23 53 -2
24 95 -5
24 62 -7
24 69 2
24 75 -2
24 76 10
24 90 -10
24 34 -1
24 93 -4
24 74 3
24 84 9
24 92 -5
24 59 8
24 57 5
24 28 9
24 66 3
24 72 -1
24 78 9
24 80 7
24 43 1
24 44 -3
24 35 4
24 36 -1
24 87 4
24 46 2
24 25 4
24 26 0
24 86 -1
24 82 6
24 71 -8
24 99 0
24 94 -9
24 81 4
24 40 10
24 51 0
24 31 -7
24 97 8
24 89 -10
24 79 0
24 100 -5
24 54 -2
24 38 3
24 29 9
24 49 -1
24 32 -10
24 47 9
24 65 -1
25 86 -3
25 97 5
25 30 -7
25 98 4
25 45 7
25 96 7
25 76 4
25 73 5
25 61 -6
25 60 -1
25 82 -8
25 71 -1
25 90 9
25 85 -4
25 87 -10
25 32 -4
25 80 -4
25 64 4
25 54 -8
25 48 -4
25 47 7
25 81 9
25 39 -5
25 37 -6
25 79 0
25 70 -4
25 78 5
25 95 0
25 72 1
25 74 3
25 66 10
25 52 -1
25 41 1
25 83 -1
25 57 8
25 62 -7
25 100 4
25 65 6
25 33 -3
25 26 -3
25 51 7
25 88 -3
25 43 2
25 56 9
25 53 2
26 48 -2
26 33 -5
26 60 3
26 70 2
26 57 -8
26 86 4
26 77 0
26 94 -10
26 46 -7
26 58 0
26 89 -5
26 78 -9
26 93 -5
26 91 3
26 32 -4
26 45 -8
26 29 -3
26 79 -7
26 50 5
26 83 8
26 59 3
26 42 -10
26 95 -5
26 55 -4
26 35 3
26 92 -5
26 31 5
26 49 7
26 53 3
26 47 -5
26 88 10
26 40 -10
26 71 6
26 63 -9
26 43 -6
26 97 4
27 93 9
27 98 -7
27 90 3
27 43 7
27 88 -10
27 49 9
27 46 -7
27 62 -1
27 66 -10
27 52 0
27 32 -5
27 70 -4
27 81 5
27 38 -7
27 71 0
27 79 2
27 54 5
27 83 -1
27 92 -9
27 100 -6
27 63 -3
27 78 5
27 77 -10
27 91 10
27 99 -1
27 87 -8
27 85 0
27 40 5
27 41 -9
27 34 3
27 55 -2
27 60 -8
27 35 10
27 31 6
27 47 -1
27 75 0
27 36 5
27 29 -4
28 53 -1
28 96 6
28 43 8
28 60 2
28 37 3
28 83 -4
28 47 -10
28 100 9
28 65 2
28 40 -7
28 63 -3
28 95 -2
28 52 3
28 57 1
28 87 1
28 73 3
28 29 4
28 78 -5
28 45 4
28 79 3
28 31 4
28 74 6
28 86 9
28 81 0
28 77 -5
28 92 3
28 80 8
28 89 8
28 34 7
28 99 9
28 39 -10
28 68 0
28 42 5
28 90 -3
28 32 -8
28 44 5
28 33 5
28 38 -2
28 56 -2
28 85 -10
29 30 3
29 35 1
29 39 6
29 68 -9
29 85 -1
29 86 -3
29 33 -10
29 78 6
29 37 -6
29 76 -2
29 38 3
29 31 0
29 74 2
29 96 9
29 64 -7
29 97 -10
29 92 8
29 89 0
29 84 -3
29 53 -3
29 94 2
29 80 10
29 100 -1
29 48 -8
29 83 -1
29 49 -10
29 66 -1
29 91 -1
29 77 -4
29 47 7
29 32 3
29 93 5
29 56 9
29 42 4
30 82 -7
30 52 -9
30 64 10
30 76 1
30 42 9
30 71 1
30 41 -5
30 80 -1
30 45 9
30 75 -10
30 62 9
30 81 -5
30 73 5
30 56 0
30 99 7
30 60 1
30 46 -6
30 72 -9
30 86 -1
30 90 -1
30 33 5
30 69 1
30 77 3
30 88 -9
30 85 -3
30 89 3
30 67 9
30 74 -2
30 95 2
30 58 7
30 44 0
30 59 1
30 84 10
30 70 9
30 100 -10
30 31 6
31 36 8
31 41 -5
31 94 3
31 100 2
31 47 3
31 38 6
31 44 -9
31 91 -9
31 56 -2
31 70 -8
31 99 9
31 64 5
31 53 7
31 79 9
31 45 1
31 96 5
31 33 -6
31 85 0
31 98 -10
31 76 -6
31 63 3
32 60 -7
32 62 -7
32 51 -10
32 48 2
32 84 7
32 34 8
32 67 -9
32 100 -9
32 45 -3
32 90 0
32 52 -2
32 94 0
32 50 3
32 46 10
32 40 2
32 79 -6
32 53 3
32 55 -8
32 39 7
32 70 -5
32 82 -5
32 92 -1
32 63 0
32 73 -7
32 96 7
32 89 0
32 93 -10
32 61 10
32 76 1
32 80 2
33 72 10
33 36 10
33 58 2
33 64 8
33 83 -3
33 77 -8
33 78 -6
33 37 4
33 91 3
33 42 8
33 93 7
33 82 -3
33 43 9
33 95 -2
33 89 -2
33 45 3
33 60 8
33 59 2
33 62 -8
33 85 -10
33 35 4
33 57 8
33 63 10
33 61 10
33 65 -10
33 84 1
33 49 10
33 40 3
33 76 -3
33 99 9
33 88 6
33 92 -9
33 48 -5
33 67 9
33 73 1
33 54 3
33 53 -4
33 96 -4
33 68 -3
34 97 -10
34 89 6
34 56 -4
34 58 -7
34 60 -2
34 67 0
34 54 7
34 86 -2
34 44 7
34 82 -4
34 37 5
34 99 -6
34 72 0
34 55 -3
34 53 -10
34 93 -6
34 94 -10
34 85 7
34 69 1
34 64 10
34 77 8
34 65 -4
34 52 -3
34 35 5
34 62 4
34 40 1
34 46 -1
34 83 -9
34 68 1
34 91 6
35 59 1
35 62 -9
35 40 4
35 70 10
35 90 -8
35 78 -4
35 92 1
35 100 5
35 96 3
35 45 0
35 51 10
35 43 6
35 86 4
35 71 -4
35 42 9
35 94 -7
35 67 -3
35 46 9
35 48 8
35 55 -3
35 85 -6
35 72 -10
35 80 7
35 47 5
35 74 6
36 60 2
36 83 -7
36 55 -2
36 69 5
36 78 -7
36 63 -10
36 64 3
36 75 -3
36 72 7
36 88 3
36 41 6
36 37 -2
36 81 -3
36 44 -1
36 61 8
36 47 1
36 48 -5
36 77 -2
36 46 4
36 39 -1
36 84 3
36 43 0
36 100 4
36 59 4
36 66 -1
36 93 3
36 94 9
36 91 1
36 38 -3
36 80 0
36 57 -6
36 67 -7
36 97 -10
36 52 4
36 54 -9
36 51 9
36 56 -7
37 52 -10
37 81 -5
37 40 6
37 58 6
37 90 -1
37 65 -7
37 43 -8
37 92 10
37 76 -4
37 93 6
37 47 7
37 38 -3
37 98 -3
37 74 -9
37 94 -2
37 48 -2
37 44 -2
37 49 -10
37 50 -10
37 51 6
37 39 4
37 99 -6
37 55 3
37 85 -5
37 69 -8
37 62 6
37 63 10
37 91 -3
37 64 -1
37 77 1
37 53 -4
37 100 -9
37 66 10
37 60 2
37 80 -8
38 77 3
38 46 -8
38 41 -7
38 61 5
38 97 -1
38 66 -3
38 71 6
38 63 2
38 94 -2
38 99 5
38 88 1
38 68 1
38 55 8
38 75 1
38 45 4
38 95 10
38 86 -4
38 83 -1
38 48 8
38 47 -7
38 81 0
38 62 -10
38 49 10
38 67 -5
38 65 -5
38 70 6
38 40 7
38 87 -4
38 76 2
38 64 -4
38 42 5
38 50 -9
38 57 -2
38 51 9
39 45 3
39 88 -5
39 50 7
39 55 -9
39 51 4
39 90 3
39 99 -10
39 56 -9
39 42 0
39 79 6
39 44 2
39 95 -8
39 76 4
39 62 5
39 61 -6
39 96 -2
39 40 -4
39 97 4
39 64 5
39 87 2
39 52 -6
39 43 -4
39 72 -9
39 73 -7
39 67 6
39 80 -5
39 83 2
39 48 -9
40 85 -3
40 42 -7
40 77 6
40 87 -5
40 80 -7
40 99 0
40 75 3
40 47 4
40 66 -4
40 58 3
40 45 -5
40 73 -5
40 63 -10
40 62 -2
40 98 -5
40 92 -8
40 61 9
40 68 -5
40 88 -5
40 56 6
40 65 1
40 83 -6
40 49 -7
40 46 5
40 60 -8
40 69 -8
40 93 2
40 78 -7
41 96 2
41 50 1
41 91 5
41 94 -2
41 84 8
41 88 -5
41 67 -1
41 66 2
41 57 -6
41 48 -10
41 86 -6
41 100 -8
41 95 -8
41 42 -10
41 61 3
41 62 -9
41 78 8
41 51 0
41 82 -7
41 73 -10
41 79 -9
41 74 -4
41 90 -1
41 46 2
41 69 4
42 99 -2
42 62 -1
42 75 -4
42 50 8
42 78 8
42 68 5
42 94 -10
42 81 4
42 56 2
42 86 -10
42 92 4
42 59 5
42 58 -6
42 89 6
42 93 -5
42 51 9
42 52 -5
42 61 -1
42 66 -4
42 82 -8
42 44 9
42 95 6
42 70 2
42 96 6
42 88 -1
42 47 -10
42 67 -2
42 64 -7
42 73 9
43 94 -8
43 70 -10
43 64 -4
43 75 -10
43 59 -6
43 79 -8
43 45 10
43 51 8
43 83 -9
43 46 -9
43 99 -9
43 57 2
43 62 -6
43 92 3
43 82 -5
43 52 -1
43 72 -10
43 95 -9
43 63 -1
43 69 7
44 95 7
44 81 7
44 64 -9
44 79 4
44 63 -9
44 58 2
44 59 -5
44 54 5
44 80 -4
44 65 6
44 67 -4
44 99 2
44 97 1
44 47 -7
44 83 10
44 62 3
44 71 9
44 96 0
44 45 8
44 52 -4
44 57 -7
44 100 9
44 49 -7
44 88 -1
44 73 -6
44 53 8
44 69 5
44 70 8
44 66 -2
44 82 9
44 50 10
44 94 6
45 75 4
45 98 9
45 97 -10
45 96 1
45 93 -6
45 55 2
45 81 -4
45 95 -4
45 94 0
45 70 2
45 72 -4
45 84 3
45 62 -6
45 58 -6
45 71 -9
45 86 0
45 76 -10
45 67 -5
45 48 -6
45 100 -10
45 63 -6
45 54 8
45 57 2
45 92 -5
45 46 5
45 49 -5
45 87 9
46 97 2
46 64 9
46 95 7
46 57 7
46 74 -10
46 56 5
46 88 0
46 75 2
46 79 1
46 77 8
46 47 10
46 70 1
46 52 7
46 50 3
46 94 -10
46 96 -5
46 53 -8
46 48 8
46 65 2
46 93 -5
46 54 4
46 61 -1
46 62 -5
46 71 6
46 58 10
46 51 4
46 49 -7
46 87 -6
46 72 7
47 84 -2
47 90 10
47 75 -5
47 61 -6
47 49 3
47 70 -3
47 64 10
47 56 4
47 62 -8
47 76 -7
47 87 -4
47 69 7
47 98 -1
47 100 7
47 59 -7
47 65 10
47 91 1
47 63 2
47 67 -8
47 57 -1
47 89 -3
47 68 7
47 73 4
47 94 8
48 81 1
48 90 -7
48 75 -4
48 94 -10
48 86 10
48 58 -9
48 84 -3
48 73 9
48 78 0
48 96 -7
48 77 -1
48 67 -2
48 89 6
48 98 -3
48 70 -1
48 52 -7
48 64 7
48 100 5
48 49 9
48 68 6
48 88 3
48 51 6
48 50 4
48 91 2
48 62 -6
48 85 6
48 61 8
49 57 -7
49 71 -9
49 64 -5
49 79 -2
49 83 -8
49 76 2
49 94 -10
49 82 6
49 90 7
49 95 -2
49 66 -3
49 60 -7
49 69 2
49 58 -5
49 89 -9
49 65 -9
49 74 -10
49 62 -1
49 97 -2
49 99 9
49 92 8
49 63 -7
49 78 -10
49 56 -6
49 52 1
49 50 -6
49 100 10
49 54 1
50 65 -2
50 100 0
50 67 -3
50 53 -1
50 72 9
50 93 10
50 84 3
50 55 1
50 51 1
50 97 -10
50 58 -5
50 92 8
50 61 1
50 74 -2
50 68 6
50 60 -9
50 73 4
50 98 -1
50 54 -8
50 82 -3
50 99 7
50 87 5
50 94 5
50 59 -5
50 52 -1
51 71 7
51 69 -8
51 58 -10
51 79 -6
51 61 -8
51 54 -1
51 94 9
51 70 8
51 97 1
51 53 0
51 77 10
51 59 2
51 75 -8
51 96 3
51 63 3
51 81 -5
51 82 2
51 87 -10
51 66 10
51 62 -2
51 57 4
51 83 -1
52 89 -1
52 81 6
52 72 10
52 92 8
52 98 -7
52 67 8
52 91 -5
52 56 10
52 65 -6
52 94 5
52 68 0
52 61 -2
52 76 8
52 75 7
52 71 -3
52 100 1
52 90 -9
52 73 -10
52 88 0
52 83 -9
52 55 -7
52 59 -9
52 84 5
52 99 0
52 63 -1
53 57 0
53 62 -7
53 94 -3
53 66 -2
53 70 -3
53 83 7
53 71 -10
53 65 2
53 55 -8
53 73 5
53 88 8
53 98 -8
53 68 -5
53 97 5
53 90 -7
53 64 -9
53 80 -9
53 96 -10
53 54 -2
53 78 8
54 82 -4
54 90 -10
54 75 -1
54 68 4
54 71 2
54 63 9
54 94 -2
54 89 -1
54 69 2
54 78 2
54 88 -5
54 83 10
54 79 7
54 56 -2
54 87 -7
54 84 -6
54 67 8
54 73 7
54 80 8
54 92 9
54 57 0
54 77 0
54 62 4
55 56 7
55 69 9
55 86 5
55 74 -6
55 59 2
55 68 -8
55 88 -6
55 57 2
55 83 -9
55 85 -6
55 100 10
55 97 -4
55 94 9
55 70 -7
55 78 0
55 82 -8
55 93 4
55 92 -2
55 90 -4
55 80 -9
56 91 1
56 62 -1
56 65 -2
56 76 -8
56 63 -2
56 78 9
56 77 8
56 69 -5
56 80 -2
56 66 0
56 57 7
56 95 -2
56 86 -8
56 90 -3
56 73 -4
56 58 -5
56 82 0
56 97 -8
56 100 4
57 61 4
57 78 -2
57 63 -9
57 95 5
57 90 3
57 71 2
57 89 -2
57 100 2
57 67 -8
57 75 10
57 82 7
57 59 -4
57 62 9
57 70 6
57 64 3
57 99 4
57 84 2
57 93 -6
58 82 4
58 69 -5
58 91 1
58 95 -8
58 65 7
58 77 5
58 80 6
58 97 -4
58 70 3
58 99 3
58 73 -3
58 62 -3
58 86 -8
58 81 4
58 64 -6
58 85 9
58 96 -9
58 90 -2
58 87 -6
58 76 2
58 89 7
59 80 7
59 70 -2
59 91 -2
59 95 3
59 99 8
59 97 10
59 76 -7
59 88 -5
59 72 -6
59 85 7
59 68 3
59 66 -6
59 93 -10
59 74 6
59 65 -10
59 87 -3
60 98 -10
60 64 1
60 89 5
60 68 -3
60 72 4
60 73 -3
60 93 10
60 77 4
60 65 -4
60 90 -8
60 74 3
60 66 -5
60 96 -2
60 87 -1
60 69 -3
60 88 2
60 84 -6
60 92 -2
61 78 7
61 74 -8
61 96 -5
61 89 5
61 64 -8
61 100 -1
61 69 6
61 83 10
61 93 -3
61 71 0
61 76 10
61 70 -5
61 80 -1
61 90 -10
61 67 7
61 82 10
61 62 -6
61 88 9
62 99 -8
62 88 9
62 90 -7
62 75 9
62 80 3
62 81 7
62 97 6
62 87 4
62 83 -6
62 92 3
62 74 -2
63 77 -4
63 96 7
63 89 -1
63 85 10
63 66 5
63 100 -4
63 80 -7
63 64 -10
63 87 -9
63 94 -8
63 76 2
63 99 8
63 67 2
63 90 -6
63 74 6
63 91 4
63 92 -10
63 82 8
63 73 2
63 79 10
63 81 -6
63 78 8
64 91 3
64 70 8
64 69 9
64 85 -10
64 78 -6
64 79 -5
64 75 -4
64 65 2
64 71 10
64 82 -3
64 89 10
64 83 -1
64 87 -5
64 92 0
64 80 -6
64 81 -5
64 99 -6
65 83 -10
65 87 -2
65 72 -3
65 78 -8
65 68 -3
65 80 -8
65 69 -3
65 91 1
65 100 -4
65 94 3
65 86 -1
65 89 5
65 88 4
65 77 -7
65 71 -7
65 66 1
65 74 9
65 82 5
65 97 -10
65 93 -2
65 76 1
65 96 -3
65 81 2
65 95 -9
66 76 9
66 90 -8
66 84 -4
66 71 -8
66 75 4
66 83 -10
66 93 2
66 99 5
66 70 5
66 81 -10
66 98 0
66 95 -7
66 77 -8
66 92 -9
66 91 0
66 94 10
66 85 -2
67 83 -6
67 82 1
67 78 2
67 85 -6
67 84 -9
67 91 2
67 68 -9
67 98 -7
67 75 -10
67 99 -4
67 87 6
67 81 -10
67 73 -6
67 96 -4
67 79 -9
67 92 -4
67 70 8
67 72 -5
67 95 -3
68 70 7
68 75 -8
68 71 10
68 92 6
68 93 -8
68 87 -9
68 78 9
68 73 4
68 99 -1
68 82 -6
68 85 6
68 88 -7
68 86 8
68 69 -6
68 81 0
68 100 0
69 99 1
69 85 -1
69 95 9
69 81 -2
69 82 -8
69 90 0
69 88 8
69 92 -10
69 91 -2
69 84 -3
69 89 2
69 94 1
69 75 1
69 100 0
70 93 7
70 91 -10
70 73 5
70 82 -9
70 78 6
70 79 8
70 75 8
70 90 7
70 99 -10
70 88 -7
70 72 9
70 81 -7
70 96 -7
70 97 1
71 99 -8
71 94 9
71 88 -5
71 89 4
71 76 3
71 72 -5
71 75 -7
71 87 -6
71 82 2
71 95 -7
71 90 4
71 92 3
71 100 -4
72 90 -7
72 93 -1
72 86 4
72 79 7
72 83 -1
72 80 -2
72 100 7
72 98 -6
72 91 6
72 94 -2
72 78 10
72 81 -4
72 97 -9
72 85 8
73 86 7
73 82 -9
73 95 7
73 84 5
73 94 -8
73 89 -9
73 92 -8
73 91 6
73 90 -6
73 76 9
74 87 9
74 100 -3
74 89 -1
74 78 -5
74 77 0
74 86 -4
74 97 5
74 75 -8
74 98 -8
74 88 6
74 83 9
75 98 -10
75 97 -1
75 76 5
75 77 5
75 81 0
75 94 -8
75 95 6
75 82 -10
75 92 1
76 97 8
76 85 -5
76 81 -4
76 86 -1
76 92 6
76 96 -6
76 79 -8
76 95 -9
76 90 -3
76 88 6
76 83 -8
77 80 0
77 93 -4
77 96 -2
77 89 5
77 91 3
77 94 3
77 99 -2
77 87 -3
77 79 -8
77 98 -4
77 82 8
77 88 7
77 97 9
77 84 10
77 83 -4
78 86 -5
78 79 -8
78 95 9
78 97 -2
78 80 2
78 87 -8
78 99 -3
78 85 10
78 83 -6
78 100 6
78 82 -5
79 90 -2
79 99 -6
79 87 9
79 98 6
79 80 -1
79 84 10
79 91 4
79 96 -6
79 85 -6
79 93 2
79 88 -7
80 91 -10
80 97 3
80 81 7
80 92 7
80 87 7
80 90 5
80 86 2
80 98 -8
80 93 1
80 96 -3
80 95 5
80 100 -7
80 84 -6
80 89 -7
81 91 -6
81 85 -3
81 83 9
81 97 1
81 100 10
81 88 6
81 96 2
81 95 4
81 93 -9
81 87 3
81 98 10
81 90 8
82 85 5
82 84 -2
82 95 -2
82 86 8
82 94 -2
82 99 -3
82 98 -10
82 96 3
82 90 0
82 83 8
82 89 0
82 100 9
82 87 10
82 88 -8
83 97 8
83 87 2
83 92 1
83 98 1
83 84 7
83 91 -7
83 100 2
84 95 -8
84 99 -1
84 97 2
84 89 0
84 85 9
84 87 0
84 98 -9
84 92 1
84 94 3
85 92 -4
85 86 5
85 100 3
85 99 -9
85 96 -10
85 95 4
86 96 -5
86 94 -3
86 90 -8
86 99 5
86 88 -3
86 98 7
86 87 2
86 91 -7
86 93 4
86 100 3
86 89 -4
86 92 9
87 95 2
87 96 1
87 99 5
87 92 7
87 97 1
87 100 -9
87 91 -5
88 100 -8
88 97 -7
88 90 0
88 94 8
88 91 0
89 91 4
89 100 0
89 94 3
89 96 -3
89 93 -6
89 98 -5
89 92 3
90 96 -9
90 91 6
90 95 -4
90 100 -3
90 99 -7
91 95 -6
91 98 -7
91 99 10
91 100 -3
91 94 -6
91 92 9
91 96 3
92 94 5
92 93 -3
92 95 9
92 99 -10
93 97 -10
93 100 4
93 96 1
93 99 -10
94 98 -5
94 97 6
94 96 -5
94 99 -2
95 96 9
95 99 -3
96 100 2
96 98 -5
96 99 0
97 98 -3
97 100 6
98 100 -3
