100 2475 
1 63 6
1 29 9
1 96 -9
1 53 6
1 69 -1
1 95 9
1 21 -3
1 52 1
1 81 -6
1 31 5
1 3 -1
1 62 6
1 16 -3
1 94 -7
1 47 3
1 77 3
1 55 -3
1 43 8
1 11 3
1 82 8
1 99 -10
1 49 3
1 59 -1
1 40 5
1 28 10
1 4 6
1 72 4
1 5 -10
1 51 -1
1 10 -1
1 46 -5
1 61 -1
1 19 -6
1 7 4
1 15 -9
1 89 -8
1 98 7
1 50 -10
1 24 1
1 30 -6
1 64 7
1 57 0
1 48 8
1 9 -10
1 17 1
1 65 -6
1 79 6
1 20 -8
1 60 8
1 71 1
1 27 5
1 54 -4
1 100 -7
1 68 -4
1 12 -8
1 26 7
1 90 -7
1 73 -5
2 36 -7
2 100 1
2 34 -1
2 67 -9
2 47 8
2 61 9
2 14 -8
2 5 -7
2 10 -8
2 65 1
2 42 0
2 87 3
2 73 1
2 26 -5
2 13 7
2 78 1
2 24 -6
2 21 3
2 66 -7
2 20 -4
2 23 10
2 7 10
2 94 8
2 32 7
2 57 5
2 54 9
2 79 2
2 89 -4
2 62 4
2 15 -4
2 74 5
2 85 -4
2 37 4
2 76 9
2 56 6
2 16 -8
2 71 -8
2 45 -8
2 43 -9
2 80 -6
2 77 4
2 9 -2
2 60 2
2 68 -7
2 81 8
2 27 -10
3 75 9
3 84 10
3 42 -4
3 40 3
3 53 8
3 68 6
3 93 -7
3 80 4
3 45 -6
3 44 -8
3 73 -6
3 46 -1
3 52 8
3 38 -10
3 18 6
3 85 3
3 56 -10
3 69 10
3 94 10
3 20 6
3 96 -2
3 57 -1
3 9 -7
3 86 9
3 82 1
3 67 -9
3 14 5
3 97 -6
3 55 4
3 92 -1
3 63 6
3 54 0
3 30 -7
3 76 -9
3 39 -1
3 33 -10
3 5 -4
3 26 8
3 90 -5
3 11 0
3 12 -5
3 25 -7
3 74 2
4 52 5
4 34 -5
4 67 -6
4 59 -8
4 61 9
4 43 -8
4 5 -5
4 45 -10
4 91 10
4 21 3
4 72 3
4 16 -4
4 98 -2
4 57 6
4 92 4
4 9 0
4 69 4
4 12 7
4 39 6
4 56 -7
4 42 6
4 96 -10
4 74 -9
4 54 -1
4 26 -3
4 8 -4
4 62 -4
4 30 -3
4 47 8
4 70 -10
4 78 7
4 97 -10
4 41 -7
4 14 -10
4 94 4
4 40 -10
4 22 0
4 23 8
4 36 0
4 86 5
4 48 0
4 99 10
4 58 -2
4 38 3
4 44 1
4 35 -8
4 24 -7
4 6 -8
4 76 3
4 66 7
4 71 2
4 63 -2
4 29 -5
5 90 -9
5 53 -5
5 99 8
5 24 -3
5 91 -1
5 67 2
5 28 -10
5 81 -7
5 33 -4
5 78 -5
5 31 2
5 51 -4
5 77 0
5 97 -2
5 47 10
5 69 5
5 25 -9
5 32 -4
5 95 -10
5 42 6
5 12 6
5 48 -8
5 96 -6
5 79 4
5 45 0
5 55 8
5 85 3
5 76 -5
5 60 8
5 40 5
5 57 3
5 44 9
5 86 -10
5 87 -2
5 66 -8
5 38 6
5 36 1
5 72 6
5 61 -3
5 46 -4
5 17 -7
5 26 -6
5 100 -6
5 71 -7
6 98 -10
6 82 -9
6 33 2
6 26 -1
6 9 2
6 34 2
6 51 7
6 84 -9
6 73 -1
6 43 3
6 37 -5
6 52 -8
6 17 9
6 29 3
6 38 -7
6 70 -5
6 62 -5
6 63 -5
6 92 -5
6 64 2
6 55 -3
6 95 1
6 42 -4
6 61 7
6 25 0
6 97 2
6 31 10
6 100 4
6 86 4
6 67 1
6 89 9
6 83 0
6 59 -2
6 54 -4
6 30 6
6 39 0
6 58 3
6 7 2
6 78 10
6 79 1
6 14 -4
6 47 -9
6 90 -4
6 94 10
6 66 0
6 76 -6
6 68 -2
6 77 9
7 11 -5
7 38 -10
7 85 3
7 26 -6
7 52 8
7 16 4
7 27 8
7 50 -2
7 63 7
7 72 9
7 18 9
7 82 -8
7 32 -5
7 35 -7
7 46 -4
7 21 -3
7 56 1
7 74 4
7 47 3
7 42 -9
7 92 -10
7 10 9
7 39 0
7 86 3
7 68 3
7 48 -3
7 13 4
7 55 -9
7 61 -1
7 53 3
7 93 -2
7 34 5
7 20 -3
7 73 4
7 80 3
7 19 0
7 90 -1
8 100 3
8 17 2
8 40 9
8 22 1
8 55 -4
8 38 -8
8 35 -5
8 85 -1
8 37 -9
8 75 0
8 39 -7
8 87 -7
8 74 -7
8 33 1
8 56 10
8 26 -5
8 88 1
8 82 2
8 97 2
8 94 8
8 25 9
8 44 3
8 84 1
8 79 -1
8 89 -2
8 15 9
8 70 0
8 20 8
8 23 0
8 59 -2
8 64 0
8 9 -5
8 62 9
8 91 -9
8 57 -5
8 49 -10
8 67 -5
8 96 -1
8 90 1
8 12 -9
8 53 10
8 73 -1
8 43 4
8 54 -7
8 61 7
9 40 2
9 26 -3
9 94 -5
9 75 2
9 47 0
9 92 -3
9 35 -7
9 32 1
9 86 5
9 98 6
9 41 -3
9 50 4
9 58 9
9 70 9
9 27 5
9 74 -10
9 20 -8
9 68 7
9 77 5
9 15 -3
9 66 -1
9 48 -1
9 11 -10
9 23 -5
9 39 8
9 69 -5
9 10 -9
9 31 -4
9 34 -9
9 28 8
9 36 3
9 21 9
9 71 -1
9 81 5
9 82 -2
9 85 -10
9 89 -10
9 33 5
10 96 2
10 87 -6
10 60 -7
10 38 3
10 42 -3
10 13 -5
10 36 5
10 31 5
10 39 -7
10 65 -4
10 47 -6
10 95 -10
10 72 0
10 23 -2
10 81 3
10 82 -8
10 64 -2
10 94 5
10 77 -6
10 100 7
10 33 -10
10 91 -10
10 51 2
10 22 -5
10 32 9
10 58 -4
10 27 -3
10 49 8
10 66 3
10 92 3
10 93 9
10 79 -7
10 80 4
10 74 2
10 26 3
10 71 -9
10 19 9
10 44 1
10 41 -1
10 67 8
10 48 10
10 73 0
11 17 10
11 33 9
11 30 -3
11 48 8
11 16 6
11 23 0
11 72 -9
11 51 0
11 24 10
11 35 2
11 93 -9
11 15 -4
11 45 -10
11 29 2
11 76 -1
11 59 1
11 98 -4
11 69 6
11 87 -1
11 56 9
11 95 -8
11 85 -5
11 20 -4
11 94 -2
11 96 -4
11 88 -5
11 89 10
11 52 -6
11 62 -8
11 55 -7
11 44 8
11 71 10
11 63 8
11 84 7
11 78 10
11 41 5
11 92 5
11 42 -8
11 27 8
11 61 5
11 38 8
11 12 6
11 74 -4
12 99 -9
12 91 1
12 21 5
12 89 9
12 18 -8
12 93 9
12 94 -8
12 97 1
12 14 0
12 73 -4
12 25 -5
12 15 5
12 49 3
12 77 2
12 50 9
12 87 -10
12 53 1
12 32 -4
12 39 4
12 59 0
12 40 -10
12 26 -10
12 84 8
12 95 -3
12 37 8
12 51 3
12 100 -9
12 47 6
12 80 1
12 75 -7
12 34 9
12 38 -8
12 27 10
12 83 4
12 63 7
12 42 8
13 21 -3
13 93 -3
13 42 1
13 57 8
13 34 -3
13 89 -4
13 65 0
13 85 -8
13 79 -9
13 74 2
13 35 -6
13 71 -9
13 30 -5
13 24 -9
13 47 -2
13 83 8
13 61 1
13 36 -6
13 41 0
13 53 -7
13 92 -4
13 56 4
13 20 -8
13 95 -1
13 44 1
13 15 0
13 78 2
13 62 -9
13 31 -3
13 33 -3
13 45 -9
13 81 -6
13 28 -3
13 94 9
13 99 1
13 43 0
13 60 -5
13 59 -10
13 40 -8
13 39 1
13 97 -3
13 98 4
13 91 7
13 23 -10
13 88 -3
13 32 -9
14 22 9
14 41 6
14 66 -2
14 37 3
14 60 -9
14 29 -1
14 85 10
14 50 -10
14 40 6
14 48 1
14 67 -3
14 42 -10
14 89 0
14 38 -9
14 92 -7
14 49 6
14 19 0
14 52 0
14 28 6
14 65 -4
14 54 1
14 43 10
14 68 -2
14 26 -10
14 81 10
14 51 -9
14 46 -6
14 86 7
14 87 8
14 24 -1
14 69 1
14 34 3
14 36 -6
14 98 -5
14 33 -3
14 77 2
14 84 9
14 16 -9
14 58 -1
14 73 5
14 64 -6
14 56 0
14 31 0
14 17 -8
15 93 6
15 30 -1
15 82 -6
15 16 7
15 85 -2
15 78 0
15 27 -10
15 39 6
15 55 -4
15 77 8
15 22 -7
15 96 0
15 29 -5
15 31 -4
15 87 -5
15 61 -10
15 51 -7
15 89 -2
15 17 -10
15 53 -1
15 35 -8
15 92 8
15 44 1
15 23 1
15 83 7
15 24 7
15 25 7
15 36 -4
15 67 -5
15 58 8
15 56 6
15 68 -7
15 45 5
15 38 0
15 37 -10
15 64 -1
15 99 10
15 84 10
15 60 -1
15 79 -9
15 75 8
16 48 2
16 74 -6
16 18 -8
16 30 -5
16 88 7
16 27 1
16 72 -6
16 91 -6
16 22 -9
16 45 0
16 56 -3
16 85 10
16 49 3
16 97 2
16 62 -10
16 73 10
16 69 -8
16 54 3
16 53 3
16 59 -8
16 28 -3
16 40 -2
16 19 9
16 21 4
16 50 -9
16 100 -1
16 55 -6
16 32 -8
16 29 1
16 89 -7
16 81 7
16 76 8
16 31 -2
16 64 -5
16 46 8
16 83 3
16 92 10
16 71 3
16 70 8
16 77 0
16 52 -6
16 75 -6
16 38 6
16 35 -2
16 60 4
16 78 0
17 25 -2
17 45 -4
17 48 -6
17 39 -7
17 30 5
17 80 5
17 51 3
17 38 0
17 59 -4
17 67 -6
17 85 -4
17 68 8
17 54 -10
17 36 7
17 46 -1
17 34 -5
17 40 9
17 82 6
17 74 -3
17 32 5
17 94 -7
17 95 -6
17 63 -7
17 93 -3
17 62 -1
17 97 0
17 31 6
17 60 5
17 42 -3
17 29 -5
17 73 9
17 28 2
17 81 2
17 86 0
17 89 9
17 75 -5
17 37 -5
17 57 -8
17 26 -6
17 23 -9
17 78 -4
17 56 -4
17 72 -5
17 35 5
18 57 7
18 72 -1
18 39 -1
18 71 4
18 27 1
18 99 5
18 33 8
18 82 9
18 97 8
18 49 -6
18 35 2
18 29 -1
18 83 -6
18 42 2
18 78 1
18 98 -7
18 53 1
18 84 10
18 70 -10
18 89 3
18 60 3
18 25 -4
18 87 -5
18 52 0
18 93 -5
18 65 5
18 63 2
18 19 7
18 100 8
18 91 10
18 88 -8
18 40 -7
18 85 -8
18 51 10
18 23 2
18 37 6
18 75 -8
18 68 3
18 46 10
18 20 4
19 27 -4
19 54 4
19 55 2
19 89 6
19 24 4
19 88 -8
19 20 3
19 74 3
19 95 2
19 78 5
19 32 6
19 21 -6
19 41 -10
19 80 0
19 52 5
19 30 -8
19 22 -8
19 28 -4
19 48 6
19 64 6
19 25 -2
19 45 -5
19 84 6
19 36 6
19 72 -9
19 92 -5
19 79 -10
19 42 7
19 63 9
19 49 9
19 40 -7
19 69 -1
19 81 8
19 85 6
19 67 2
19 90 -3
19 58 -7
19 77 6
19 26 -2
20 77 3
20 79 -8
20 86 -1
20 22 -3
20 84 -7
20 75 5
20 85 8
20 72 -2
20 93 5
20 88 -5
20 94 5
20 23 8
20 65 4
20 52 0
20 26 -3
20 41 -10
20 36 -8
20 97 -8
20 83 -5
20 73 -9
20 80 -2
20 33 -7
20 53 2
20 30 -8
20 78 5
20 76 5
20 99 -7
20 51 2
20 21 5
20 39 -5
20 48 -5
20 67 8
20 60 -2
20 96 7
20 55 10
20 40 -10
21 49 1
21 42 -5
21 37 5
21 51 4
21 62 -6
21 69 4
21 55 -3
21 97 7
21 25 -4
21 92 10
21 61 -8
21 31 -2
21 45 7
21 56 -8
21 53 4
21 22 8
21 54 5
21 79 -3
21 35 5
21 43 8
21 33 -9
21 96 8
21 57 -10
21 75 2
21 30 -5
21 99 -10
21 44 -7
21 67 -3
21 88 8
21 64 -10
21 94 -10
21 28 8
21 34 -8
21 82 -10
21 40 -9
21 27 -7
21 91 -7
21 23 6
21 39 9
21 100 0
21 68 1
22 92 -1
22 80 6
22 94 8
22 91 -9
22 41 4
22 71 -3
22 89 2
22 57 2
22 33 10
22 75 -5
22 82 -2
22 66 -2
22 79 5
22 99 8
22 97 7
22 23 -2
22 86 -3
22 53 10
22 30 -9
22 62 -9
22 27 2
22 64 -7
22 52 9
22 84 5
22 49 6
22 50 -1
22 65 7
22 70 9
22 31 -7
22 73 -4
22 100 9
22 26 -10
22 59 -5
22 25 7
22 56 -8
22 58 8
22 87 1
22 96 5
22 48 -10
22 43 6
22 90 6
22 61 -10
22 42 -5
22 85 -4
22 29 7
22 95 -4
22 76 3
23 54 7
23 97 -1
23 82 10
23 30 -8
23 33 -6
23 46 3
23 49 4
23 31 7
23 88 -3
23 35 0
23 38 -9
23 77 10
23 40 -10
23 57 2
23 95 10
23 32 -5
23 52 -3
23 41 0
23 50 -1
23 85 3
23 58 7
23 45 -4
23 63 2
23 27 0
23 53 -4
23 28 5
23 62 -4
23 55 -9
23 100 2
23 75 -2
23 65 9
23 80 5
24 25 10
24 42 1
24 96 2
24 71 0
24 100 3
24 28 9
24 74 -10
24 66 -3
24 41 -6
24 86 2
24 98 -9
24 35 9
24 95 -5
24 83 4
24 34 6
24 68 4
24 62 -8
24 50 6
24 73 0
24 54 -8
24 36 -5
24 30 5
24 27 9
24 65 -4
24 61 7
24 70 -10
24 53 -5
24 97 -1
24 84 1
24 55 -2
24 29 9
24 49 4
24 77 -9
24 80 -3
24 40 -7
24 58 10
24 64 -2
24 32 -7
24 81 -3
24 59 -8
24 44 6
24 82 -3
24 63 8
24 38 -4
24 37 4
25 43 4
25 55 7
25 82 1
25 51 5
25 68 -9
25 78 8
25 61 8
25 99 -8
25 67 -4
25 60 -10
25 76 -6
25 49 -6
25 27 -6
25 57 6
25 47 2
25 40 9
25 100 7
25 31 5
25 42 4
25 32 9
25 93 -2
25 91 2
25 95 6
25 34 1
25 75 6
25 84 6
25 33 9
25 65 0
25 77 1
25 83 -9
25 45 -5
25 58 5
25 48 6
25 87 6
25 50 8
25 86 -1
25 81 0
25 90 7
26 98 -9
26 41 -10
26 75 -4
26 35 5
26 83 3
26 69 6
26 82 6
26 43 -1
26 37 0
26 70 -7
26 44 -10
26 80 9
26 39 -6
26 74 -4
26 32 10
26 59 -9
26 77 -8
26 40 -10
26 51 -7
26 68 1
26 30 10
26 54 2
26 90 8
26 52 5
26 94 0
26 45 0
26 71 5
26 57 7
26 62 7
26 55 3
26 97 -1
26 58 -4
27 33 3
27 99 2
27 42 -8
27 60 -5
27 50 -3
27 47 -2
27 58 5
27 55 -6
27 49 -6
27 80 0
27 87 1
27 98 3
27 93 2
27 81 -9
27 76 4
27 68 4
27 54 2
27 86 -2
27 51 -7
27 45 -2
27 94 -2
27 83 4
27 71 -3
27 40 -2
27 73 -2
27 43 -5
27 90 3
27 66 1
27 74 2
27 96 -10
27 30 8
27 36 4
27 44 -1
28 91 -2
28 87 -3
28 39 -2
28 40 -10
28 49 0
28 30 -2
28 33 2
28 57 -5
28 69 -2
28 46 5
28 89 0
28 99 -7
28 61 9
28 85 2
28 55 6
28 29 5
28 92 -9
28 82 1
28 35 1
28 43 -6
28 96 -8
28 93 -4
28 80 2
28 64 -5
28 34 -4
28 94 1
28 88 -2
28 79 7
28 67 -5
28 76 -7
28 100 -3
28 65 -6
28 52 -1
28 32 2
28 73 8
28 66 -2
29 41 2
29 93 -6
29 100 5
29 86 1
29 91 -9
29 67 -2
29 40 -2
29 47 -1
29 90 -1
29 33 -8
29 88 -7
29 83 -1
29 60 7
29 51 5
29 97 -9
29 95 2
29 70 2
29 37 -9
29 98 8
29 54 -4
29 30 -6
29 77 -9
29 78 5
29 92 6
29 43 -6
29 84 0
29 35 8
29 55 10
29 99 -8
29 38 -10
30 41 -8
30 62 -5
30 57 9
30 55 -4
30 58 -3
30 32 9
30 38 -4
30 90 10
30 53 1
30 63 -2
30 100 8
30 31 -5
30 60 4
30 87 9
30 91 -3
30 89 3
30 84 -3
30 39 8
30 69 2
30 36 5
30 35 -6
30 67 8
30 45 9
30 94 10
30 42 6
30 68 1
30 75 -9
30 72 -7
31 88 -10
31 96 3
31 40 -5
31 66 4
31 86 6
31 71 5
31 41 1
31 76 -3
31 97 2
31 56 -2
31 72 -4
31 69 8
31 83 2
31 81 -2
31 93 2
31 100 5
31 47 -8
31 75 4
31 54 4
31 67 9
31 45 3
31 36 -9
31 32 -7
31 95 4
31 53 3
31 84 1
31 43 -5
31 78 5
31 52 6
31 64 7
31 38 2
31 98 7
31 42 8
31 63 -3
31 57 -3
31 85 -8
32 63 -1
32 88 8
32 86 7
32 35 -3
32 73 7
32 89 -10
32 70 -4
32 76 -7
32 87 -3
32 78 -5
32 84 2
32 36 -8
32 55 1
32 97 8
32 96 -2
32 49 -10
32 74 -9
32 90 3
32 67 2
32 50 -5
32 60 -10
32 42 -9
32 40 3
32 72 1
32 77 -9
32 51 -10
32 46 1
32 34 -3
32 80 -6
32 48 -1
33 67 -3
33 92 -6
33 91 3
33 88 -1
33 90 -7
33 68 -6
33 95 -3
33 71 -7
33 45 4
33 84 8
33 73 0
33 55 1
33 79 2
33 72 6
33 36 3
33 53 -4
33 94 -9
33 58 -5
33 70 6
33 47 1
33 83 9
33 97 -3
33 77 -4
34 78 6
34 48 8
34 86 3
34 95 9
34 89 10
34 93 -3
34 36 -9
34 92 9
34 37 -9
34 55 -2
34 59 2
34 75 3
34 52 6
34 80 7
34 43 -6
34 74 -10
34 98 6
34 99 0
34 49 7
34 100 4
34 85 -8
34 44 -10
34 42 -5
34 73 -9
34 45 4
34 38 -3
34 58 7
34 84 10
34 53 10
34 40 -10
34 68 8
34 63 -8
34 88 -5
35 82 6
35 36 6
35 78 5
35 47 7
35 94 -2
35 56 -3
35 61 8
35 86 3
35 89 1
35 65 -3
35 85 10
35 40 0
35 79 -3
35 46 8
35 54 -10
35 90 -9
35 80 -4
35 75 -5
35 48 -9
35 53 4
35 91 -3
35 72 0
35 62 6
35 60 -8
35 87 0
35 76 9
35 97 6
35 39 1
35 92 0
35 83 0
35 88 4
35 99 -5
35 64 7
36 69 8
36 59 -4
36 41 0
36 85 6
36 82 -6
36 91 3
36 38 1
36 54 -8
36 75 0
36 76 -3
36 70 10
36 51 -2
36 95 9
36 65 -10
36 60 8
36 93 -5
36 86 -8
36 73 -4
36 43 9
36 52 2
36 66 -1
36 67 0
36 79 -7
36 97 8
36 98 6
36 53 2
36 48 -3
36 49 1
36 87 7
36 44 -5
36 90 10
36 56 5
36 37 -4
36 80 6
36 94 -7
37 54 8
37 98 -5
37 51 4
37 85 2
37 63 4
37 53 10
37 47 4
37 100 -6
37 94 -4
37 46 9
37 88 5
37 45 -1
37 83 -1
37 89 -4
37 74 1
37 58 -2
37 62 7
37 84 -4
37 79 0
37 75 8
37 50 6
37 76 -5
37 48 1
37 66 7
37 91 -9
37 44 3
37 43 -2
37 82 -5
37 49 0
37 57 -9
37 99 2
38 63 5
38 77 -6
38 43 8
38 75 -2
38 79 -9
38 91 0
38 95 0
38 67 -8
38 85 -6
38 84 6
38 97 0
38 39 6
38 53 10
38 56 -8
38 41 -9
38 100 10
38 86 -9
38 82 -5
38 94 -10
38 40 -5
38 55 10
38 61 -10
38 47 -2
38 45 -2
38 83 6
38 80 5
38 68 -7
38 57 0
38 96 -6
38 60 3
38 99 7
38 78 9
38 48 -6
38 89 9
39 46 6
39 41 -8
39 40 1
39 49 -5
39 99 5
39 71 0
39 56 10
39 53 3
39 80 -7
39 72 -3
39 54 10
39 98 5
39 61 10
39 62 2
39 100 -8
39 60 -8
39 76 -10
39 85 -9
39 82 5
39 44 -6
39 59 -10
39 51 -10
39 97 -8
39 55 -8
39 52 -9
39 47 -3
39 74 9
39 78 -7
40 98 9
40 80 9
40 83 10
40 57 6
40 91 -1
40 65 3
40 85 9
40 88 3
40 78 2
40 79 -3
40 52 10
40 56 1
40 99 -2
40 45 -6
40 96 6
40 74 8
40 73 4
40 93 5
40 86 -6
40 43 8
40 51 -3
40 89 7
40 50 4
40 76 -3
40 81 -6
40 46 -6
40 100 4
40 68 -10
40 41 10
40 70 -8
40 47 -1
40 84 -8
40 87 8
40 62 9
41 53 3
41 42 7
41 76 -5
41 54 -4
41 70 5
41 52 8
41 58 -6
41 69 4
41 55 3
41 95 8
41 74 5
41 75 2
41 49 -4
41 84 9
41 73 -2
41 47 -8
41 92 -5
41 56 6
41 68 -5
41 85 1
41 51 7
41 50 3
41 48 5
41 94 -9
41 87 -8
41 98 -3
41 80 -8
41 88 4
41 83 -10
41 81 -8
41 61 -2
41 60 -1
42 77 0
42 53 -7
42 57 -3
42 60 -7
42 76 -10
42 85 -8
42 71 5
42 68 -8
42 56 8
42 48 -2
42 94 -6
42 75 0
42 91 -1
42 72 -4
42 44 4
42 98 1
42 97 9
42 96 -3
42 46 10
42 66 -5
42 73 -2
42 74 -3
42 51 1
42 100 1
42 78 -1
42 86 -5
42 87 -9
43 92 9
43 56 3
43 45 5
43 57 8
43 78 10
43 44 10
43 74 4
43 90 -7
43 98 -5
43 85 -10
43 88 -1
43 54 3
43 96 -5
43 79 -6
43 91 3
43 52 -5
43 58 -4
43 75 5
43 70 3
43 82 0
43 83 -8
43 89 0
43 76 -8
43 48 -3
43 46 9
43 64 -3
43 71 2
43 86 9
43 69 6
43 94 -10
43 68 -9
43 93 1
44 69 -7
44 70 -10
44 65 -9
44 66 2
44 96 -10
44 57 4
44 60 3
44 76 -4
44 82 3
44 53 9
44 63 6
44 77 -3
44 47 5
44 55 -6
44 86 6
44 52 6
44 49 -5
44 72 -2
44 80 2
44 50 -5
44 71 -4
44 93 -8
44 51 -9
44 81 -2
44 100 1
44 75 4
44 90 -2
45 49 3
45 99 -4
45 61 4
45 88 1
45 59 5
45 48 5
45 76 -7
45 74 -10
45 66 -6
45 80 -6
45 67 -7
45 85 -6
45 98 2
45 58 -7
45 69 10
45 50 10
45 64 -4
45 72 -7
45 54 -7
45 78 -8
45 87 1
45 47 -8
45 97 -7
45 55 0
45 95 -1
45 57 6
45 90 -8
46 65 3
46 76 3
46 69 -4
46 92 -4
46 85 3
46 57 -7
46 94 -10
46 82 2
46 59 -7
46 70 5
46 88 2
46 80 6
46 83 -8
46 50 8
46 64 -8
46 55 -8
46 74 -6
46 87 3
46 97 -6
46 90 10
46 73 4
46 52 -3
46 67 5
46 48 5
46 99 -8
46 75 7
46 84 -8
46 56 -5
46 89 0
46 58 1
46 61 3
47 57 -4
47 98 3
47 54 -10
47 88 -3
47 72 -10
47 90 -3
47 77 8
47 92 -6
47 56 6
47 74 2
47 94 5
47 83 -4
47 70 3
47 80 4
47 52 10
47 86 0
47 53 -3
47 95 -4
47 68 5
47 64 2
47 85 -5
47 81 -7
47 93 6
47 87 -7
47 63 -3
47 55 -8
47 79 5
47 100 9
47 48 -10
48 82 10
48 50 -1
48 88 -9
48 77 1
48 84 -8
48 62 1
48 56 -4
48 90 -6
48 71 7
48 95 6
48 97 -3
48 51 5
48 73 -10
48 91 4
48 74 -1
48 99 6
48 54 -2
48 52 -3
48 81 0
48 53 -1
48 61 -4
48 78 0
48 100 4
48 83 4
48 64 0
48 76 -6
48 96 -9
49 57 -3
49 50 -2
49 92 4
49 73 0
49 90 -10
49 84 -9
49 83 -3
49 77 8
49 85 2
49 58 3
49 68 1
49 69 3
49 96 9
49 65 10
49 98 -2
49 75 -5
49 99 6
49 55 1
49 63 3
49 80 4
49 62 9
49 82 -7
49 74 -1
49 86 -5
50 84 -4
50 87 5
50 56 4
50 69 3
50 98 -1
50 70 7
50 97 8
50 60 9
50 59 -8
50 96 -6
50 99 6
50 83 -5
50 77 -2
50 58 -5
50 61 -9
50 53 10
50 67 9
50 100 -1
50 78 -10
50 95 4
50 86 -4
50 55 -6
50 82 10
50 90 4
50 79 -1
51 84 -6
51 62 6
51 85 -7
51 68 4
51 70 -5
51 91 -5
51 66 -3
51 63 -7
51 89 4
51 61 1
51 88 -9
51 73 -1
51 67 3
51 99 -4
51 87 6
51 93 -8
51 86 -3
51 59 -1
51 58 -6
51 78 -6
51 64 -7
51 53 3
51 72 6
51 71 10
51 74 -4
52 71 9
52 81 1
52 60 9
52 74 -9
52 64 7
52 78 -10
52 97 -5
52 80 -8
52 91 -9
52 86 10
52 59 5
52 61 7
52 88 4
52 69 7
52 70 1
52 82 -5
52 57 2
52 93 1
52 73 -6
52 76 -8
52 100 8
52 95 6
52 68 8
52 55 7
52 77 10
53 95 -3
53 71 -8
53 97 -4
53 86 7
53 87 -10
53 65 9
53 93 3
53 96 7
53 81 10
53 68 -7
53 82 -8
53 94 8
53 88 -6
53 69 -3
53 78 3
53 60 4
53 62 10
53 79 -9
53 63 -9
53 66 -8
53 58 -5
54 80 2
54 81 -4
54 89 7
54 67 -9
54 68 -6
54 78 4
54 59 10
54 66 1
54 60 -2
54 92 -5
54 85 -3
54 57 5
54 73 -8
54 55 -5
54 70 2
54 95 -9
54 84 -3
54 96 9
54 65 -2
54 93 2
54 75 2
54 62 -3
54 82 4
54 99 10
55 90 3
55 89 -5
55 83 -8
55 60 5
55 67 3
55 100 -3
55 75 -7
55 79 1
55 72 -8
55 82 6
55 74 0
55 64 -10
55 77 2
55 71 3
55 95 -3
55 76 -3
55 69 -5
55 65 7
55 91 -3
55 73 -3
55 62 2
55 70 -6
55 85 -9
55 92 3
56 82 3
56 65 -3
56 69 1
56 75 2
56 58 2
56 96 3
56 61 5
56 80 -1
56 71 7
56 72 -4
56 100 8
56 66 -8
56 59 7
56 68 -6
56 64 4
56 83 4
56 63 -2
56 98 -8
57 88 5
57 58 7
57 83 1
57 75 4
57 80 -7
57 93 7
57 79 -8
57 85 -1
57 81 -1
57 60 2
57 72 2
57 71 2
57 91 3
57 61 -2
57 94 -8
57 92 4
57 69 -9
57 86 -1
57 89 -5
57 99 1
57 98 5
57 67 1
57 64 0
57 90 -5
57 65 1
58 75 -10
58 85 0
58 80 -8
58 84 6
58 96 5
58 94 -4
58 67 5
58 99 -10
58 79 6
58 83 8
58 63 -5
58 89 -9
58 66 -3
58 88 -5
58 95 -1
58 82 4
58 92 -6
58 74 -8
58 61 3
58 98 7
58 97 2
58 100 -4
58 71 -5
58 77 0
59 90 2
59 100 -7
59 68 -5
59 69 4
59 61 3
59 99 3
59 77 5
59 67 -3
59 63 9
59 74 -1
59 83 9
59 94 2
59 75 -4
59 76 -8
59 84 -6
59 81 -10
59 98 -2
59 97 1
59 70 -8
59 91 -5
59 95 -3
59 72 -1
59 60 5
59 93 8
59 86 1
60 71 10
60 93 -4
60 73 -7
60 90 10
60 85 -7
60 68 0
60 87 4
60 94 8
60 69 4
60 92 5
60 77 2
60 89 9
60 74 1
60 99 4
60 96 -3
60 63 1
60 95 -8
60 86 -6
60 80 -5
60 66 8
60 84 -3
61 75 -1
61 81 2
61 90 7
61 62 4
61 94 1
61 88 0
61 78 3
61 65 -6
61 68 -7
61 71 -1
61 92 5
61 80 1
61 98 -7
61 76 -5
61 74 -2
61 69 -6
61 70 -1
61 99 1
61 87 -3
61 86 -7
62 75 10
62 90 -8
62 69 0
62 66 -6
62 72 -3
62 97 3
62 93 -2
62 94 -9
62 64 -6
62 96 -1
62 68 5
62 73 -2
62 82 -2
62 84 -8
62 92 -5
62 99 -10
62 86 9
62 85 6
62 98 2
63 71 -4
63 72 6
63 84 -8
63 73 -1
63 80 5
63 100 -4
63 99 4
63 74 9
63 82 7
63 88 4
63 90 8
63 66 2
63 87 5
63 96 -9
63 76 9
63 98 7
63 97 -3
63 95 2
63 65 -1
64 76 5
64 70 -2
64 67 -5
64 79 -4
64 99 2
64 72 -4
64 85 -10
64 83 8
64 75 -3
64 71 -10
64 94 -4
64 98 -3
64 86 5
64 77 8
64 100 4
64 65 6
64 78 1
64 95 0
64 80 -4
64 92 10
64 68 3
65 93 -8
65 84 -8
65 78 -2
65 94 10
65 95 8
65 85 2
65 75 5
65 89 0
65 73 -5
65 100 -2
65 91 6
65 86 9
65 81 -8
65 72 -6
65 66 0
66 92 0
66 89 8
66 76 0
66 73 -8
66 87 1
66 70 4
66 72 9
66 100 0
66 86 5
66 88 -6
66 81 1
66 68 6
66 98 1
66 91 -1
66 82 8
67 92 -10
67 94 -10
67 88 -5
67 90 5
67 72 2
67 81 -6
67 96 9
67 84 2
67 89 -6
67 80 9
67 100 9
67 91 3
67 76 -3
67 70 -6
67 79 3
67 98 6
67 95 -1
67 69 -6
67 71 2
67 85 -1
67 87 9
67 77 -4
68 77 3
68 95 -7
68 89 7
68 86 -1
68 98 -3
68 74 7
68 84 -5
68 70 -7
68 93 -2
68 73 5
68 88 7
68 99 9
68 71 7
68 97 -10
68 83 0
68 76 6
68 87 -3
68 85 6
68 82 7
68 72 -3
68 100 3
68 78 4
68 96 -1
69 82 -5
69 92 3
69 85 1
69 96 0
69 99 -8
69 94 -6
69 87 0
69 97 -10
69 73 5
69 83 -4
69 91 -10
69 100 6
69 98 -1
69 86 4
69 77 6
69 72 -1
69 75 -3
70 77 10
70 96 7
70 72 4
70 91 1
70 98 10
70 79 1
70 71 -6
70 75 1
70 85 -4
70 80 -9
70 93 -3
70 90 -8
70 100 -3
70 89 -2
70 99 3
70 97 7
70 95 4
71 75 -8
71 96 -3
71 77 9
71 79 -7
71 87 7
71 80 5
71 92 -3
71 81 -1
71 94 -4
71 95 -6
71 86 9
71 74 -9
71 83 -4
71 90 9
71 99 -6
72 75 6
72 89 -9
72 98 3
72 82 2
72 90 5
72 86 -10
72 85 -7
72 81 -8
72 83 -2
72 80 0
72 93 3
72 79 3
72 92 -1
72 88 3
72 73 1
72 97 -7
72 95 -2
73 80 1
73 100 5
73 91 -10
73 81 10
73 93 -4
73 96 10
73 92 -5
73 97 -8
73 83 8
73 85 7
73 79 -9
73 77 -9
73 82 -1
73 86 -6
73 89 3
73 90 -5
73 87 -8
73 99 2
73 94 4
74 81 -9
74 91 -2
74 84 -6
74 82 -7
74 100 3
74 83 -5
74 88 5
74 79 6
74 87 9
74 85 -4
74 99 -9
74 90 -6
74 77 0
75 95 2
75 94 -5
75 78 -2
75 100 5
75 87 -4
75 91 -4
75 93 10
75 76 -2
75 81 3
75 84 2
75 92 10
75 77 0
75 82 -9
75 97 -5
76 91 -6
76 90 -10
76 100 3
76 82 2
76 93 0
76 79 -2
76 78 -1
76 77 -2
76 86 -5
76 99 7
76 96 3
76 84 4
76 88 6
77 82 4
77 86 5
77 93 9
77 85 7
77 97 6
77 83 -10
77 90 -8
77 99 6
77 91 3
77 80 -8
77 94 10
77 89 -6
77 84 2
77 92 -8
78 93 -9
78 91 -9
78 92 -3
78 97 -6
78 99 8
78 86 -5
78 79 5
78 100 -6
78 87 -3
78 88 -4
79 100 7
79 81 -3
79 93 -2
79 86 8
79 98 2
79 99 -1
79 88 3
79 95 -3
79 96 1
80 91 4
80 93 3
80 96 -6
80 98 10
80 95 8
80 83 7
80 89 -7
80 81 -5
80 85 -5
80 94 -2
80 97 -9
80 99 -8
80 90 0
80 100 9
81 83 -8
81 91 0
81 88 5
81 82 9
81 92 5
82 95 -8
82 86 9
82 100 6
82 93 -2
82 98 6
82 87 5
82 89 -3
82 85 -6
82 99 6
82 97 7
83 88 -7
83 93 -1
83 98 7
83 90 -10
83 95 9
83 96 10
83 89 1
84 87 -6
84 96 2
84 98 -4
84 85 -9
84 89 4
84 90 -3
84 100 -6
84 95 3
85 88 8
85 94 -10
85 93 -7
85 91 -8
86 97 6
86 93 -3
86 92 3
86 90 0
86 98 6
86 95 6
86 89 -6
86 88 -3
87 96 -7
87 98 2
87 92 1
87 90 4
87 94 -10
87 89 -3
87 97 -8
88 97 8
88 93 4
89 90 -9
89 97 -3
89 99 -6
89 95 0
89 94 -9
89 96 6
89 98 -3
89 100 3
89 91 1
90 94 10
90 98 10
90 92 10
90 95 2
90 97 -1
91 99 -1
91 92 2
91 98 5
91 97 -1
92 96 -6
92 95 9
92 98 9
92 93 -5
92 100 -2
92 94 5
93 99 -10
93 94 6
93 97 -2
93 95 1
94 100 -9
94 98 7
94 95 -2
95 100 -4
95 98 -6
96 99 -7
96 100 10
97 100 9
99 100 -1
