100 2475 
1 30 5
1 8 10
1 45 -6
1 9 6
1 32 10
1 63 -2
1 28 -9
1 39 4
1 54 4
1 80 8
1 87 -7
1 2 -2
1 50 5
1 53 6
1 36 -2
1 5 -8
1 41 -1
1 33 2
1 57 2
1 79 0
1 83 4
1 47 -8
1 56 2
1 97 3
1 72 6
1 25 -7
1 62 -7
1 14 -3
1 86 4
1 18 5
1 98 -4
1 42 -7
1 76 4
1 4 -6
1 40 10
1 16 -5
1 22 -8
1 13 -5
1 26 -8
1 35 2
1 71 8
1 64 6
1 68 0
1 27 6
1 85 -8
1 44 -9
1 65 -8
1 67 7
1 69 3
1 49 4
1 48 -8
2 3 -4
2 66 10
2 10 -3
2 48 4
2 20 -8
2 46 -10
2 79 4
2 32 -5
2 53 -3
2 93 -1
2 39 2
2 21 -5
2 69 10
2 8 8
2 36 10
2 45 -8
2 27 -10
2 37 4
2 76 10
2 63 -6
2 68 -3
2 51 10
2 90 -2
2 19 -3
2 67 -3
2 100 -3
2 71 2
2 6 -5
2 12 5
2 24 -9
2 50 1
2 81 3
2 83 5
2 4 10
2 16 2
2 82 -1
2 41 7
2 86 -8
2 23 -6
2 18 -4
2 84 5
2 47 -6
2 94 -1
2 78 -10
2 77 -8
2 25 3
2 62 -6
2 13 -7
2 7 -3
2 95 6
2 38 -10
3 71 0
3 94 -7
3 93 -6
3 54 3
3 96 5
3 52 10
3 74 6
3 39 2
3 64 2
3 98 4
3 80 -1
3 28 -8
3 27 -7
3 18 4
3 4 2
3 5 9
3 75 -7
3 49 -1
3 79 -10
3 58 -7
3 31 5
3 11 -9
3 33 6
3 85 -7
3 100 -8
3 67 -6
3 43 -4
3 68 -4
3 95 4
3 6 1
3 89 6
3 48 -8
3 25 1
3 69 -3
3 72 -5
3 47 -7
3 90 -6
3 50 8
3 29 -10
3 12 -1
3 35 7
3 16 1
3 9 -9
3 81 -9
3 38 -4
4 40 5
4 59 -4
4 93 -7
4 63 -3
4 45 6
4 68 -6
4 27 -7
4 10 6
4 58 9
4 91 9
4 6 -7
4 16 -6
4 15 7
4 85 -2
4 65 0
4 100 3
4 88 -6
4 53 -1
4 34 -7
4 41 10
4 64 -2
4 72 8
4 46 -7
4 23 -3
4 5 -7
4 50 -9
4 74 -10
4 49 -3
4 26 -9
4 31 -5
4 43 -8
4 80 -10
4 60 -2
4 47 -7
4 8 -6
4 21 -1
4 99 -5
4 84 8
4 86 10
4 44 -4
4 19 -10
4 69 -7
4 62 1
4 87 7
4 90 -7
5 13 -3
5 89 -8
5 73 -3
5 79 1
5 92 8
5 68 -5
5 32 -8
5 25 10
5 29 9
5 10 5
5 33 -7
5 66 -2
5 46 -10
5 20 -10
5 88 8
5 87 -7
5 54 -1
5 57 5
5 67 -5
5 83 8
5 81 -9
5 43 -10
5 18 1
5 95 -6
5 35 9
5 62 -6
5 91 1
5 14 -5
5 36 -6
5 72 1
5 17 2
5 99 2
5 63 -9
5 51 3
5 85 -9
5 49 -5
5 9 5
5 90 3
5 48 10
5 74 0
5 16 5
5 69 9
5 47 -9
5 50 -9
5 98 3
5 64 3
5 22 -3
5 34 1
5 19 -5
5 27 -1
5 53 -4
5 12 -4
6 88 10
6 49 1
6 60 7
6 63 -2
6 80 -6
6 42 7
6 36 -8
6 67 7
6 71 -4
6 61 7
6 70 -6
6 11 6
6 62 -2
6 53 -8
6 35 -1
6 38 -8
6 89 4
6 45 9
6 55 9
6 14 -1
6 24 7
6 58 10
6 76 5
6 46 10
6 52 4
6 12 -2
6 92 -3
6 34 10
6 19 9
6 90 3
6 64 -2
6 54 -4
6 66 -9
6 56 2
6 20 -10
6 7 -3
6 25 -7
6 43 -6
6 41 3
6 74 8
6 94 -2
6 95 -3
6 83 4
6 59 10
6 87 10
7 58 8
7 65 4
7 96 2
7 75 4
7 60 9
7 22 7
7 66 -3
7 63 1
7 54 3
7 91 10
7 41 -10
7 9 0
7 23 -10
7 73 2
7 81 5
7 30 0
7 88 8
7 38 5
7 37 8
7 70 -5
7 57 3
7 24 7
7 53 8
7 69 -9
7 12 -6
7 100 0
7 27 -9
7 29 10
7 47 1
7 32 5
7 25 9
7 64 -10
7 14 6
7 68 -3
7 71 -9
7 16 -9
7 94 9
7 17 7
7 76 0
7 50 -3
7 40 -4
7 72 6
7 86 5
7 83 8
7 89 9
7 35 4
7 13 0
7 74 5
7 20 -4
7 79 -9
8 38 5
8 77 5
8 42 -6
8 52 -5
8 44 -8
8 51 -2
8 86 -7
8 56 9
8 22 10
8 28 -9
8 88 10
8 35 -2
8 89 0
8 41 1
8 82 -8
8 26 3
8 43 -3
8 9 7
8 83 -8
8 54 6
8 61 6
8 55 2
8 17 -1
8 12 9
8 19 4
8 100 3
8 32 2
8 11 7
8 60 8
8 49 2
8 91 3
8 68 4
8 62 5
8 31 8
8 63 8
8 72 10
8 30 -7
8 40 -8
8 90 8
8 20 -2
8 25 -5
8 87 -6
8 98 0
8 15 -9
8 36 7
8 64 -9
8 67 4
9 62 2
9 50 -6
9 41 9
9 58 2
9 61 -10
9 54 -3
9 27 3
9 76 8
9 36 9
9 22 -10
9 60 -4
9 34 7
9 25 10
9 92 -8
9 94 2
9 71 -9
9 97 10
9 47 -4
9 38 -3
9 26 1
9 14 5
9 93 2
9 87 -5
9 75 -6
9 32 -5
9 51 4
9 81 -8
9 24 -8
9 18 0
9 15 -2
9 10 6
9 85 -6
9 100 9
9 52 7
9 42 9
9 19 -1
9 79 -5
9 95 -2
9 88 2
9 37 10
9 53 -8
9 49 6
9 63 5
9 99 10
9 30 8
9 65 -9
9 98 10
9 43 -1
9 12 -6
9 91 -5
9 83 -8
9 96 4
9 68 -4
10 77 9
10 15 -9
10 63 -3
10 26 1
10 28 0
10 20 1
10 18 -5
10 49 -8
10 79 1
10 72 -5
10 94 -6
10 30 -8
10 68 8
10 62 0
10 59 -9
10 88 -3
10 12 8
10 61 9
10 90 8
10 53 5
10 85 -1
10 45 1
10 16 10
10 58 -8
10 65 -5
10 74 3
10 31 -3
10 57 6
10 84 1
10 25 -7
10 69 6
10 41 -3
10 76 -8
10 82 5
10 46 7
10 14 9
10 98 -1
10 86 -1
10 44 9
10 24 6
10 73 5
10 64 -7
10 60 -6
10 51 2
11 81 9
11 46 -8
11 89 6
11 93 0
11 91 -10
11 59 2
11 79 9
11 90 -10
11 68 2
11 19 -9
11 96 7
11 21 6
11 60 -5
11 34 -6
11 51 -3
11 75 -8
11 63 2
11 50 -6
11 26 4
11 27 -2
11 94 8
11 28 9
11 18 4
11 80 -9
11 83 -6
11 14 -5
11 82 -8
11 20 -2
11 66 10
11 87 6
11 45 -10
11 55 -10
11 44 0
11 24 -1
11 12 0
11 32 -5
11 29 9
11 33 -7
11 17 -6
11 92 -2
11 71 -9
11 76 -7
11 38 1
11 39 -7
11 52 0
11 77 -4
11 16 1
11 36 9
11 69 -4
11 97 7
11 61 -3
11 49 2
11 43 -9
12 50 -8
12 98 5
12 68 1
12 33 -9
12 41 1
12 16 5
12 72 -8
12 28 7
12 89 -4
12 47 2
12 43 -7
12 45 -6
12 90 5
12 95 6
12 100 -2
12 63 -3
12 59 7
12 42 -2
12 82 -2
12 27 -2
12 76 9
12 17 0
12 31 2
12 54 10
12 67 -3
12 32 3
12 74 -6
12 78 -8
12 49 -7
12 44 2
12 14 7
12 97 -3
12 91 -5
12 85 4
12 46 4
12 70 -10
12 62 -9
12 38 -10
12 69 8
12 71 8
12 57 3
12 60 5
12 56 -4
12 81 7
12 18 8
13 93 -10
13 72 -4
13 95 10
13 50 -1
13 71 -1
13 49 -8
13 63 -5
13 25 10
13 78 7
13 42 -7
13 87 1
13 97 6
13 61 -3
13 66 9
13 64 1
13 82 -1
13 91 -5
13 26 -7
13 27 -4
13 84 4
13 89 4
13 65 6
13 20 -3
13 68 -4
13 23 -1
13 86 1
13 85 -6
13 43 6
13 36 8
13 14 8
13 69 9
13 35 8
13 39 3
13 67 7
13 81 -4
13 96 2
13 24 -2
13 41 6
13 32 4
13 45 -1
13 80 1
13 52 -7
13 73 -8
13 58 1
14 49 8
14 87 5
14 21 -4
14 18 0
14 89 -9
14 98 9
14 58 5
14 26 5
14 51 1
14 19 1
14 46 -8
14 64 3
14 37 10
14 16 -5
14 71 -9
14 53 -7
14 76 7
14 42 -1
14 23 2
14 20 -5
14 30 -4
14 63 -6
14 55 -5
14 32 -5
14 40 9
14 81 -2
14 27 8
14 65 1
14 54 7
14 68 -9
14 17 -10
14 35 -8
14 59 8
14 77 -4
14 69 7
14 39 -7
14 83 0
14 22 -9
15 20 -2
15 86 2
15 92 -1
15 41 -8
15 55 4
15 51 -6
15 42 4
15 48 -10
15 46 -2
15 73 1
15 33 -5
15 95 -9
15 23 9
15 39 -9
15 43 -7
15 49 1
15 32 4
15 80 5
15 77 -10
15 44 8
15 83 2
15 85 -4
15 78 -9
15 18 -7
15 28 0
15 25 -2
15 68 1
15 30 7
15 91 -4
15 50 1
15 69 -7
15 26 -2
15 74 -4
15 70 10
15 66 1
15 64 5
15 97 3
15 54 2
15 60 -10
15 40 4
15 100 8
16 71 -7
16 48 5
16 72 1
16 69 -10
16 50 6
16 98 10
16 40 2
16 42 -3
16 27 -7
16 44 -8
16 32 -2
16 62 0
16 75 10
16 54 7
16 70 1
16 26 -3
16 37 -3
16 25 -6
16 60 1
16 90 -7
16 47 4
16 56 -10
16 55 2
16 38 -10
16 83 5
16 93 -10
16 34 -2
16 20 -7
16 89 -7
16 80 -7
16 88 -3
16 41 5
16 68 -3
16 97 -7
16 45 1
16 28 6
16 39 3
16 77 -3
16 22 8
16 24 -5
16 100 -6
16 73 -10
16 78 -7
16 52 -9
16 64 -8
16 30 -10
16 65 7
16 35 3
16 81 1
16 85 -7
17 99 1
17 55 9
17 96 -8
17 31 -2
17 35 -1
17 74 -10
17 52 4
17 48 5
17 97 -9
17 23 3
17 40 1
17 36 9
17 21 3
17 30 -5
17 65 -3
17 41 6
17 75 -6
17 61 5
17 54 -7
17 94 4
17 88 -10
17 84 -3
17 37 2
17 26 6
17 60 -7
17 34 -4
17 49 1
17 66 -6
17 38 5
17 82 -2
17 81 -2
17 83 -8
17 87 9
17 22 -7
17 25 -1
17 39 9
17 51 -1
17 72 4
18 45 9
18 95 5
18 75 -4
18 21 -5
18 83 6
18 54 10
18 37 -1
18 69 -10
18 30 5
18 77 6
18 59 -8
18 80 -2
18 99 0
18 96 0
18 73 -4
18 38 -3
18 42 3
18 25 -2
18 52 -3
18 67 -8
18 22 7
18 76 -1
18 31 -2
18 86 6
18 24 -3
18 40 9
18 79 0
18 65 -2
18 33 4
18 49 -10
18 23 9
18 81 -6
18 72 -7
18 98 -1
18 19 1
18 55 -7
18 39 -4
18 85 9
18 51 3
19 33 3
19 44 -6
19 94 6
19 46 10
19 78 5
19 74 5
19 40 4
19 82 3
19 85 1
19 69 8
19 56 8
19 67 2
19 76 5
19 87 -8
19 90 1
19 37 -4
19 26 6
19 73 3
19 52 8
19 32 -4
19 49 -10
19 48 -2
19 92 -6
19 47 5
19 91 -9
19 55 2
19 30 -2
19 79 -3
19 62 9
20 91 0
20 60 -9
20 21 8
20 92 10
20 28 -3
20 35 -7
20 74 2
20 36 5
20 46 7
20 41 -10
20 79 0
20 93 -5
20 96 -8
20 99 -1
20 97 -9
20 80 6
20 70 2
20 26 -5
20 22 -4
20 38 6
20 78 -1
20 73 0
20 84 9
20 59 -9
20 25 6
20 27 -1
20 86 5
20 43 10
20 76 7
20 89 8
20 67 -8
20 49 -9
20 87 -5
20 50 -4
20 63 8
20 34 -4
20 52 4
20 95 3
20 45 5
20 54 10
20 68 -7
20 44 -3
21 24 -2
21 80 -2
21 97 -10
21 63 -9
21 98 -3
21 71 -3
21 60 -7
21 66 -6
21 93 9
21 100 -5
21 28 10
21 25 -6
21 35 3
21 95 4
21 65 1
21 67 -3
21 32 6
21 94 2
21 54 -6
21 29 10
21 49 -8
21 53 -7
21 38 -2
21 59 10
21 77 -2
21 89 -3
21 92 10
21 64 -3
21 78 4
21 83 -7
21 45 -9
21 31 3
21 50 -9
21 46 8
21 40 -7
21 41 -4
21 51 7
21 87 -1
21 68 0
21 86 0
21 34 -5
21 84 -1
21 33 0
21 37 1
21 27 -7
21 42 -5
21 58 2
22 71 -7
22 57 1
22 66 -3
22 73 8
22 77 4
22 72 -9
22 59 10
22 31 -7
22 98 -4
22 48 7
22 43 4
22 29 -3
22 56 3
22 26 -3
22 60 -1
22 68 -9
22 78 -5
22 38 7
22 75 0
22 46 -2
22 95 2
22 34 -10
22 32 -8
22 74 5
22 63 7
22 28 6
22 39 -1
22 37 8
22 33 -9
22 36 -10
22 51 -6
22 83 -6
22 96 -8
22 35 4
22 40 -3
22 64 5
22 90 5
23 69 -10
23 89 7
23 54 -5
23 95 2
23 79 6
23 33 8
23 98 -3
23 36 1
23 100 4
23 32 -2
23 58 -4
23 96 -6
23 45 -8
23 84 -4
23 88 6
23 62 2
23 70 3
23 24 -1
23 31 0
23 72 -6
23 57 -2
23 46 1
23 40 6
23 30 -4
23 90 -3
23 64 -8
23 97 7
23 26 0
23 41 -6
23 38 -2
23 28 10
23 56 -4
23 76 6
24 100 -8
24 99 -4
24 86 -9
24 76 -3
24 55 -6
24 69 8
24 35 2
24 70 3
24 60 -5
24 47 4
24 71 -1
24 52 -9
24 73 -3
24 80 -10
24 92 8
24 97 3
24 62 -7
24 63 2
24 91 -3
24 27 2
24 58 -9
24 42 6
24 61 -7
24 64 4
24 82 10
24 53 -7
24 54 3
24 45 10
24 66 10
24 57 -9
24 74 0
24 30 1
25 70 4
25 26 9
25 61 3
25 90 -1
25 78 -3
25 79 2
25 45 -2
25 38 0
25 69 -8
25 93 6
25 95 5
25 48 8
25 71 -3
25 62 -9
25 36 -7
25 29 1
25 85 -3
25 99 1
25 73 -7
25 66 -10
25 75 0
25 88 2
25 76 -4
25 40 10
25 64 5
25 42 -2
25 57 0
25 83 8
25 58 -1
25 54 -10
25 80 -5
25 34 10
25 35 0
26 33 -1
26 66 6
26 44 4
26 39 -1
26 99 -5
26 55 -4
26 63 4
26 73 0
26 71 -9
26 45 -9
26 81 -2
26 86 0
26 82 7
26 88 2
26 93 -5
26 79 10
26 69 6
26 27 -10
26 85 -10
26 35 -5
26 48 -3
26 50 2
26 53 -8
26 32 -7
26 52 -10
26 37 1
26 28 -9
26 77 -9
26 49 2
26 83 -6
26 65 1
26 43 10
26 75 -2
26 56 1
26 89 0
26 47 -8
26 31 -5
26 58 10
26 74 1
26 90 -6
27 73 10
27 38 -9
27 91 10
27 59 9
27 42 -7
27 39 -9
27 40 4
27 52 6
27 69 3
27 31 -10
27 36 -2
27 90 3
27 79 7
27 72 -2
27 94 4
27 56 9
27 68 -3
27 86 -3
27 63 8
27 29 10
27 88 9
27 58 2
27 49 7
27 62 -1
27 61 -4
27 44 -9
27 76 1
27 81 6
27 70 -7
27 74 -10
27 92 7
27 96 0
27 54 1
27 50 0
27 33 8
27 97 2
28 95 -10
28 64 0
28 37 -9
28 72 -2
28 71 1
28 38 9
28 49 8
28 61 -3
28 36 9
28 41 -10
28 100 -7
28 46 2
28 35 -5
28 63 4
28 34 7
28 86 1
28 62 7
28 68 4
28 65 -5
28 81 -4
28 85 0
28 97 1
28 66 -2
28 82 8
28 56 2
28 87 5
28 67 -8
28 69 5
28 54 -10
28 48 -5
28 32 -4
28 93 -5
29 31 -4
29 90 1
29 51 9
29 89 9
29 83 -2
29 35 9
29 81 -2
29 43 5
29 85 -7
29 66 8
29 61 -9
29 50 6
29 65 2
29 38 -1
29 80 1
29 71 -4
29 64 0
29 45 -7
29 94 5
29 36 -9
29 47 4
29 68 -2
29 88 -8
29 72 -3
29 58 4
29 33 -1
29 73 -8
29 76 -10
29 93 1
29 37 -9
29 91 -6
29 69 -8
30 70 1
30 53 3
30 46 -4
30 49 6
30 76 3
30 55 6
30 50 5
30 61 6
30 97 10
30 81 6
30 51 6
30 36 2
30 64 7
30 32 0
30 83 0
30 34 6
30 85 9
30 31 5
30 60 -4
30 80 3
30 63 -2
30 43 7
30 82 -5
30 92 9
30 58 2
30 91 3
30 71 -2
30 77 2
30 74 -7
30 42 -9
30 69 9
30 88 -7
31 86 7
31 76 0
31 67 1
31 78 -10
31 51 5
31 96 -10
31 58 0
31 35 7
31 75 4
31 52 5
31 49 8
31 36 9
31 69 -6
31 42 -1
31 87 -1
31 91 9
31 84 1
31 79 10
31 68 -9
31 33 1
31 48 -1
31 90 -6
31 45 8
31 63 0
31 40 -6
31 44 9
31 88 7
31 32 1
31 73 7
31 53 -10
31 97 -7
31 71 4
31 37 0
31 62 -10
31 80 -6
31 64 8
31 47 -4
31 61 6
32 66 9
32 61 6
32 100 -10
32 40 -5
32 74 10
32 43 -10
32 57 5
32 87 -10
32 64 -5
32 55 -7
32 62 1
32 65 -2
32 76 -9
32 79 -8
32 92 10
32 58 7
32 34 3
32 42 -4
32 44 -4
32 36 6
32 89 -2
32 54 -9
32 38 -4
32 47 7
32 70 10
32 81 4
32 46 6
32 93 -1
32 59 -2
32 37 -6
32 78 -1
32 84 7
33 55 9
33 90 -5
33 52 0
33 65 -10
33 79 5
33 64 -7
33 80 1
33 76 1
33 78 8
33 41 1
33 88 2
33 36 -4
33 37 8
33 38 -9
33 77 -9
33 57 9
33 46 2
33 84 -8
33 93 -9
33 35 -1
33 63 3
33 96 -10
33 85 -8
33 50 5
33 89 -8
33 81 -4
33 92 0
33 67 -7
33 86 9
34 97 -4
34 83 4
34 42 -1
34 41 5
34 75 4
34 76 -1
34 80 1
34 55 6
34 43 8
34 96 10
34 67 -5
34 90 -6
34 93 0
34 95 -9
34 62 8
34 44 -3
34 94 -2
34 59 4
34 45 -4
34 58 0
34 51 2
34 99 -8
34 66 -9
34 71 3
34 98 -6
34 46 7
34 84 -2
34 36 7
34 69 -1
34 60 -5
34 56 -10
34 47 -4
34 72 4
34 37 -10
34 87 -2
35 78 -1
35 95 -7
35 70 0
35 38 -3
35 63 3
35 84 1
35 52 1
35 49 -10
35 82 -6
35 74 -4
35 72 -1
35 93 -3
35 40 2
35 98 -3
35 55 -10
35 65 1
35 88 1
35 100 -9
35 83 8
35 47 5
35 69 10
35 62 10
35 59 3
35 61 0
35 76 -6
35 58 -1
35 50 9
35 71 3
35 56 -1
35 64 1
35 36 0
35 79 4
35 39 -10
35 81 6
35 60 -10
35 89 -2
36 89 -1
36 48 6
36 49 5
36 88 -7
36 73 4
36 39 -1
36 96 0
36 44 10
36 79 -6
36 37 1
36 97 -1
36 69 6
36 38 0
36 82 1
36 92 9
36 86 1
36 99 -1
36 54 8
36 100 5
36 42 2
36 55 -9
36 63 2
36 66 -10
36 90 10
36 87 -10
36 57 -1
36 94 6
36 61 -1
36 95 -10
36 41 4
37 49 4
37 92 6
37 72 -10
37 71 -4
37 95 -9
37 58 -9
37 97 -9
37 46 7
37 60 -8
37 59 8
37 53 -5
37 69 -5
37 56 6
37 86 8
37 74 -6
37 84 -10
37 77 -1
37 42 6
37 45 1
37 43 -8
37 61 -3
37 57 8
37 79 -2
37 68 6
37 62 6
37 39 9
37 50 -3
37 87 7
37 55 3
37 96 0
37 66 1
37 91 5
37 51 -8
38 89 -8
38 69 -4
38 95 1
38 90 -2
38 85 8
38 49 -6
38 57 4
38 93 8
38 63 7
38 42 -9
38 78 5
38 84 -6
38 74 -4
38 72 0
38 99 -8
38 61 1
38 47 -3
38 50 -9
38 97 -8
38 39 3
38 58 -6
38 79 9
38 41 8
38 60 8
38 80 -8
38 68 -3
38 86 9
38 73 0
38 43 3
38 40 -3
38 81 -5
39 99 4
39 87 5
39 97 7
39 47 -10
39 66 0
39 51 6
39 73 -8
39 59 9
39 53 -1
39 68 6
39 84 0
39 96 6
39 81 9
39 62 7
39 76 8
39 64 9
39 40 9
39 50 -10
39 92 -9
39 86 3
39 58 7
39 61 0
39 77 -5
39 83 -10
39 52 10
39 72 -10
39 60 -5
39 82 -2
39 63 6
39 75 2
39 44 3
39 91 -6
40 67 -4
40 62 6
40 52 -8
40 79 2
40 93 5
40 50 -9
40 45 10
40 87 -10
40 44 3
40 64 -2
40 94 1
40 95 -10
40 73 6
40 98 -7
40 54 2
40 81 -6
40 83 -5
40 71 -4
40 90 -2
40 75 -10
40 59 -6
40 72 5
40 41 -7
40 61 4
40 63 1
40 65 -4
41 64 5
41 54 3
41 88 2
41 87 1
41 65 -7
41 67 3
41 99 5
41 94 6
41 97 2
41 80 3
41 100 -1
41 60 8
41 91 -2
41 47 4
41 85 10
41 48 -9
41 90 1
41 69 -3
41 51 -3
41 57 -7
41 58 8
41 70 -2
41 95 -7
41 68 0
41 86 -6
41 56 -7
41 98 -8
41 74 -2
41 78 0
41 42 6
41 71 5
41 93 4
42 57 5
42 93 5
42 48 -7
42 46 -10
42 75 2
42 69 4
42 72 3
42 89 3
42 87 -8
42 44 0
42 55 -5
42 68 -6
42 83 -7
42 94 2
42 74 8
42 53 6
42 67 -4
42 45 5
42 52 0
42 61 -5
42 91 7
42 65 3
42 86 -7
42 66 -1
42 77 10
43 69 -8
43 83 9
43 76 10
43 64 -1
43 62 -9
43 84 6
43 58 -10
43 99 9
43 66 -2
43 68 9
43 63 0
43 75 -7
43 44 4
43 78 1
43 70 3
43 46 -4
43 45 -8
43 48 8
43 52 -6
43 71 8
43 51 -6
43 100 -5
43 95 -5
43 77 6
43 50 4
43 79 -8
43 98 -7
44 69 -2
44 100 10
44 51 -1
44 84 7
44 90 7
44 78 3
44 85 3
44 59 -10
44 56 -3
44 65 3
44 67 -3
44 64 9
44 48 -7
44 91 -5
44 61 -4
44 76 4
44 72 3
44 46 10
44 50 -5
44 47 10
44 99 -2
44 52 -1
44 60 -2
44 49 -1
44 79 0
44 94 6
44 74 -5
45 51 9
45 47 -10
45 96 1
45 75 0
45 89 4
45 88 -3
45 73 -8
45 57 -4
45 65 -6
45 58 -3
45 82 -10
45 84 9
45 48 0
45 100 -9
45 90 9
45 87 -6
45 50 6
45 71 -3
45 63 0
45 56 6
45 86 6
45 66 7
45 80 3
45 60 2
45 69 2
45 99 -8
45 77 9
45 74 2
45 79 -8
46 96 1
46 51 -1
46 93 6
46 65 0
46 53 -6
46 79 -6
46 64 3
46 61 10
46 77 -9
46 84 8
46 48 1
46 56 1
46 50 8
46 85 -2
46 83 1
46 88 -6
46 66 0
46 80 5
46 58 6
46 62 -4
46 82 4
46 90 -6
46 92 2
46 87 -4
46 60 1
46 89 -8
46 54 -7
46 86 -3
47 71 1
47 77 -1
47 86 -2
47 65 0
47 74 4
47 91 2
47 96 0
47 73 5
47 85 0
47 90 -10
47 80 -5
47 70 -1
47 49 2
47 59 8
47 58 6
47 48 4
47 97 0
47 62 5
47 84 -9
47 60 -7
47 79 -6
47 81 2
47 76 3
47 94 9
48 100 0
48 77 6
48 88 1
48 91 1
48 96 9
48 58 -6
48 76 -5
48 86 0
48 69 -1
48 72 -5
48 79 -10
48 68 7
48 93 -7
48 84 -1
48 49 -10
48 97 4
48 78 -10
48 89 -7
48 87 5
48 67 4
48 55 1
48 51 -8
48 85 10
49 90 -6
49 58 -1
49 94 9
49 75 2
49 63 -10
49 57 1
49 83 2
49 82 -3
49 77 5
49 55 8
49 54 -2
49 88 10
49 76 -5
49 73 7
49 68 -8
49 64 3
49 81 -4
49 65 -2
49 91 -2
49 99 0
49 79 7
49 60 -2
49 93 9
49 51 8
49 69 3
49 96 10
49 80 -10
50 78 -7
50 79 1
50 75 -3
50 87 -3
50 63 -4
50 55 4
50 91 9
50 94 -6
50 93 7
50 72 10
50 53 -5
50 67 9
50 96 -3
50 74 -1
50 52 0
50 65 2
50 73 0
50 59 -1
50 99 2
50 82 10
50 57 9
50 86 10
50 88 6
50 66 -9
50 85 -10
50 58 4
50 68 -3
51 61 -2
51 79 5
51 86 7
51 55 8
51 96 -1
51 54 7
51 95 -9
51 73 -9
51 80 -1
51 78 -5
51 57 -8
51 88 8
51 91 1
51 81 -3
51 59 5
51 83 10
51 68 -7
51 93 8
51 94 -7
51 71 0
51 100 4
51 89 6
51 74 10
51 53 8
51 77 0
51 84 1
51 90 -8
51 60 -5
51 66 0
51 99 -5
51 63 9
52 72 7
52 75 -6
52 96 7
52 79 -9
52 92 9
52 97 1
52 71 -7
52 77 1
52 66 6
52 70 6
52 60 -5
52 76 7
52 88 8
52 94 -8
52 98 10
52 100 -1
52 93 -7
52 80 -2
52 53 -6
52 87 10
53 100 8
53 84 6
53 81 -2
53 94 -1
53 96 1
53 63 -6
53 82 10
53 92 10
53 60 -4
53 69 -2
53 64 7
53 72 5
53 68 -7
53 75 4
53 80 -6
53 83 6
53 76 5
53 66 0
53 89 2
53 78 -7
53 71 9
54 82 1
54 100 6
54 87 9
54 68 -4
54 63 -3
54 72 9
54 88 10
54 56 0
54 93 -2
54 85 -4
54 75 2
54 99 -6
54 64 7
54 78 -3
54 76 8
54 60 1
54 70 -9
54 61 -3
54 90 -6
54 57 -4
54 98 -5
54 94 3
54 77 5
55 70 9
55 72 -10
55 84 -9
55 71 2
55 78 6
55 95 -10
55 62 -9
55 69 9
55 88 -8
55 99 -5
55 74 7
55 98 4
55 58 -2
55 64 1
55 73 4
55 82 -9
55 66 4
55 86 8
55 100 5
55 85 7
55 96 -5
55 60 9
55 63 9
55 79 -9
55 68 8
55 91 -5
56 95 8
56 71 -4
56 99 -3
56 68 -9
56 61 -2
56 58 -5
56 79 -2
56 86 -9
56 91 -7
56 66 -6
56 69 -2
56 89 3
56 76 -4
56 70 6
56 59 -5
56 64 -9
56 100 -3
56 98 -6
56 75 -6
56 92 3
56 88 -6
57 84 -7
57 61 0
57 77 -8
57 97 0
57 80 8
57 86 2
57 98 0
57 96 -8
57 92 -8
57 64 -6
57 75 -2
57 82 2
57 100 4
57 76 2
57 93 -2
57 65 4
57 87 5
57 68 -7
57 83 -3
57 88 -5
57 58 -10
57 59 3
57 95 5
57 85 4
57 74 -2
57 81 2
58 90 -5
58 69 5
58 63 -1
58 93 4
58 64 -7
58 66 3
58 94 9
58 79 9
58 75 6
58 67 -10
58 68 -6
58 72 1
58 74 6
58 70 -3
58 81 -2
58 92 -8
58 65 2
58 78 1
59 95 0
59 70 9
59 76 10
59 75 -3
59 98 7
59 92 7
59 69 -7
59 100 -4
59 79 -8
59 78 -6
59 62 -2
59 67 -10
59 83 8
59 94 -4
59 73 10
59 77 3
59 99 1
59 86 1
59 89 3
59 61 4
59 91 -2
59 96 -8
59 71 1
59 66 -9
59 64 1
59 90 5
59 93 -1
59 87 1
59 82 1
59 68 -3
59 88 -4
59 80 -10
60 86 -8
60 78 -1
60 93 9
60 97 -5
60 90 3
60 64 9
60 72 1
60 67 -3
60 81 -7
60 96 -9
60 63 0
60 68 1
60 92 7
60 61 -4
60 98 -7
60 82 3
60 83 -9
60 73 6
60 100 -3
60 76 -4
60 89 5
61 89 -10
61 90 10
61 70 -10
61 82 -1
61 75 -4
61 64 7
61 97 -10
61 99 -9
61 67 6
61 69 4
61 66 9
61 95 5
61 92 7
61 80 2
61 84 -9
61 98 -1
61 73 3
61 83 -2
61 94 2
61 87 10
62 71 -7
62 68 -10
62 97 6
62 88 6
62 72 9
62 93 -9
62 98 -10
62 84 2
62 80 6
62 79 3
62 96 7
62 70 6
62 85 -2
62 90 3
62 100 -6
62 86 2
62 92 2
62 82 1
63 87 9
63 96 8
63 70 -3
63 73 -3
63 89 10
63 64 4
63 91 2
63 82 4
63 88 3
63 81 -1
63 93 3
63 74 -8
63 65 3
63 95 -7
63 66 6
63 71 9
64 66 5
64 98 2
64 89 9
64 68 0
64 100 6
64 91 -2
64 65 -3
64 73 -7
64 90 10
64 67 -3
64 70 3
64 74 -7
64 97 -1
64 87 -9
64 99 -7
64 84 -6
64 85 -3
64 95 -9
64 96 10
64 83 -3
64 86 -8
64 88 -7
64 71 -2
64 94 2
65 72 -9
65 73 2
65 82 1
65 99 -3
65 85 4
65 76 -10
65 81 0
65 87 8
65 95 -8
65 80 1
65 78 -7
65 93 8
65 79 -4
65 77 8
65 67 1
65 71 8
65 96 -6
65 68 4
65 66 -1
65 83 -3
66 67 8
66 89 -10
66 74 5
66 92 -4
66 99 7
66 91 -3
66 75 1
66 72 6
66 68 -10
66 73 6
66 96 -7
66 78 -9
67 84 6
67 92 10
67 98 2
67 69 10
67 72 6
67 82 1
67 90 -2
67 77 -9
67 91 -5
68 79 7
68 87 -9
68 98 1
68 84 1
68 76 6
68 93 -4
68 80 0
68 71 -10
68 95 4
68 83 -1
68 100 -4
68 89 -4
68 72 8
68 75 5
69 72 -6
69 94 -4
69 79 -3
69 80 6
69 76 7
69 86 3
69 74 9
69 82 8
69 83 -10
69 93 -8
69 85 9
69 87 -6
69 90 -10
69 75 3
69 91 -2
69 97 -10
70 71 8
70 90 -9
70 81 -2
70 74 9
70 84 9
70 95 10
70 92 1
70 83 10
70 89 8
70 78 -2
70 97 -4
70 98 4
70 80 8
70 93 0
71 86 4
71 91 -10
71 90 -6
71 99 -1
71 75 -5
71 89 7
71 82 6
71 84 2
71 76 -3
71 97 -9
71 92 -1
71 80 0
71 88 9
71 100 -2
72 83 -1
72 81 6
72 88 -3
72 95 8
72 98 4
72 90 -3
72 93 -7
72 86 9
72 76 -8
72 78 3
72 84 -5
72 100 -1
73 99 0
73 93 0
73 91 -4
73 76 -5
73 86 -10
73 75 10
73 94 -9
73 88 -8
73 82 9
73 100 -3
73 74 -5
73 79 -5
73 80 -6
73 96 -8
73 87 10
73 97 5
73 84 -3
74 76 -1
74 98 -2
74 82 0
74 92 -6
74 83 -3
74 89 0
74 75 8
74 100 7
74 84 8
74 99 0
74 81 4
74 77 3
74 94 10
74 95 7
74 85 -10
74 88 -6
74 93 2
74 96 -7
75 99 6
75 97 -3
75 87 6
75 98 0
75 83 -5
75 96 -1
75 90 0
75 88 9
75 100 7
75 89 -10
75 93 -1
75 79 2
76 95 7
76 98 7
76 81 -9
76 99 8
76 86 2
76 85 3
76 83 1
76 89 -5
76 92 -8
76 82 6
77 85 7
77 97 4
77 79 -8
77 94 -5
77 84 4
77 87 2
77 90 -6
77 80 -7
77 92 -1
78 79 0
78 89 3
78 98 8
78 84 -10
78 82 -4
78 80 10
78 99 1
78 91 -8
78 93 -9
78 100 1
79 80 -10
79 99 5
79 91 -4
79 92 0
79 97 7
79 87 2
79 93 2
79 83 -10
79 90 7
79 89 0
79 94 1
79 85 5
79 84 -4
80 90 0
80 100 -7
80 91 -2
80 98 -1
80 81 -3
80 85 -8
80 86 8
80 87 -6
80 94 -4
81 85 1
81 98 9
81 97 9
81 87 1
81 88 -4
81 91 6
81 84 8
81 82 1
81 86 -9
81 89 -9
81 100 -2
82 91 6
82 89 -1
82 100 -10
82 93 -10
82 98 4
82 97 5
82 92 10
82 84 -3
82 94 -7
83 92 -5
83 84 2
83 95 -2
83 100 5
83 88 -2
83 99 -6
83 97 1
83 94 -7
83 85 3
84 99 -7
84 98 -6
84 91 -3
84 97 3
84 100 4
84 92 -7
84 96 0
84 87 6
84 86 6
85 91 7
85 95 -10
85 92 -2
85 86 -4
85 97 -3
85 89 1
85 87 -9
85 96 2
85 90 8
86 87 6
86 95 -3
86 89 6
86 96 -2
86 98 7
86 93 8
86 94 -4
87 94 3
87 99 3
87 96 -7
87 89 5
88 90 -2
88 97 3
88 91 7
88 98 10
88 96 5
88 89 -5
88 99 -6
89 92 6
89 91 4
89 97 -1
89 98 -6
89 100 7
89 99 5
89 93 -2
89 95 -7
90 97 6
90 96 -9
90 100 -4
91 98 -10
91 92 9
91 94 4
91 96 -10
92 93 6
92 96 -6
92 94 -7
93 94 6
93 98 10
93 99 -10
93 96 9
94 99 7
94 96 8
94 97 5
94 100 -6
94 98 -10
95 96 9
95 98 -4
95 97 -9
96 97 -1
96 99 9
96 98 2
97 100 -6
97 99 -9
98 99 4
98 100 -9
