100 2475 
1 72 -10
1 44 9
1 91 1
1 41 -10
1 6 -1
1 7 -3
1 79 0
1 36 0
1 45 -10
1 78 9
1 47 0
1 24 3
1 65 9
1 68 -8
1 32 3
1 53 -10
1 22 -5
1 25 7
1 73 -8
1 3 -4
1 77 1
1 62 7
1 23 2
1 71 -8
1 10 -2
1 51 0
1 63 -1
1 87 1
1 42 8
1 39 -6
1 21 -2
1 74 -7
1 86 9
1 34 3
1 14 -7
1 80 1
1 94 9
1 93 -3
1 29 -1
1 30 2
1 4 -1
1 20 0
1 90 -8
1 49 10
1 15 -3
1 9 9
1 50 -5
1 17 -3
1 18 -10
2 94 -9
2 47 2
2 8 -9
2 99 0
2 25 0
2 57 0
2 18 9
2 29 0
2 49 0
2 93 -8
2 42 -3
2 15 -7
2 51 2
2 60 -3
2 17 -10
2 27 7
2 56 -1
2 22 1
2 66 -3
2 14 -5
2 80 4
2 90 -1
2 74 5
2 7 5
2 31 3
2 19 -7
2 53 -4
2 46 1
2 32 -5
2 20 -10
2 68 -8
2 72 -1
2 91 -7
2 12 -10
2 10 -6
2 30 -4
2 78 -10
2 82 -5
2 6 -10
2 43 -8
2 95 -7
2 77 -6
2 73 2
2 24 8
2 21 10
2 76 4
2 3 1
2 69 -8
2 55 0
3 59 -7
3 27 -3
3 96 -2
3 57 -3
3 46 -6
3 13 -4
3 83 -9
3 68 -2
3 11 3
3 35 6
3 77 -10
3 20 -9
3 80 -2
3 17 0
3 39 0
3 94 -1
3 65 0
3 31 1
3 18 10
3 52 -10
3 22 0
3 32 -6
3 74 -2
3 15 4
3 50 9
3 34 10
3 37 -9
3 12 6
3 64 -10
3 54 -9
3 23 4
3 41 -3
3 81 -4
3 82 7
3 42 -1
3 92 -1
3 47 3
3 71 -10
4 76 -10
4 60 4
4 64 8
4 69 3
4 24 3
4 21 -3
4 10 1
4 61 5
4 41 -9
4 49 8
4 83 1
4 18 -2
4 5 5
4 16 4
4 57 7
4 71 6
4 100 -9
4 98 9
4 79 -8
4 28 5
4 9 9
4 90 2
4 93 2
4 67 -1
4 75 -5
4 30 -3
4 46 -3
4 85 6
4 40 -6
4 23 0
4 43 -3
4 63 0
4 42 9
4 59 -5
4 48 -3
4 45 -4
4 80 -9
4 19 -1
4 74 10
4 68 8
4 73 -4
4 78 9
4 15 1
4 53 -1
4 77 2
4 38 -2
4 82 4
4 37 -6
4 14 -3
4 70 -5
5 16 -7
5 60 -4
5 15 10
5 30 -10
5 87 -7
5 72 -8
5 100 3
5 83 -3
5 55 -4
5 96 4
5 80 -9
5 78 -7
5 48 -5
5 52 3
5 51 0
5 29 -10
5 7 -1
5 23 5
5 43 -4
5 53 5
5 84 -2
5 73 0
5 13 -10
5 12 -7
5 69 4
5 89 -7
5 42 2
5 61 3
5 9 8
5 67 9
5 58 -7
5 95 3
5 33 -1
5 63 1
5 79 -1
5 82 8
5 22 8
5 76 -4
5 19 -4
5 49 -4
5 64 7
5 92 -2
5 46 5
5 34 -8
5 21 -7
5 90 -9
5 74 -3
5 75 0
5 37 6
5 40 5
6 48 3
6 45 -7
6 67 -8
6 94 -5
6 63 3
6 83 9
6 58 5
6 14 4
6 95 -9
6 91 0
6 75 3
6 74 5
6 12 10
6 47 -7
6 65 2
6 17 4
6 55 7
6 19 8
6 43 5
6 82 -3
6 93 4
6 8 -7
6 70 4
6 29 8
6 11 6
6 86 3
6 10 -6
6 31 -6
6 25 3
6 27 -3
6 57 4
6 68 -4
6 69 10
6 87 4
6 92 2
6 32 -10
6 60 0
6 59 -7
6 76 3
6 39 -4
6 72 -9
6 33 4
6 36 -9
6 28 -10
6 15 4
7 60 8
7 45 -7
7 66 8
7 40 -6
7 61 3
7 71 -8
7 63 10
7 24 -7
7 72 0
7 77 0
7 95 10
7 34 4
7 56 8
7 39 -2
7 10 0
7 100 -3
7 62 6
7 55 -10
7 58 -7
7 25 9
7 49 -4
7 16 -3
7 96 -2
7 22 3
7 75 -9
7 44 -5
7 78 10
7 17 -10
7 8 1
7 82 -9
7 70 -2
7 87 -3
7 36 -2
7 93 -5
7 27 4
7 29 2
7 26 -5
7 53 8
7 54 -5
7 86 2
8 43 10
8 75 4
8 72 9
8 69 4
8 92 -3
8 58 -2
8 55 2
8 67 1
8 10 -1
8 76 0
8 46 -7
8 21 -1
8 85 5
8 52 8
8 59 9
8 53 1
8 17 -6
8 60 10
8 100 6
8 66 -5
8 16 -9
8 54 -5
8 33 2
8 20 -3
8 83 -8
8 94 0
8 19 5
8 62 3
8 37 0
8 57 -4
8 98 -5
8 89 -4
8 86 -4
8 68 9
8 87 -10
8 22 -3
8 41 -3
8 88 -7
8 51 8
8 27 -1
8 23 -9
8 80 9
8 96 -1
8 56 0
8 71 -9
8 36 7
8 15 2
8 40 -5
8 49 0
9 90 2
9 76 10
9 26 -5
9 19 -10
9 41 -6
9 15 -6
9 94 2
9 17 5
9 72 -3
9 87 9
9 33 -9
9 75 -10
9 77 -5
9 43 8
9 16 0
9 86 -6
9 64 -1
9 36 4
9 52 -6
9 24 5
9 99 5
9 80 -1
9 78 3
9 12 -6
9 85 6
9 61 0
9 82 6
9 31 -3
9 48 1
9 58 -4
9 59 2
9 88 4
9 100 -10
9 73 -1
9 56 5
9 38 6
9 92 -2
9 49 7
9 89 10
9 83 -4
9 97 7
9 54 6
9 65 3
9 67 -7
9 45 -4
9 50 -8
9 30 4
9 71 8
10 23 -8
10 31 8
10 38 -4
10 63 9
10 97 -7
10 71 -9
10 77 1
10 15 9
10 40 7
10 27 -4
10 95 8
10 19 3
10 37 8
10 17 0
10 82 -3
10 39 3
10 57 -4
10 32 2
10 41 5
10 25 -8
10 14 4
10 76 -4
10 65 1
10 74 2
10 70 6
10 29 1
10 93 -6
10 87 -2
10 94 7
10 85 -7
10 21 6
10 18 -3
10 46 7
10 49 -6
10 75 -7
10 42 9
10 89 10
10 47 -5
10 22 1
10 53 6
10 73 9
11 65 -4
11 79 4
11 53 7
11 94 7
11 57 -4
11 28 6
11 47 8
11 25 9
11 93 4
11 19 1
11 61 -1
11 88 5
11 37 0
11 92 1
11 14 1
11 35 4
11 89 4
11 26 -6
11 23 5
11 21 -1
11 97 -1
11 96 -5
11 85 -3
11 95 1
11 90 1
11 67 -8
11 66 2
11 72 -10
11 13 6
11 46 3
11 31 10
11 56 10
11 41 -9
11 69 5
11 87 8
11 34 -3
11 75 5
11 68 4
11 99 3
11 51 -3
11 45 0
11 42 -10
11 83 -2
11 70 -6
11 55 7
11 71 2
11 12 4
11 63 7
12 42 -5
12 82 -10
12 57 2
12 72 2
12 64 3
12 43 -7
12 93 4
12 29 9
12 30 -2
12 56 -6
12 18 -9
12 85 10
12 61 7
12 55 9
12 49 -5
12 84 -4
12 73 5
12 47 -2
12 96 -1
12 71 -9
12 28 10
12 74 6
12 63 -5
12 62 0
12 92 9
12 78 -10
12 36 -2
12 52 4
12 88 9
12 89 3
12 46 -3
12 75 -2
12 38 -4
12 97 5
12 90 8
12 83 -3
12 54 10
12 14 -9
12 48 6
12 51 -2
12 17 9
13 96 -9
13 56 -6
13 45 7
13 16 -5
13 14 -3
13 46 -7
13 80 2
13 49 3
13 74 -4
13 42 8
13 55 1
13 72 1
13 69 6
13 51 7
13 35 -3
13 68 -2
13 97 0
13 23 5
13 71 -4
13 70 -6
13 63 -7
13 76 8
13 48 -8
13 19 -9
13 25 8
13 98 -5
13 66 -10
13 53 1
13 30 -2
13 50 -4
13 99 -10
13 52 -2
13 39 -6
13 15 -3
13 32 -2
13 34 -7
13 61 9
13 75 -10
13 93 -10
13 79 3
13 33 -6
13 95 10
13 84 -3
14 59 -9
14 67 3
14 90 -7
14 41 -2
14 93 -7
14 29 -4
14 56 7
14 49 9
14 42 -2
14 89 8
14 38 -8
14 77 5
14 71 -8
14 63 2
14 95 3
14 88 -9
14 99 -9
14 39 8
14 84 -3
14 76 2
14 85 -4
14 36 -3
14 72 -2
14 96 7
14 20 -10
14 30 -2
14 17 10
14 94 -7
14 19 -9
14 69 -4
14 75 -2
14 33 9
14 50 -3
14 21 10
14 68 -8
14 78 -4
14 82 -4
14 73 5
14 51 -6
14 18 -6
14 44 -4
14 65 -4
14 34 -3
14 22 -7
14 60 -10
14 23 1
14 97 -7
14 40 7
14 86 8
15 75 1
15 19 -2
15 23 -3
15 96 -1
15 79 -1
15 51 9
15 84 -4
15 63 7
15 29 9
15 93 -10
15 26 6
15 20 4
15 77 3
15 57 7
15 59 -3
15 71 -8
15 52 -10
15 76 6
15 97 -5
15 35 -8
15 66 -3
15 91 10
15 25 9
15 100 2
15 43 0
15 31 0
15 36 8
15 56 -1
15 37 -4
15 67 -9
15 27 -8
15 48 -8
15 50 -7
15 47 -8
15 28 -9
15 33 -5
15 55 -4
15 98 3
15 78 9
15 89 -8
15 54 -7
15 81 2
15 86 9
15 45 0
15 92 -2
15 82 -6
15 94 -7
16 17 -2
16 38 8
16 57 -8
16 89 1
16 72 -10
16 85 -6
16 49 6
16 76 -10
16 42 -4
16 19 9
16 87 -9
16 78 -8
16 18 -7
16 94 -6
16 26 -4
16 23 1
16 32 10
16 28 10
16 65 5
16 79 -2
16 98 -5
16 55 9
16 35 -8
16 62 -7
16 80 9
16 82 0
16 88 -9
16 52 0
16 91 -3
16 92 8
16 74 9
16 44 10
16 100 3
16 69 1
16 41 -3
16 46 8
16 54 -9
16 81 -6
16 24 4
16 43 -2
16 40 3
16 84 7
16 96 0
16 36 0
16 50 -7
16 22 -3
16 99 2
16 93 -4
16 95 -4
17 39 9
17 21 8
17 31 3
17 60 -10
17 92 -8
17 70 -8
17 84 3
17 33 10
17 69 10
17 57 1
17 79 4
17 76 -5
17 89 8
17 74 1
17 48 7
17 46 1
17 53 -4
17 28 4
17 38 8
17 26 -7
17 22 -4
17 36 -1
17 97 9
17 34 10
17 100 6
17 73 -7
17 55 10
17 40 -2
17 80 -6
17 56 -7
17 19 6
17 72 -10
17 95 -5
17 50 4
17 23 -2
17 88 0
17 37 2
17 24 9
17 58 6
17 35 10
17 49 -2
17 78 1
17 68 4
17 18 -7
17 93 -8
18 46 -6
18 23 3
18 64 10
18 100 2
18 53 4
18 97 -6
18 70 5
18 62 1
18 61 -8
18 27 -5
18 93 3
18 39 -6
18 25 9
18 90 -9
18 50 0
18 22 -3
18 41 -7
18 83 8
18 31 4
18 75 -9
18 54 -3
18 28 0
18 40 -9
18 91 2
18 92 -6
18 85 -8
18 19 10
18 66 9
18 45 7
18 78 -9
18 72 5
18 35 -9
18 55 -4
18 74 -7
18 81 -2
18 21 6
18 24 7
18 44 -9
18 34 3
19 43 8
19 50 2
19 55 -8
19 38 -2
19 82 0
19 47 4
19 45 -6
19 26 -8
19 87 -8
19 75 -2
19 98 2
19 81 9
19 79 0
19 53 6
19 42 4
19 54 -3
19 37 6
19 32 0
19 74 -4
19 89 -6
19 83 1
19 96 -4
19 58 -8
19 73 4
19 23 -1
19 62 -9
19 41 9
19 65 -8
19 99 -6
19 93 5
19 28 -2
19 46 2
19 85 7
19 64 0
19 80 -2
19 30 0
19 88 -9
19 49 -10
19 61 2
19 57 6
19 29 -1
19 66 -5
19 51 4
19 100 0
19 70 -7
19 77 -10
20 35 3
20 89 8
20 95 4
20 32 -6
20 86 7
20 96 -8
20 70 5
20 53 -3
20 65 -8
20 52 8
20 39 -3
20 64 0
20 79 -4
20 23 5
20 33 -4
20 73 -5
20 37 10
20 97 4
20 46 0
20 99 0
20 94 9
20 50 -6
20 72 8
20 63 -6
20 51 6
20 69 5
20 28 9
20 66 3
20 100 -6
20 21 -7
20 71 10
20 34 7
20 98 2
20 30 -5
20 47 -7
20 58 -4
20 91 1
20 56 6
20 43 0
20 38 10
21 42 -5
21 98 -1
21 45 9
21 26 -6
21 48 -10
21 43 -2
21 87 9
21 81 0
21 27 4
21 83 -7
21 91 4
21 90 6
21 82 -10
21 40 0
21 93 -3
21 84 -4
21 96 -6
21 72 -4
21 59 -10
21 31 5
21 37 2
21 32 -1
21 85 -3
21 68 -1
21 52 -1
21 67 -2
21 78 4
21 58 -4
21 46 -1
21 75 -1
21 66 -5
21 70 -10
21 51 0
21 35 -9
21 49 -9
21 94 3
21 41 -8
21 79 -4
22 59 4
22 79 4
22 84 -9
22 100 5
22 52 4
22 36 -2
22 93 1
22 44 9
22 50 -6
22 91 -8
22 42 8
22 28 6
22 77 6
22 87 -8
22 88 -4
22 35 10
22 60 -8
22 81 -9
22 98 -6
22 34 1
22 85 1
22 53 -2
22 24 -8
22 62 4
22 83 3
22 55 -8
22 38 4
22 75 -6
22 74 10
22 97 9
22 72 3
22 25 -7
22 33 3
22 76 2
22 82 0
22 73 0
22 29 1
22 58 1
22 68 2
22 32 1
22 56 10
22 47 -6
23 45 -3
23 67 -2
23 94 6
23 69 7
23 62 7
23 35 -10
23 53 -2
23 93 8
23 71 -7
23 66 -4
23 96 6
23 41 -3
23 50 8
23 28 -9
23 88 -7
23 48 -3
23 25 0
23 64 -1
23 24 2
23 78 -8
23 40 -1
23 37 -5
23 33 2
23 99 -8
23 51 -9
23 73 3
23 43 -10
23 27 3
23 83 5
23 59 -5
23 98 3
23 87 5
23 100 9
23 65 8
23 55 10
23 91 6
23 74 1
23 82 3
24 81 3
24 54 5
24 76 -5
24 36 -3
24 28 9
24 70 -1
24 63 0
24 57 -9
24 75 1
24 74 6
24 50 7
24 95 -7
24 96 -8
24 73 4
24 69 -3
24 100 8
24 68 -1
24 53 2
24 67 5
24 42 4
24 25 1
24 58 -6
24 35 -7
24 31 -8
24 34 8
24 37 -3
24 32 -8
24 62 3
24 84 -4
24 45 -3
24 55 7
24 88 -2
24 92 6
24 29 1
24 43 8
24 46 -10
24 78 -1
25 98 -10
25 60 -1
25 52 -2
25 62 7
25 34 4
25 80 10
25 49 -8
25 81 -2
25 91 3
25 99 10
25 84 -4
25 70 -8
25 42 9
25 85 -6
25 69 -7
25 55 -9
25 66 1
25 64 -3
25 50 6
25 61 2
25 90 10
25 36 4
25 79 2
25 58 4
25 39 1
25 68 9
25 94 -4
25 77 -4
25 82 -2
25 41 4
25 76 -10
25 57 -3
25 67 -8
25 56 -2
25 28 -1
25 40 3
25 71 -8
25 35 4
25 48 0
25 38 -3
26 39 -6
26 67 -1
26 51 7
26 48 2
26 78 4
26 58 -10
26 53 1
26 82 -9
26 41 2
26 68 0
26 72 1
26 63 4
26 90 7
26 34 5
26 32 -6
26 47 -4
26 84 9
26 33 10
26 31 -9
26 83 -7
26 86 -4
26 54 1
26 92 -9
26 52 10
26 57 10
26 69 6
26 96 -7
26 94 8
26 29 1
26 70 5
26 97 8
26 93 -2
26 87 -5
26 36 -10
26 95 -3
26 80 10
26 71 -9
26 61 -4
26 74 -3
26 59 5
27 84 1
27 73 1
27 77 8
27 87 3
27 72 6
27 28 2
27 71 -3
27 69 6
27 47 -10
27 97 3
27 82 -9
27 91 -7
27 75 4
27 44 2
27 93 -3
27 45 -4
27 70 -1
27 64 2
27 57 4
27 95 -2
27 30 8
27 60 -10
27 38 6
27 90 8
27 89 -4
27 33 6
27 46 0
27 39 6
27 61 8
27 78 7
27 53 -7
27 29 6
27 56 10
27 63 10
27 31 -5
27 50 -7
28 80 -9
28 32 -10
28 68 -8
28 79 9
28 40 -8
28 45 -5
28 65 -10
28 33 -4
28 70 -5
28 100 3
28 88 -4
28 86 7
28 69 -4
28 63 8
28 54 -4
28 53 -7
28 85 8
28 31 -2
28 29 -7
28 96 -7
28 44 -10
28 64 -6
28 77 9
28 39 -7
28 36 0
28 43 -7
28 82 8
28 52 -7
28 56 4
28 37 9
28 99 10
28 98 -5
28 71 2
28 30 -3
28 78 2
29 62 -9
29 36 -8
29 86 0
29 60 -2
29 70 -6
29 59 5
29 39 8
29 30 -2
29 33 2
29 73 0
29 88 2
29 55 0
29 54 -10
29 35 -6
29 48 8
29 56 9
29 44 3
29 97 -5
29 94 -6
29 76 8
29 50 -4
29 75 -8
29 37 -10
29 79 7
29 78 -2
29 41 2
29 82 -6
29 64 -8
29 57 4
29 77 -4
29 66 -10
29 32 0
29 90 5
29 85 -4
29 84 9
30 56 -4
30 79 10
30 67 5
30 87 -2
30 41 10
30 95 -3
30 42 5
30 64 -7
30 33 -4
30 82 6
30 98 -10
30 65 -8
30 77 -6
30 55 7
30 84 4
30 61 7
30 51 -4
30 96 5
30 39 3
30 100 -1
30 48 -5
30 38 -8
30 62 -3
30 49 -2
30 34 -10
30 93 6
31 65 -1
31 56 10
31 97 10
31 79 6
31 71 -9
31 60 -2
31 76 6
31 74 -3
31 100 8
31 43 3
31 85 6
31 49 -8
31 45 -1
31 63 0
31 75 5
31 73 10
31 46 7
31 64 -5
31 52 9
31 90 -10
31 54 -5
31 94 -8
31 41 -6
31 81 -9
31 32 1
31 83 1
31 82 5
31 47 7
31 57 3
32 48 -6
32 38 -5
32 47 8
32 77 -8
32 95 -2
32 65 8
32 100 -5
32 40 6
32 69 -2
32 52 4
32 44 -5
32 45 -4
32 50 2
32 60 2
32 92 2
32 62 -9
32 73 -8
32 75 -5
32 39 2
32 37 -8
32 55 9
32 91 -3
32 98 4
32 90 6
32 88 1
32 54 -3
32 80 -3
32 58 6
32 70 -3
32 87 -4
32 49 7
32 68 -6
33 89 -4
33 82 7
33 61 5
33 75 -6
33 40 4
33 43 7
33 44 -9
33 64 8
33 85 -2
33 37 2
33 60 -7
33 54 -1
33 92 -3
33 50 8
33 58 4
33 47 5
33 67 2
33 72 -1
33 98 -8
33 97 -4
33 62 3
33 70 0
33 57 -5
33 69 -6
33 90 2
33 74 1
33 99 -7
33 94 1
33 88 -6
33 46 -4
34 37 0
34 75 5
34 54 -1
34 100 0
34 61 4
34 40 9
34 57 2
34 69 -5
34 87 2
34 43 -2
34 71 -1
34 84 -8
34 68 9
34 93 -1
34 63 6
34 77 5
34 78 -7
34 66 -8
34 47 0
34 59 -5
34 95 -2
34 72 -9
34 80 2
34 55 -3
34 64 1
34 92 -9
34 73 1
34 89 -3
34 81 -10
34 90 6
34 39 -1
34 65 6
34 60 -1
34 58 6
34 44 7
34 53 2
35 75 -6
35 85 2
35 86 2
35 47 -9
35 91 3
35 76 -1
35 100 10
35 71 -8
35 37 -2
35 97 -2
35 66 7
35 57 2
35 90 6
35 62 -5
35 88 -4
35 84 0
35 95 -6
35 56 9
35 79 0
35 73 -4
35 80 1
35 41 3
35 44 6
35 69 2
35 36 -5
35 46 6
35 43 -4
35 40 5
35 48 -8
35 74 -9
35 77 -8
35 51 -4
35 96 -4
35 89 5
35 92 -9
35 53 8
36 85 -8
36 92 3
36 57 -9
36 70 -3
36 66 1
36 72 0
36 69 9
36 89 10
36 77 -4
36 42 0
36 81 -5
36 84 8
36 68 -1
36 37 -6
36 44 -10
36 83 10
36 75 6
36 47 -2
36 95 -10
36 59 5
36 38 -5
36 78 -7
36 43 6
36 76 -4
36 50 -8
36 40 10
36 55 -4
36 64 -9
36 48 3
36 60 -8
36 91 -1
36 96 4
37 74 6
37 56 -7
37 61 -8
37 49 -7
37 100 -1
37 59 -5
37 53 8
37 89 0
37 76 -8
37 85 -1
37 73 4
37 69 2
37 58 -1
37 40 1
37 80 -2
37 79 -3
37 97 10
37 96 9
37 91 7
37 88 -4
37 48 -4
37 84 5
37 55 -5
37 51 -7
37 86 8
37 52 -9
37 98 2
37 78 3
37 90 -3
37 39 -3
37 67 0
37 93 -7
38 65 -2
38 68 0
38 80 -5
38 49 -2
38 40 8
38 85 -8
38 52 6
38 74 -7
38 94 -6
38 84 -4
38 62 2
38 39 -10
38 77 1
38 92 -3
38 87 5
38 71 -9
38 57 8
38 60 -10
38 90 8
38 63 9
38 47 -7
38 96 4
38 89 2
38 48 -5
38 82 -6
39 77 6
39 84 5
39 92 -9
39 61 -1
39 81 9
39 97 -4
39 79 5
39 42 -4
39 100 7
39 91 -5
39 65 -5
39 40 3
39 44 -1
39 63 4
39 95 2
39 43 -4
39 54 -8
39 59 6
39 78 -4
39 70 -9
39 85 -5
39 98 -9
39 57 9
39 66 8
39 71 -10
39 90 9
39 88 -10
39 53 9
40 45 -9
40 92 6
40 59 -3
40 78 -4
40 90 -9
40 89 6
40 81 4
40 83 4
40 41 5
40 91 7
40 64 -2
40 99 5
40 95 5
40 52 1
40 74 -10
40 54 6
40 79 -8
40 96 -6
40 77 10
40 66 -6
40 56 2
40 42 5
40 69 -1
40 88 -1
40 80 -1
40 84 -2
40 50 -7
40 97 -4
40 94 -6
40 44 5
40 60 -6
41 45 1
41 97 -7
41 76 -3
41 91 7
41 51 2
41 81 8
41 52 0
41 55 3
41 88 4
41 64 3
41 66 7
41 61 -8
41 85 2
41 46 -9
41 49 -3
41 98 -5
41 94 10
41 84 -1
41 73 -5
41 65 6
41 71 -4
41 44 0
41 99 3
41 68 3
41 53 4
41 54 -4
41 95 -7
41 74 -10
41 43 8
42 52 -9
42 91 -2
42 87 -4
42 43 -3
42 61 7
42 89 8
42 64 -6
42 93 3
42 51 7
42 65 -9
42 62 7
42 73 -4
42 69 3
42 57 6
42 48 -6
42 76 7
42 70 -1
42 56 0
42 96 -4
42 71 0
42 53 0
42 75 -4
42 78 -4
42 88 -4
42 72 5
42 80 -4
42 94 0
42 63 -2
42 68 -8
42 79 3
42 81 1
43 60 -6
43 59 7
43 48 10
43 93 10
43 47 7
43 63 2
43 65 6
43 45 -10
43 54 6
43 53 10
43 68 -9
43 61 6
43 90 1
43 75 4
43 85 -7
43 46 1
43 81 -4
43 80 -2
43 94 -2
43 55 3
44 83 -9
44 67 3
44 73 -10
44 60 10
44 79 8
44 45 5
44 46 0
44 93 -3
44 100 8
44 77 -5
44 92 -1
44 47 2
44 94 -2
44 58 -2
44 49 -6
44 96 -4
44 81 9
44 95 4
44 56 5
44 85 8
45 50 -6
45 80 -5
45 81 -3
45 62 -9
45 76 -3
45 91 1
45 94 -8
45 88 9
45 58 -6
45 55 4
45 77 7
45 89 -8
45 87 10
45 75 3
45 60 6
45 92 -7
45 83 -1
45 63 6
45 57 5
45 95 -8
45 98 10
45 84 -7
45 49 7
45 79 -8
45 96 10
45 86 -5
45 46 5
45 65 -6
45 68 4
45 93 1
45 67 -1
45 69 -9
46 65 -6
46 58 5
46 88 -8
46 53 -2
46 62 -3
46 63 -1
46 51 -1
46 78 -7
46 75 -1
46 89 -2
46 84 -6
46 47 1
46 68 5
46 97 3
46 54 -4
46 82 4
46 64 -8
46 70 7
46 92 -9
46 61 -1
46 79 -10
46 66 5
46 48 -8
46 60 -5
47 72 -4
47 75 4
47 99 3
47 52 6
47 95 -2
47 76 4
47 90 3
47 63 7
47 81 -2
47 79 -6
47 48 -7
47 60 -1
47 89 3
47 64 9
47 66 -4
47 91 5
47 69 -4
47 98 -2
47 97 -5
47 55 1
48 94 -10
48 89 6
48 69 7
48 59 6
48 58 5
48 56 -2
48 51 3
48 88 7
48 76 3
48 81 -1
48 63 6
48 84 -5
48 53 6
48 90 4
48 68 -4
48 60 0
48 62 -6
48 49 8
48 72 -1
48 50 4
48 67 -4
49 53 -1
49 51 -1
49 96 -1
49 58 -7
49 56 -7
49 75 -4
49 79 -6
49 59 3
49 69 -3
49 67 2
49 98 10
49 88 9
49 76 -10
49 60 -2
49 63 -9
49 54 10
49 77 -1
49 68 -8
49 87 10
49 80 -5
49 62 2
49 71 5
49 85 6
49 86 -8
49 57 8
49 83 -6
49 72 -4
49 81 2
49 66 -5
50 78 -2
50 85 -10
50 86 -4
50 90 5
50 100 -2
50 56 4
50 57 1
50 82 -3
50 70 -2
50 95 8
50 54 -3
50 51 2
50 98 10
50 67 0
50 91 -3
50 71 -9
50 83 9
50 76 -6
50 58 8
50 52 -10
50 79 -5
50 61 -4
50 75 10
50 59 10
51 56 4
51 73 8
51 58 8
51 69 5
51 86 -5
51 82 -1
51 99 -3
51 74 2
51 100 0
51 60 8
51 85 -9
51 75 -9
51 83 10
51 97 -5
51 95 -6
51 78 5
51 76 -3
51 92 4
51 93 9
51 63 -2
51 94 -3
51 70 9
52 67 9
52 63 2
52 66 -10
52 77 -1
52 71 2
52 82 5
52 80 -6
52 54 5
52 85 7
52 53 7
52 56 7
52 99 8
52 65 -2
52 78 -7
52 88 -10
52 93 -7
52 83 7
52 81 10
52 76 -10
52 90 10
52 94 9
52 89 4
52 96 6
52 84 -2
52 73 7
52 97 -1
53 59 10
53 84 3
53 96 2
53 80 -2
53 63 7
53 65 -6
53 85 -4
53 91 8
53 67 -4
53 94 -4
53 66 -7
53 69 -3
53 55 4
53 61 -2
53 87 1
53 56 1
53 86 8
53 90 0
53 99 6
53 89 -4
53 97 7
54 80 10
54 92 -3
54 82 0
54 69 -3
54 55 -3
54 95 -1
54 90 8
54 81 2
54 61 8
54 66 4
54 89 9
54 64 4
54 88 4
54 73 2
54 68 9
54 96 6
54 70 10
54 67 -7
54 75 -9
54 62 -10
54 63 4
54 100 -10
55 95 9
55 88 -1
55 83 4
55 98 -4
55 61 10
55 69 -8
55 97 -4
55 62 -4
55 71 -8
55 59 -3
55 66 -1
55 63 10
55 75 2
55 92 -4
55 76 7
55 57 -4
55 58 1
55 70 -7
55 90 -9
55 94 7
55 77 -5
55 81 -8
56 60 10
56 96 -7
56 64 -8
56 83 5
56 73 -5
56 68 4
56 67 -7
56 89 10
56 63 5
56 84 -2
56 81 4
56 87 -7
56 76 -2
56 88 2
56 79 -2
56 66 -1
56 80 8
56 77 -8
56 95 -4
56 92 -7
57 75 -3
57 68 -9
57 82 -9
57 87 -6
57 81 -4
57 99 -6
57 85 4
57 93 4
57 76 -2
57 86 8
57 70 7
57 65 1
57 66 1
57 64 -1
57 71 -3
57 73 -8
57 62 -5
57 74 1
57 100 7
57 92 4
57 69 7
57 84 10
57 83 8
57 79 -3
57 59 -3
58 72 -4
58 60 -7
58 76 -5
58 83 -4
58 94 4
58 97 -1
58 86 6
58 91 -1
58 77 -2
58 99 5
58 68 10
58 73 0
58 100 2
58 88 -8
58 59 4
58 95 -7
58 85 -1
58 90 -4
58 70 5
58 66 2
58 61 -5
58 74 0
59 62 -6
59 66 3
59 75 -2
59 79 -7
59 84 2
59 74 -10
59 76 10
59 85 5
59 67 -2
59 89 0
59 69 8
59 60 0
59 96 -10
59 93 4
59 94 3
59 88 3
59 61 2
59 98 3
59 100 5
59 95 4
59 70 -7
59 86 -9
59 97 -6
60 69 2
60 79 -3
60 88 -6
60 62 -5
60 66 -2
60 96 4
60 100 -9
60 83 0
60 82 -2
60 73 -5
60 94 7
60 64 4
60 77 0
60 97 -7
60 72 2
60 98 -9
60 61 5
60 65 -5
60 81 6
60 89 0
60 93 -5
61 64 0
61 76 0
61 73 -5
61 86 3
61 99 9
61 67 -1
61 70 2
61 85 -4
61 94 -7
61 74 9
61 84 0
61 82 10
61 90 -6
61 75 2
61 66 2
61 68 6
61 83 -7
61 91 -8
62 78 0
62 73 -9
62 85 -6
62 88 5
62 75 -5
62 92 7
62 82 -8
62 77 -6
62 80 10
62 66 -7
62 99 -5
62 87 -8
62 79 7
62 71 -4
62 91 5
62 90 -2
62 97 8
62 81 -8
62 76 0
62 95 -5
62 89 -5
62 64 0
62 68 -3
62 96 0
63 78 6
63 77 -5
63 87 0
63 89 2
63 99 -2
63 92 -9
63 96 8
63 64 10
63 88 7
63 98 8
63 86 3
64 97 5
64 68 4
64 100 10
64 69 -3
64 88 9
64 80 5
64 78 -3
64 70 5
64 74 -8
64 71 -5
64 92 -6
64 93 7
64 86 -10
64 91 3
64 73 -10
64 95 -3
64 89 -6
64 72 -6
65 91 -6
65 73 5
65 83 -8
65 98 9
65 93 0
65 68 -7
65 99 8
65 67 4
65 74 3
65 95 -7
65 75 -3
65 84 9
65 87 2
65 71 5
65 82 2
65 92 -8
65 69 2
65 72 -8
65 89 -4
65 88 5
65 78 6
66 93 -7
66 79 -4
66 88 -10
66 89 9
66 99 -1
66 94 -7
66 75 5
66 70 -4
66 98 3
66 92 4
66 73 -6
66 67 3
66 68 3
66 84 -5
67 75 8
67 78 -9
67 96 -5
67 93 -9
67 86 -6
67 87 -7
67 73 -2
67 79 4
67 99 0
67 68 7
67 98 -8
67 91 10
67 74 2
67 72 -1
67 82 -7
67 84 3
67 94 3
67 90 -6
67 70 10
67 77 5
67 71 10
67 85 -5
67 69 -1
68 78 4
68 95 -8
68 90 4
68 92 0
68 96 3
68 98 6
68 91 -6
68 69 1
68 99 -7
68 89 10
68 70 -10
68 86 -10
68 75 -9
68 94 -8
68 93 -8
68 81 -10
68 79 -7
68 77 7
68 76 -8
68 74 -1
68 82 -10
69 92 0
69 76 0
69 96 -5
69 82 10
69 86 -5
69 74 10
69 93 10
69 71 -7
69 70 7
69 79 -1
69 85 -2
69 81 -9
69 94 -8
69 84 -1
69 90 1
69 87 -9
69 100 2
69 99 -10
70 79 -2
70 100 2
70 90 10
70 84 -7
70 88 10
70 74 -10
70 76 -1
70 83 10
70 82 -10
70 92 8
70 91 -9
70 93 4
70 78 7
70 86 -9
70 99 9
70 81 -4
70 72 10
71 83 7
71 89 -9
71 81 9
71 79 1
71 95 -7
71 88 4
71 82 -2
71 78 -4
71 85 9
71 99 8
71 98 -9
71 75 -3
71 74 6
71 100 -8
71 86 10
71 93 0
72 95 -2
72 83 -2
72 93 1
72 76 -8
72 91 -7
72 97 3
72 85 -2
72 84 9
72 79 -4
72 81 5
72 74 -5
72 100 0
72 92 -2
72 87 -2
72 98 -2
72 75 2
73 82 -10
73 96 0
73 91 -7
73 80 5
73 81 -3
73 92 -10
73 84 -9
73 87 6
73 76 1
73 97 5
73 83 9
73 94 -10
74 85 -1
74 95 10
74 82 10
74 99 -9
74 92 -9
74 86 -3
74 98 7
74 83 4
74 89 -1
74 91 -9
74 80 -10
74 97 2
74 94 -8
74 75 10
75 88 0
75 91 -1
75 79 -5
75 86 -8
75 81 -3
75 82 9
75 87 1
75 89 1
75 99 4
75 77 -2
75 76 9
75 84 4
75 78 5
75 98 7
75 100 -7
75 90 10
76 83 10
76 82 7
76 90 3
76 80 9
76 92 -5
76 85 3
76 78 -10
76 84 1
76 91 10
76 79 2
76 77 3
76 93 -4
76 98 -4
77 85 5
77 89 6
77 87 -5
77 79 6
77 93 0
77 78 -4
77 97 -4
77 98 8
77 80 2
77 88 -3
78 99 2
78 96 -5
78 80 -3
78 100 -8
78 81 0
78 97 6
78 90 4
78 88 7
78 84 5
78 92 3
78 85 9
78 93 6
79 87 -8
79 94 -2
79 91 -2
79 95 7
79 84 -10
79 100 -9
79 81 10
79 86 7
80 93 6
80 82 9
80 84 -9
80 85 -2
80 94 0
80 88 -5
80 83 -7
80 99 10
80 89 -7
80 96 3
81 91 -9
81 98 -9
81 92 -10
81 88 -4
81 85 -6
81 84 -7
81 96 -2
81 97 -8
81 89 -7
81 87 4
81 99 -7
82 97 -4
82 96 6
82 92 -3
82 85 1
82 89 -5
82 90 -2
82 94 -6
82 84 -4
82 98 -7
82 91 6
82 93 7
82 86 4
83 84 -4
83 91 -8
83 97 -10
83 100 10
83 96 1
83 94 -1
84 98 8
84 91 10
84 92 3
84 96 8
84 90 8
84 99 9
84 95 -2
84 87 8
84 88 10
84 86 6
84 94 0
85 91 -2
85 97 -9
85 89 0
85 99 -3
85 95 3
85 93 2
85 100 -4
85 88 -2
85 87 -5
86 99 0
86 95 4
86 87 4
86 94 -4
86 98 1
86 88 -3
87 94 -8
87 91 1
87 92 -4
87 97 9
87 95 5
87 89 -1
87 90 -7
87 88 3
88 95 -1
88 98 7
88 89 1
88 90 -8
88 94 -9
88 96 8
88 97 10
88 100 -10
88 92 6
89 97 -6
89 93 -10
89 96 4
89 99 2
89 90 6
89 98 3
90 95 -2
90 96 -9
90 100 3
90 99 5
90 97 -2
90 93 2
91 100 7
91 92 -3
91 95 2
91 98 7
91 94 10
92 99 3
92 98 -6
92 94 7
92 100 2
92 95 4
93 98 -3
93 94 5
94 99 -10
94 95 -4
95 97 2
95 96 -4
95 100 -9
96 100 -9
97 99 -10
97 100 -7
99 100 6
