100 2475 
1 29 10
1 90 3
1 87 8
1 82 -4
1 34 -10
1 59 8
1 66 -3
1 96 9
1 41 -8
1 48 -9
1 44 -2
1 76 -9
1 25 3
1 81 -1
1 38 8
1 69 5
1 60 4
1 71 -3
1 62 2
1 31 -7
1 86 7
1 91 -7
1 8 1
1 36 8
1 67 7
1 58 7
1 20 8
1 5 4
1 77 8
1 78 -7
1 35 5
1 93 -8
1 72 -9
1 15 -6
1 37 -1
1 43 3
1 98 -2
1 21 3
1 70 2
1 80 -7
1 6 6
1 57 8
1 16 6
1 88 -9
1 97 9
1 23 4
1 33 8
1 22 8
1 73 -1
2 97 -5
2 68 4
2 7 8
2 61 0
2 62 -9
2 91 -5
2 93 -3
2 87 0
2 25 -1
2 33 6
2 88 0
2 70 -3
2 12 -1
2 46 4
2 18 4
2 47 5
2 14 -5
2 21 -1
2 29 -8
2 56 -7
2 24 -6
2 22 6
2 23 10
2 73 8
2 36 8
2 57 5
2 27 -5
2 9 -1
2 17 -2
2 48 4
2 13 3
2 10 -7
2 69 -1
2 40 1
2 98 1
2 39 1
2 95 9
2 65 -5
2 85 1
2 4 -1
2 58 -5
2 11 5
2 28 1
2 75 -4
2 78 6
2 44 -9
2 35 5
2 80 0
2 83 5
3 89 1
3 5 2
3 28 7
3 40 -7
3 21 -4
3 30 -6
3 98 4
3 39 1
3 66 -7
3 55 -3
3 8 3
3 36 -10
3 70 -9
3 52 -5
3 26 9
3 88 -5
3 31 10
3 49 -7
3 22 8
3 7 6
3 56 3
3 57 5
3 62 6
3 12 -6
3 99 7
3 75 -4
3 44 -8
3 51 -4
3 18 8
3 94 1
3 76 2
3 71 -4
3 87 7
3 23 5
3 14 -10
3 32 -3
3 16 -2
3 92 -3
3 45 3
3 11 3
3 42 1
3 38 -4
3 96 4
3 80 -10
3 93 -7
3 15 -10
3 95 0
4 58 -5
4 86 -4
4 51 8
4 49 -8
4 33 0
4 47 -8
4 14 -3
4 56 -2
4 87 1
4 73 1
4 83 5
4 95 0
4 100 -3
4 78 -3
4 30 9
4 20 7
4 22 -10
4 40 -10
4 21 -3
4 66 -7
4 29 0
4 98 -5
4 35 7
4 65 7
4 97 5
4 10 -6
4 61 -6
4 55 7
4 77 5
4 6 3
4 17 1
4 31 9
4 93 4
4 64 -4
4 5 6
4 89 -1
4 74 2
4 39 -9
4 69 -2
4 75 4
4 67 2
4 44 -6
4 81 7
5 76 8
5 60 2
5 8 -10
5 12 -8
5 73 -1
5 48 -3
5 74 10
5 18 6
5 100 -9
5 27 -10
5 58 -6
5 39 -3
5 34 -2
5 83 -5
5 15 -8
5 21 -1
5 23 10
5 50 -2
5 91 2
5 66 -6
5 22 5
5 63 -5
5 84 3
5 85 -6
5 6 0
5 94 7
5 65 -3
5 90 1
5 10 -6
5 35 -4
5 77 -3
5 71 -4
5 69 8
5 16 -6
5 98 4
5 24 -8
5 11 2
5 67 6
5 13 2
5 30 -3
5 38 10
5 20 -3
5 97 -10
5 96 -5
5 78 3
5 28 -2
5 36 -5
5 41 -4
6 9 7
6 59 9
6 36 -8
6 80 5
6 64 3
6 21 -3
6 16 -7
6 92 10
6 22 5
6 27 -7
6 28 -5
6 55 7
6 8 -7
6 23 1
6 48 3
6 24 2
6 69 6
6 7 -2
6 10 1
6 18 4
6 38 -7
6 79 9
6 87 3
6 19 -5
6 20 8
6 90 -7
6 88 -2
6 46 -9
6 35 -9
6 43 8
6 85 6
6 40 -10
6 71 8
6 99 10
6 63 10
6 60 5
6 62 -6
6 34 1
6 30 3
6 11 -8
6 72 -10
6 32 4
6 94 -2
6 47 -2
6 42 5
7 76 -5
7 82 3
7 69 -4
7 10 1
7 85 0
7 9 -5
7 97 -5
7 55 -9
7 11 10
7 87 9
7 22 -6
7 46 6
7 40 -9
7 15 -4
7 16 10
7 59 3
7 39 2
7 84 4
7 65 6
7 91 -4
7 78 -10
7 58 5
7 99 -4
7 63 -9
7 71 -1
7 17 7
7 64 4
7 89 7
7 32 1
7 44 -8
7 100 -2
7 93 -1
7 23 -2
7 26 -2
7 49 3
7 95 -5
7 67 -7
7 30 -1
7 54 4
7 19 5
7 50 2
7 12 -4
7 80 -9
8 75 8
8 58 -3
8 49 -8
8 30 10
8 44 0
8 99 10
8 86 5
8 81 3
8 50 5
8 88 7
8 65 -1
8 43 2
8 25 -3
8 97 -10
8 45 3
8 15 -2
8 59 -3
8 38 1
8 52 2
8 74 8
8 16 -6
8 54 9
8 70 -6
8 41 -10
8 17 -7
8 57 -8
8 89 -3
8 77 8
8 100 9
8 27 4
8 18 0
8 9 -2
8 91 10
8 51 2
8 87 10
8 56 -5
8 53 9
8 71 5
8 33 6
8 72 -7
8 11 -5
8 69 7
8 61 6
8 76 -4
8 68 6
8 34 -8
8 93 -8
8 29 6
8 31 -10
9 18 -4
9 55 5
9 63 8
9 67 4
9 22 -8
9 35 -4
9 13 9
9 36 -9
9 93 -7
9 33 -3
9 19 9
9 15 -6
9 54 1
9 96 -8
9 12 7
9 17 -7
9 70 -9
9 89 -3
9 51 -2
9 26 9
9 97 0
9 29 10
9 88 9
9 57 -7
9 21 -4
9 24 9
9 75 -3
9 16 -3
9 90 2
9 66 2
9 27 4
9 68 -4
9 99 -2
9 56 -8
9 32 -7
9 95 6
9 91 -4
9 76 3
9 39 9
9 98 6
10 39 0
10 43 -5
10 16 -9
10 13 -8
10 72 -7
10 42 1
10 23 -1
10 98 -2
10 47 -4
10 79 10
10 34 8
10 45 2
10 27 5
10 77 1
10 71 0
10 91 7
10 20 10
10 87 6
10 30 8
10 99 9
10 80 -4
10 68 8
10 69 -9
10 63 9
10 65 2
10 95 -10
10 53 8
10 58 -9
10 73 6
10 89 4
10 32 -10
10 90 -7
10 14 -9
10 49 3
10 28 -3
10 97 -1
10 78 -3
10 17 1
10 46 9
10 18 -1
10 12 -3
10 37 0
10 76 -3
10 75 7
10 38 10
10 82 -3
10 44 8
10 55 -3
10 74 6
11 20 3
11 79 -3
11 23 0
11 88 -3
11 24 -5
11 31 -5
11 41 -10
11 49 -2
11 12 8
11 93 4
11 53 -7
11 35 5
11 30 -2
11 43 -3
11 80 10
11 84 4
11 91 10
11 71 -8
11 92 6
11 86 5
11 19 -3
11 70 1
11 14 -7
11 48 -1
11 89 1
11 15 -1
11 74 7
11 90 -4
11 42 6
11 26 3
11 97 0
11 68 10
11 36 -5
11 57 -3
11 85 -2
11 78 1
11 76 -9
11 83 8
11 32 -8
11 47 3
11 27 5
11 37 -7
11 62 -2
11 75 -7
11 22 3
11 72 1
11 39 -4
11 50 8
11 56 4
11 82 -4
11 58 8
11 52 7
12 45 6
12 93 1
12 70 9
12 69 -3
12 96 5
12 92 5
12 99 0
12 49 -5
12 43 10
12 23 -4
12 95 -9
12 54 -10
12 100 5
12 35 -2
12 26 -9
12 32 0
12 53 -4
12 85 9
12 78 -7
12 48 3
12 27 6
12 86 1
12 91 -6
12 34 1
12 57 -6
12 20 7
12 94 10
12 33 -4
12 25 5
12 88 8
12 63 10
12 50 -10
12 77 -4
12 79 5
12 30 -1
12 24 -9
12 22 5
12 67 -7
12 14 1
12 15 8
12 29 0
12 21 -7
12 65 10
12 38 -1
13 68 -9
13 79 6
13 14 5
13 77 -8
13 16 3
13 56 8
13 62 10
13 27 -9
13 40 -7
13 64 5
13 51 9
13 66 -8
13 98 -10
13 33 5
13 74 5
13 81 -4
13 69 5
13 15 -3
13 28 -10
13 31 -6
13 70 -2
13 42 -9
13 99 6
13 49 -2
13 92 -8
13 44 3
13 65 1
13 87 1
13 80 9
13 91 1
13 76 9
13 78 3
13 46 -5
13 53 -7
13 97 -10
13 47 4
13 67 3
13 61 -6
13 36 3
13 35 -1
13 41 -8
13 85 -5
13 39 -3
13 88 6
13 17 9
13 100 -8
13 54 -9
13 59 -2
13 84 -7
13 34 6
13 38 3
13 57 -4
13 63 0
13 22 -7
14 86 6
14 69 -8
14 39 4
14 66 -9
14 64 -9
14 99 8
14 32 -4
14 31 -2
14 78 0
14 100 6
14 42 -4
14 34 -10
14 92 -9
14 56 -7
14 38 0
14 24 -7
14 46 -10
14 97 -3
14 89 -10
14 25 8
14 16 -3
14 40 -6
14 21 4
14 81 7
14 85 6
14 58 -9
14 53 -8
14 67 4
14 15 -9
14 50 8
14 41 2
14 54 2
14 60 4
14 30 0
14 95 1
14 45 9
14 79 -7
14 91 8
14 80 -5
14 73 4
14 36 -4
14 96 -2
15 38 -3
15 63 -5
15 20 8
15 82 -4
15 91 -2
15 37 4
15 77 -7
15 64 2
15 80 -6
15 74 -10
15 73 9
15 71 -9
15 60 0
15 31 -2
15 35 -4
15 61 -3
15 21 -10
15 42 -4
15 34 0
15 99 8
15 97 2
15 85 -10
15 76 -9
15 27 7
15 90 -5
15 54 6
15 68 2
15 66 3
15 98 10
15 56 0
15 32 -5
15 39 4
15 26 2
15 52 3
15 30 0
15 47 1
15 65 6
15 69 -2
15 53 9
15 33 -1
16 59 -7
16 62 8
16 91 -2
16 90 1
16 35 9
16 53 2
16 70 7
16 37 0
16 45 8
16 78 -4
16 22 4
16 40 8
16 27 -4
16 56 3
16 87 -8
16 50 -1
16 25 -4
16 96 7
16 79 7
16 60 -5
16 39 8
16 86 -6
16 98 -6
16 43 -7
16 31 3
16 82 1
16 44 9
16 75 -4
16 17 -5
16 76 10
16 74 -10
16 34 8
16 21 -3
16 19 -9
16 52 7
16 100 -7
16 89 5
16 49 2
16 97 -3
17 91 4
17 36 10
17 55 6
17 92 -3
17 81 2
17 22 9
17 21 10
17 26 0
17 65 -9
17 38 -2
17 96 -2
17 48 -7
17 53 -6
17 41 -5
17 82 -1
17 50 -3
17 52 -7
17 77 -9
17 61 -1
17 90 -7
17 39 1
17 67 -4
17 40 2
17 18 2
17 68 2
17 80 9
17 100 7
17 25 -2
17 29 -2
17 95 4
17 73 -2
17 54 -6
17 43 1
17 58 -5
17 19 -6
17 64 -2
17 51 -7
17 20 -4
17 33 -3
18 59 4
18 30 7
18 29 -8
18 84 2
18 79 10
18 75 -6
18 96 5
18 21 7
18 27 -3
18 41 7
18 43 1
18 60 10
18 22 8
18 92 -4
18 25 -10
18 57 5
18 55 -3
18 98 -6
18 87 4
18 73 -8
18 31 9
18 36 7
18 85 -10
18 93 8
18 54 0
18 33 9
18 77 1
18 70 -1
18 63 -3
18 45 -9
18 62 -3
18 82 -4
18 28 1
18 99 1
18 50 3
18 44 8
18 53 -2
18 49 -1
18 65 2
19 82 5
19 42 -3
19 83 8
19 73 -8
19 79 -5
19 47 6
19 81 -8
19 54 -9
19 74 3
19 88 4
19 100 2
19 41 8
19 45 7
19 98 1
19 26 5
19 89 6
19 38 6
19 27 9
19 62 -1
19 80 -7
19 63 6
19 20 -1
19 22 5
19 92 -6
19 34 3
19 52 -2
19 30 0
19 28 -7
19 58 4
19 84 0
19 70 -5
19 49 -3
19 61 7
19 75 8
19 85 1
19 72 3
19 86 1
19 64 3
19 60 4
20 40 2
20 38 -10
20 78 -10
20 62 4
20 82 1
20 21 -4
20 56 8
20 22 -10
20 34 3
20 29 7
20 51 -1
20 36 -9
20 57 9
20 65 -6
20 76 7
20 68 8
20 80 -2
20 77 1
20 73 -3
20 53 -7
20 26 0
20 24 0
20 66 -6
20 39 -1
20 99 -4
20 69 2
20 30 9
20 71 8
20 93 9
20 49 8
20 60 -5
20 41 6
20 47 0
20 44 -2
20 95 -10
21 87 -8
21 51 9
21 72 -4
21 76 0
21 45 -3
21 79 5
21 86 -2
21 69 0
21 50 9
21 33 9
21 47 -2
21 49 4
21 75 0
21 62 4
21 70 -10
21 41 1
21 84 9
21 26 1
21 92 4
21 96 0
21 53 -8
21 89 -2
21 85 3
21 57 1
21 99 -9
21 27 8
21 52 -7
21 46 -5
21 73 10
21 82 9
21 44 -8
21 94 -10
21 25 -5
21 80 8
21 93 -6
21 77 4
21 78 8
21 39 -7
21 38 10
21 81 -8
21 66 7
21 54 -10
21 34 -9
21 32 -6
21 59 2
21 43 5
21 64 0
22 38 -5
22 35 0
22 53 4
22 26 -2
22 96 0
22 92 9
22 73 5
22 81 7
22 40 -10
22 61 -10
22 86 -2
22 29 9
22 74 8
22 99 -8
22 91 -2
22 56 2
22 100 4
22 69 -3
22 84 6
22 80 -3
22 60 -1
22 72 9
22 36 1
22 94 -3
22 42 9
22 93 9
22 45 -4
22 27 8
22 30 -4
22 97 2
22 52 4
22 71 -6
22 83 -6
22 63 -10
22 58 -10
22 51 2
22 68 2
22 95 3
22 33 -8
22 48 -10
23 84 -3
23 46 2
23 60 5
23 91 -3
23 57 -7
23 27 6
23 24 0
23 59 -6
23 31 -10
23 74 5
23 61 0
23 78 5
23 62 9
23 71 7
23 87 10
23 69 -1
23 47 10
23 88 1
23 75 9
23 52 -6
23 35 1
23 83 6
23 33 -7
23 45 10
23 76 2
23 85 6
23 72 9
23 39 -6
23 41 -6
23 43 -8
23 66 0
23 94 -5
23 49 -7
23 29 10
23 34 8
23 98 -2
24 28 1
24 71 3
24 78 5
24 42 -3
24 100 10
24 46 -5
24 95 2
24 40 -2
24 69 -2
24 68 10
24 89 6
24 41 -9
24 85 -1
24 45 3
24 44 -8
24 33 4
24 98 -10
24 93 -4
24 60 -8
24 38 -1
24 66 -4
24 97 7
24 83 2
24 34 -9
24 36 0
24 90 -10
24 56 3
24 30 4
24 55 10
24 72 -7
24 52 -2
24 47 -10
24 48 -4
24 91 5
24 86 1
24 82 -7
24 39 4
24 77 -1
24 31 -2
25 79 7
25 56 9
25 37 4
25 84 -6
25 60 4
25 74 -7
25 52 9
25 35 -9
25 38 -9
25 70 8
25 58 -1
25 32 0
25 82 3
25 43 -9
25 26 0
25 93 1
25 41 -9
25 27 -6
25 31 -3
25 71 7
25 98 10
25 45 8
25 30 2
25 55 9
25 34 7
25 97 10
25 46 2
25 54 8
25 78 -10
25 66 5
25 29 -10
25 76 -5
25 83 -5
25 89 -5
25 69 -7
25 57 8
26 56 1
26 48 -10
26 73 -2
26 30 8
26 70 0
26 43 1
26 81 -2
26 75 3
26 92 -10
26 49 -2
26 36 -10
26 50 2
26 76 4
26 42 -10
26 96 -6
26 55 -4
26 93 5
26 47 -3
26 71 -10
26 58 2
26 94 3
26 79 2
26 78 4
26 27 -3
26 74 6
26 86 -4
26 29 5
26 88 5
26 33 -4
26 85 -2
27 53 -4
27 43 -7
27 40 10
27 78 -7
27 100 5
27 68 -1
27 66 -8
27 57 -1
27 62 5
27 82 -10
27 38 10
27 92 -8
27 76 -2
27 54 -3
27 30 -4
27 75 -6
27 69 3
27 61 -1
27 45 -2
27 31 3
27 89 -1
27 55 -1
27 73 4
27 71 -9
27 59 -4
27 47 0
27 32 -8
27 99 -1
27 95 9
27 36 3
27 88 -6
27 28 -10
27 91 -8
27 74 -9
27 56 9
27 39 2
27 97 1
27 72 0
27 46 6
27 90 0
27 86 -3
27 42 3
28 38 -8
28 90 7
28 83 5
28 32 4
28 52 -7
28 30 0
28 88 5
28 36 5
28 48 4
28 31 8
28 49 9
28 98 -6
28 96 -10
28 62 -3
28 79 -3
28 74 -7
28 85 -1
28 64 1
28 35 -8
28 56 -2
28 86 3
28 59 6
28 65 9
28 51 -6
28 73 -5
28 69 -4
28 34 10
28 75 10
28 93 -1
28 50 -6
28 100 5
28 60 -7
28 78 3
28 71 8
28 41 7
28 99 -6
28 92 0
28 45 10
29 89 7
29 87 7
29 48 5
29 57 -6
29 99 -1
29 40 7
29 90 7
29 66 -9
29 45 -8
29 95 8
29 44 8
29 79 -8
29 68 0
29 32 -1
29 34 6
29 31 -1
29 94 8
29 60 -4
29 47 1
29 98 10
29 76 1
29 86 5
29 93 5
29 77 3
29 80 6
29 82 8
29 96 5
29 61 6
29 58 -5
29 50 -10
29 84 -10
29 39 -7
29 72 -10
29 73 2
29 85 -5
29 51 10
30 68 2
30 36 -7
30 82 -9
30 73 10
30 45 6
30 60 9
30 80 -4
30 85 8
30 31 -5
30 64 -1
30 77 6
30 88 -6
30 91 -9
30 93 9
30 43 -5
30 65 -5
30 74 -9
30 99 -10
30 33 -3
30 92 -6
30 54 -5
30 79 10
30 63 -4
30 66 -5
30 40 7
30 52 2
30 70 5
30 78 10
30 58 -1
30 34 -1
30 41 -8
30 96 -8
30 56 7
30 62 -10
30 83 1
30 48 -9
30 75 2
30 84 0
31 55 3
31 100 -9
31 57 -5
31 81 1
31 84 -4
31 98 -10
31 72 0
31 75 -1
31 40 -9
31 86 7
31 52 5
31 56 -4
31 41 5
31 36 3
31 80 -3
31 46 5
31 96 8
31 47 8
31 88 2
31 53 2
31 77 -10
31 89 9
31 60 5
31 87 -7
31 78 -3
31 79 0
31 61 2
31 67 -6
31 50 -3
31 62 6
31 51 -2
31 73 -2
31 99 5
31 63 -1
31 85 -4
31 93 7
31 39 1
31 95 0
32 53 -5
32 76 3
32 61 -8
32 74 7
32 93 2
32 68 2
32 36 -9
32 67 10
32 97 -6
32 90 -5
32 40 1
32 81 6
32 54 10
32 59 2
32 43 6
32 47 -1
32 50 3
32 71 -9
32 38 6
32 39 -7
32 86 -10
32 77 -10
32 91 7
32 80 0
32 96 4
32 94 -2
32 62 5
32 44 10
32 45 6
32 73 -6
32 46 3
32 42 -1
33 66 -7
33 35 4
33 80 6
33 63 -4
33 96 3
33 44 2
33 51 -4
33 50 -5
33 79 8
33 64 4
33 74 -2
33 90 -8
33 93 3
33 57 -2
33 65 -6
33 75 -10
33 39 6
33 83 6
33 59 -6
33 58 8
33 94 1
33 84 1
33 76 -10
33 62 9
33 70 2
33 34 -4
33 61 -8
33 88 -2
33 71 10
34 77 -1
34 96 3
34 99 2
34 89 -2
34 95 6
34 65 -6
34 67 0
34 87 4
34 35 6
34 39 3
34 72 2
34 88 -2
34 40 -4
34 58 -10
34 97 -2
34 54 0
34 76 10
34 94 -8
34 63 -9
34 74 -4
34 68 4
34 50 -8
34 43 -5
34 61 0
34 82 -8
34 55 -4
34 73 8
34 41 -8
34 81 5
34 71 6
34 36 8
34 93 6
34 51 -8
34 86 7
34 70 -7
34 62 4
35 42 0
35 78 -5
35 43 3
35 47 3
35 55 8
35 57 -2
35 93 5
35 60 -8
35 53 -9
35 66 8
35 79 3
35 61 7
35 48 3
35 68 -5
35 92 -4
35 95 4
35 54 -7
35 36 3
35 88 6
35 74 7
35 50 -4
35 56 -1
35 89 5
35 46 -10
35 84 9
35 59 8
35 51 -8
35 82 4
35 52 -2
35 76 -9
36 93 -8
36 65 10
36 72 8
36 37 -10
36 42 3
36 86 5
36 38 -4
36 55 5
36 50 0
36 99 1
36 59 3
36 64 -8
36 62 3
36 87 4
36 54 -10
36 44 8
36 75 -8
36 60 4
36 61 -2
36 77 2
36 58 -9
36 39 -8
36 49 -5
36 68 1
36 89 -2
36 95 -3
36 90 -5
36 78 -2
36 94 10
36 96 -3
36 48 9
36 74 -3
36 52 7
36 79 -7
36 47 2
37 68 -7
37 69 8
37 42 1
37 45 -4
37 58 -10
37 46 -8
37 73 -9
37 54 -2
37 66 -2
37 67 7
37 97 -8
37 62 4
37 53 5
37 49 -2
37 88 -5
37 95 -8
37 75 -3
37 96 6
37 43 10
37 90 -5
37 93 1
37 64 2
37 72 -7
37 70 -10
37 87 -1
37 74 6
37 76 -1
37 84 0
37 99 3
37 91 -5
37 38 -9
37 82 2
37 52 2
37 81 -1
38 54 -1
38 47 -3
38 72 1
38 56 -7
38 73 -8
38 48 7
38 95 9
38 65 -10
38 82 1
38 63 9
38 50 4
38 46 0
38 92 5
38 64 -8
38 43 -4
38 79 10
38 66 8
38 70 -3
38 81 10
38 52 -2
38 71 2
38 39 3
38 83 -7
38 60 -5
38 61 4
38 96 1
38 78 2
38 93 1
38 67 -2
38 51 6
38 75 -5
39 94 -8
39 50 7
39 66 5
39 87 7
39 70 8
39 95 1
39 55 -4
39 72 -1
39 93 9
39 77 1
39 52 1
39 99 10
39 65 -5
39 62 -2
39 43 9
39 68 6
39 97 7
39 67 4
39 80 -5
39 100 -8
39 92 0
39 74 -2
39 56 -6
39 47 1
39 91 -5
39 69 -1
39 78 -4
39 96 6
39 89 -4
39 75 1
39 76 -10
39 49 -3
39 48 -9
40 69 7
40 67 -8
40 91 3
40 77 -10
40 66 5
40 43 3
40 44 -8
40 41 5
40 64 7
40 57 -2
40 84 -5
40 56 4
40 60 -6
40 87 -2
40 70 9
40 82 -4
40 90 -10
40 42 -3
40 74 0
40 75 7
40 62 -4
40 81 9
40 80 6
40 53 0
40 55 -6
40 58 4
40 47 8
40 79 7
40 45 0
40 100 5
40 46 7
41 76 5
41 46 -3
41 54 9
41 74 1
41 50 -7
41 98 5
41 73 2
41 57 3
41 94 -4
41 75 7
41 90 -8
41 80 -6
41 96 -8
41 70 0
41 69 -1
41 59 3
41 51 6
41 67 -9
41 60 6
41 49 10
41 99 -1
41 84 5
41 66 7
41 79 -8
41 48 9
41 72 -6
41 52 -7
41 71 5
41 88 -5
41 45 -6
41 42 -6
41 78 -6
41 47 -2
41 65 1
41 62 -8
42 69 -2
42 58 -2
42 75 5
42 93 -6
42 98 3
42 43 6
42 76 -3
42 91 -8
42 48 -1
42 64 -6
42 51 -2
42 88 3
42 67 -9
42 49 9
42 100 9
42 66 2
42 87 -4
42 54 0
42 85 9
42 70 -8
42 46 6
42 77 -2
42 61 0
42 78 4
42 84 6
42 79 -5
42 90 -6
42 99 -9
42 59 -5
42 94 -8
42 52 1
42 63 10
43 73 -3
43 88 -1
43 52 8
43 54 -6
43 69 7
43 94 7
43 77 6
43 91 1
43 59 5
43 95 8
43 100 7
43 48 7
43 44 10
43 58 10
43 61 -1
43 64 8
43 62 0
43 96 2
43 79 0
43 75 2
43 60 -7
43 71 5
43 56 2
43 63 -5
43 93 6
43 55 -7
43 50 2
43 92 -1
43 85 -9
43 65 -3
44 88 -10
44 45 -1
44 69 5
44 67 10
44 85 -10
44 56 -4
44 73 10
44 99 -5
44 79 5
44 72 10
44 48 6
44 97 -10
44 50 6
44 74 -9
44 60 9
44 57 -7
44 46 -9
44 96 -4
44 52 2
44 100 7
45 85 -7
45 54 0
45 47 6
45 100 5
45 81 2
45 72 7
45 86 -2
45 69 -3
45 71 -10
45 90 8
45 48 -10
45 58 7
45 57 1
45 83 -1
45 77 6
45 76 -10
45 75 -3
45 92 7
45 87 2
45 91 -3
45 84 5
45 70 0
45 94 4
45 64 0
46 53 9
46 56 6
46 51 -3
46 91 9
46 55 0
46 93 3
46 63 -9
46 100 3
46 95 -4
46 76 10
46 90 7
46 78 -9
46 84 -8
46 65 -2
46 68 -8
46 47 9
46 57 2
46 80 -5
46 82 0
46 79 -6
46 77 -5
46 98 -10
46 81 9
46 54 -5
46 96 0
46 64 -8
46 89 2
46 85 -7
46 92 -7
47 76 9
47 87 -8
47 65 -4
47 86 3
47 82 2
47 94 6
47 89 -2
47 85 8
47 98 -7
47 99 8
47 64 -6
47 71 4
47 95 9
47 73 -3
47 61 -5
47 56 -1
47 93 -10
47 67 -8
47 63 3
47 51 2
47 49 7
47 72 4
47 68 9
48 57 -5
48 51 6
48 54 5
48 79 10
48 72 8
48 74 -6
48 69 10
48 58 -6
48 100 -9
48 68 -3
48 81 0
48 60 7
48 64 -4
48 77 -6
48 52 2
48 83 -4
48 53 -10
48 99 6
48 92 9
48 49 5
48 62 -5
48 65 6
48 88 4
48 95 7
48 67 -5
48 90 1
48 71 6
48 93 -3
48 61 5
48 96 -3
49 53 3
49 93 -7
49 79 -9
49 80 3
49 65 7
49 69 8
49 86 10
49 83 10
49 55 -5
49 82 3
49 92 9
49 61 4
49 70 -10
49 66 -9
49 58 2
49 78 -7
49 84 7
49 90 2
49 91 -8
49 77 -2
49 95 0
49 100 -5
49 62 0
49 85 -5
49 87 1
49 74 -10
49 52 8
49 59 0
49 97 0
49 67 8
50 89 5
50 55 9
50 59 -7
50 72 -5
50 54 -5
50 87 -4
50 80 -6
50 51 5
50 81 -1
50 95 -6
50 57 1
50 73 10
50 71 -10
50 70 5
50 75 -7
50 66 -1
50 97 -1
50 56 1
50 85 0
50 65 -3
50 61 8
51 55 0
51 68 10
51 96 3
51 89 7
51 84 -10
51 54 -4
51 78 5
51 65 9
51 59 4
51 99 7
51 100 0
51 71 6
51 83 -7
51 95 -1
51 52 -2
51 85 -4
51 93 4
51 63 -4
51 81 -6
51 74 -8
51 60 9
51 67 1
51 58 8
51 97 6
52 88 -2
52 64 -2
52 94 -8
52 71 1
52 97 3
52 95 8
52 67 -1
52 77 7
52 90 -5
52 100 -7
52 73 0
52 55 -4
52 82 -8
52 58 -4
52 85 3
52 81 0
52 93 -1
52 66 8
52 96 0
52 80 -9
52 74 9
52 63 -9
52 78 -3
52 57 5
52 89 -6
53 72 8
53 70 -2
53 55 5
53 66 -10
53 75 -5
53 80 -5
53 69 -8
53 63 -5
53 61 7
53 88 -6
53 67 8
53 59 9
53 94 -7
53 77 2
53 87 -4
53 86 -4
53 100 9
53 96 0
53 89 -1
53 92 8
53 83 2
53 91 0
53 68 -9
54 58 9
54 94 0
54 87 -4
54 66 -1
54 56 6
54 77 9
54 71 3
54 72 0
54 79 5
54 97 9
54 100 5
54 85 -5
54 95 0
54 57 2
54 82 -1
54 96 -2
54 65 1
54 81 4
54 83 -4
54 70 7
55 86 2
55 87 7
55 96 9
55 57 5
55 70 -2
55 66 7
55 61 9
55 97 2
55 89 6
55 73 -9
55 71 -7
55 98 -10
55 94 6
55 59 -4
55 100 9
55 85 0
55 63 -2
55 65 7
55 84 5
56 76 9
56 80 -8
56 85 10
56 61 -1
56 73 9
56 99 7
56 78 -5
56 59 -7
56 97 2
56 89 -1
56 57 10
56 66 -1
56 79 -1
56 90 -3
56 70 8
56 77 3
56 92 -1
56 58 -7
56 72 5
56 94 7
56 68 4
56 88 -3
56 96 1
56 84 -2
56 93 -1
57 83 7
57 86 -3
57 98 1
57 58 -10
57 97 -3
57 77 -1
57 84 -7
57 91 5
57 72 2
57 89 1
57 93 -10
57 96 1
57 74 -3
57 99 3
57 64 -1
57 76 2
57 63 -3
57 73 2
57 75 5
57 69 -6
57 100 4
57 82 -8
57 95 -8
57 67 -2
57 59 -8
57 68 0
58 74 5
58 85 2
58 77 6
58 70 -8
58 61 7
58 81 4
58 79 -2
58 73 -9
58 100 -7
58 97 -6
58 91 1
58 69 9
58 62 8
58 88 5
58 68 8
58 80 -3
58 98 5
58 90 -5
58 60 -2
58 87 6
58 63 -4
58 84 6
59 90 2
59 71 -1
59 77 7
59 76 1
59 62 -9
59 86 3
59 66 -6
59 94 -1
59 97 2
59 61 0
59 89 6
59 99 3
59 64 5
59 70 -3
59 93 5
59 63 5
59 85 -6
59 79 -6
59 73 7
59 82 -6
59 83 0
59 67 8
60 65 -5
60 78 -2
60 70 -7
60 63 -2
60 73 8
60 85 7
60 97 2
60 92 6
60 74 -5
60 71 -2
60 82 6
60 86 -7
60 98 -5
60 83 1
60 62 -9
60 80 -6
60 72 -7
60 100 -9
60 87 9
61 82 -8
61 90 -3
61 89 -10
61 69 -4
61 77 7
61 91 0
61 86 7
61 74 -2
61 87 -8
61 65 4
61 79 5
61 88 6
61 85 8
61 81 -5
61 62 6
62 81 6
62 65 -4
62 80 -6
62 100 -3
62 70 -7
62 78 3
62 76 3
62 92 -3
62 74 -7
62 89 -9
62 87 10
62 99 3
62 66 3
62 67 -7
62 84 -3
62 72 -7
62 77 -9
62 93 3
63 100 4
63 92 4
63 83 -10
63 80 1
63 91 3
63 79 9
63 84 6
63 65 3
63 97 -1
63 71 7
63 78 2
63 81 2
63 85 9
63 67 -3
63 82 -3
63 89 5
63 70 -5
64 82 3
64 90 9
64 84 4
64 98 -2
64 93 9
64 74 4
64 94 9
64 66 -3
64 86 8
64 68 7
64 73 -6
64 96 0
64 65 -1
64 70 9
64 91 -10
64 97 -3
64 79 2
64 72 7
64 69 -1
64 76 -5
65 78 -6
65 83 -5
65 92 0
65 94 -4
65 67 -1
65 66 -4
65 86 0
65 81 6
65 88 -8
65 100 1
65 79 -1
65 68 4
65 71 1
65 77 -8
65 85 -4
65 84 -3
65 87 10
65 99 -4
66 68 6
66 78 0
66 74 -4
66 77 -9
66 100 9
66 71 3
66 70 4
66 83 -9
66 85 5
66 93 -9
66 90 5
66 80 -1
66 89 -5
66 67 2
66 79 -7
66 97 3
66 81 -1
66 91 -8
67 93 3
67 82 -4
67 98 -10
67 89 7
67 83 -2
67 68 7
67 95 -4
67 85 -5
67 69 -2
67 73 -6
67 78 -7
67 72 -7
67 84 1
67 100 2
67 86 5
68 89 -8
68 79 8
68 77 -8
68 90 -9
68 99 -1
68 82 -6
68 74 -8
68 94 7
68 85 1
68 92 -4
68 96 0
68 91 -2
68 86 -6
68 97 -2
68 80 -6
69 100 -7
69 98 3
69 85 -1
69 82 -10
69 70 -1
69 74 -4
69 80 -2
69 81 -1
69 86 3
69 75 0
69 79 10
69 78 -1
69 96 -6
69 92 8
69 95 -7
69 83 -2
70 96 0
70 100 -10
70 79 -10
70 71 -10
70 85 0
70 77 9
70 94 -7
70 92 -8
70 98 7
70 72 -1
70 78 8
70 90 6
70 99 -1
70 88 -7
70 93 10
71 84 -5
71 91 -3
71 78 -5
71 100 -6
71 72 -1
71 83 -5
71 79 10
71 88 -1
71 85 -3
71 92 -10
71 81 -8
71 80 7
71 76 -8
71 99 -6
72 98 3
72 80 -1
72 75 -1
72 100 -2
72 74 -4
72 96 1
72 84 -3
72 86 -2
72 92 -3
72 91 8
72 93 -9
73 74 -10
73 99 -5
73 97 -10
73 84 5
73 86 -10
73 80 4
73 85 -7
73 75 0
73 92 -6
73 91 8
73 90 -2
74 79 -9
74 100 -3
74 82 2
74 75 6
74 87 0
74 91 -7
74 99 -10
74 81 -9
74 86 -7
74 93 7
74 76 -7
74 95 -9
74 84 2
74 78 -3
75 81 -2
75 88 0
75 92 -7
75 76 1
75 89 -4
75 83 -10
75 96 4
75 77 8
75 87 10
76 95 -9
76 78 -2
76 98 -5
76 77 1
76 100 -6
76 89 -7
76 97 -1
76 82 8
76 85 -6
76 80 5
76 87 2
76 99 -8
76 94 -9
76 83 -5
76 90 -8
77 81 0
77 88 -2
77 93 -4
77 78 3
77 85 6
77 90 -3
77 84 4
77 95 0
77 100 -3
77 99 -2
77 96 10
77 89 5
77 97 9
78 100 -5
78 83 10
78 85 4
78 81 10
78 88 9
78 89 0
78 95 -7
78 80 -1
78 84 0
78 82 -7
78 98 -4
79 87 -9
79 83 -9
79 98 -6
79 80 5
79 85 -1
79 100 10
79 90 8
79 82 4
79 89 -1
79 94 2
79 97 1
79 99 0
79 96 -5
79 91 -3
80 91 6
80 93 -8
80 92 9
80 99 10
80 87 7
80 86 3
80 84 3
80 95 10
80 100 5
80 94 10
80 96 6
80 89 2
81 100 10
81 89 8
81 85 5
81 99 3
81 93 2
81 83 5
81 86 -7
82 93 4
82 84 -10
82 90 7
82 98 8
82 97 -3
82 92 -6
82 91 8
82 89 -5
82 85 -1
82 96 1
82 86 -10
82 88 2
82 95 -6
82 94 7
83 85 9
83 100 1
83 93 -5
83 98 3
83 92 -5
83 87 -1
83 86 5
84 97 1
84 88 8
84 98 -3
84 92 5
84 96 5
84 100 -4
84 86 -1
84 93 6
84 91 -7
85 99 -7
85 98 4
85 87 -2
85 92 -6
85 96 -3
86 87 6
86 97 -5
86 95 2
86 99 -5
86 94 -9
87 97 6
87 96 6
87 91 -2
87 90 1
88 100 -10
88 89 10
88 99 -8
88 92 -7
88 98 10
88 94 -3
89 90 -5
89 92 3
89 93 -8
89 99 3
90 99 -2
90 91 9
90 94 -5
90 98 -2
90 93 9
91 97 2
91 96 1
91 98 1
91 94 6
92 95 9
92 98 -9
92 96 8
93 100 -3
93 95 1
93 96 7
94 100 -8
94 95 4
94 98 1
94 96 -8
94 97 3
94 99 0
95 99 -8
95 98 2
95 100 -6
96 97 6
96 100 6
96 98 8
98 99 -10
