100 2475 
1 11 0
1 100 8
1 44 -4
1 46 7
1 71 9
1 23 -1
1 66 6
1 45 -6
1 8 -6
1 78 -3
1 85 -5
1 51 9
1 59 -2
1 90 -10
1 57 0
1 81 3
1 74 7
1 28 2
1 41 -5
1 5 -10
1 24 -6
1 83 10
1 33 -7
1 14 4
1 15 8
1 70 -8
1 6 -8
1 19 6
1 37 8
1 64 -4
1 96 3
1 18 -5
1 73 -3
1 87 5
1 4 1
1 10 4
1 39 -5
1 2 1
1 69 5
1 56 2
1 48 10
1 86 9
1 42 6
1 47 -1
1 72 4
1 67 -9
1 31 9
1 65 -2
1 76 4
1 40 8
1 75 4
1 99 -6
1 92 3
1 3 9
1 63 6
1 27 5
1 22 0
1 55 10
1 32 -9
2 92 5
2 27 -10
2 57 -8
2 28 -1
2 62 5
2 7 9
2 60 1
2 49 -9
2 21 2
2 14 -5
2 83 10
2 97 -5
2 47 -8
2 68 -10
2 32 -2
2 46 -9
2 52 1
2 18 -2
2 90 6
2 76 -6
2 29 6
2 53 0
2 24 -1
2 66 6
2 10 -6
2 11 -1
2 64 6
2 31 6
2 6 0
2 95 -1
2 37 7
2 9 8
2 45 9
2 38 6
2 51 1
2 94 -2
2 65 5
2 81 4
2 12 8
2 78 -9
2 93 4
2 72 2
2 74 -2
2 100 2
2 15 -8
2 41 5
2 91 6
2 17 -10
2 40 6
2 56 8
2 71 -7
2 4 -7
2 89 -1
2 13 -3
2 50 6
2 19 9
2 22 4
2 48 -8
3 58 -2
3 76 5
3 30 -1
3 55 4
3 59 9
3 39 4
3 17 0
3 25 6
3 56 2
3 10 -4
3 48 8
3 64 0
3 49 2
3 36 -8
3 32 6
3 31 3
3 16 3
3 8 4
3 5 -7
3 70 5
3 97 -4
3 43 9
3 85 -3
3 18 -10
3 21 -7
3 4 -8
3 7 2
3 28 8
3 66 -7
3 61 -10
3 100 6
3 75 -6
3 63 4
3 52 9
3 22 -5
3 20 9
3 12 0
3 40 1
3 86 5
3 99 -7
3 91 2
3 96 -6
3 94 -3
3 41 7
3 72 0
4 20 -2
4 85 -6
4 49 7
4 34 9
4 71 -7
4 96 8
4 93 10
4 45 5
4 97 -10
4 73 -5
4 65 -2
4 82 -9
4 79 -6
4 42 4
4 61 2
4 98 -1
4 89 7
4 6 10
4 32 3
4 15 7
4 72 -2
4 59 2
4 41 4
4 66 -7
4 26 7
4 63 -9
4 8 -1
4 62 -3
4 40 -4
4 17 0
4 38 9
4 99 -6
4 53 6
4 60 8
4 18 -10
4 25 6
4 10 -5
4 80 -8
4 75 -3
4 52 -3
4 81 6
4 55 9
4 100 -9
4 68 0
4 47 2
4 27 -10
4 33 9
4 28 -9
4 30 10
5 36 4
5 97 -4
5 64 -3
5 95 10
5 59 -5
5 16 0
5 79 5
5 89 2
5 42 10
5 62 3
5 50 -3
5 41 -9
5 8 -2
5 82 -1
5 17 8
5 74 -6
5 92 -4
5 9 1
5 45 7
5 88 1
5 31 -9
5 25 -8
5 77 -4
5 23 -1
5 83 5
5 20 1
5 99 0
5 6 -7
5 66 -6
5 49 9
5 93 7
5 96 -8
5 22 10
5 19 -4
5 78 9
5 76 9
5 46 2
5 43 -4
5 61 -5
5 75 -7
5 37 -6
5 81 3
5 29 -2
5 13 -7
5 44 3
5 55 -3
5 90 1
6 100 1
6 37 -10
6 62 -2
6 99 9
6 17 -1
6 86 2
6 71 -5
6 28 -8
6 38 -9
6 61 2
6 49 -9
6 26 -2
6 15 2
6 40 -3
6 87 9
6 29 3
6 73 -7
6 31 9
6 70 6
6 94 3
6 59 -5
6 22 -3
6 35 -7
6 75 -10
6 51 5
6 39 -5
6 57 0
6 42 6
6 18 8
6 98 3
6 16 -9
6 84 -8
6 81 -7
6 44 10
6 48 -8
6 95 4
6 92 5
6 56 10
6 58 -7
6 46 6
6 78 9
6 85 7
6 76 2
6 66 -1
6 36 -5
6 54 -6
6 53 5
6 12 -6
6 30 2
6 11 -4
6 21 -1
7 73 8
7 88 -6
7 94 2
7 17 -3
7 77 -3
7 61 2
7 87 2
7 30 -2
7 72 0
7 49 0
7 15 10
7 70 4
7 83 -3
7 48 -9
7 79 2
7 34 -3
7 43 0
7 57 -1
7 82 -6
7 28 1
7 64 -3
7 93 4
7 62 10
7 21 10
7 13 0
7 11 -4
7 22 -4
7 40 10
7 53 10
7 51 5
7 84 4
7 32 -9
7 23 -10
7 63 -6
7 97 5
7 60 -2
7 16 7
7 75 8
7 47 0
7 12 10
7 45 6
7 36 -9
7 27 2
7 18 4
7 71 7
7 35 -3
7 58 9
8 72 4
8 70 6
8 27 -7
8 64 10
8 43 -7
8 56 6
8 12 3
8 90 7
8 53 5
8 92 10
8 98 -1
8 57 -1
8 13 5
8 75 -1
8 78 -6
8 49 5
8 87 5
8 55 10
8 22 -10
8 79 4
8 9 -6
8 60 -6
8 50 0
8 68 6
8 59 6
8 10 0
8 39 -9
8 11 8
8 67 10
8 52 -1
8 16 10
8 80 -4
8 58 -3
8 30 5
8 63 3
8 28 -7
8 62 8
8 41 -9
8 51 7
8 85 9
8 29 -3
8 33 -9
8 66 -5
9 69 3
9 18 -8
9 37 -1
9 89 7
9 79 -7
9 86 -10
9 57 4
9 21 -2
9 20 -6
9 75 0
9 83 -5
9 14 -8
9 50 4
9 76 -5
9 100 2
9 40 6
9 31 7
9 60 -6
9 53 4
9 51 10
9 84 -5
9 65 4
9 49 -7
9 54 2
9 13 8
9 81 7
9 56 1
9 15 4
9 92 7
9 41 8
9 23 -2
9 11 -4
9 34 0
9 17 -3
9 87 -8
9 74 9
9 26 -8
9 91 1
9 28 2
9 97 -4
9 32 -2
9 43 0
9 39 3
9 27 7
9 77 -9
9 44 -1
9 42 10
9 38 -6
9 72 -8
9 25 -1
10 49 -5
10 80 -10
10 51 0
10 23 1
10 69 7
10 99 3
10 81 -3
10 33 5
10 42 -9
10 21 4
10 94 -6
10 98 -1
10 27 5
10 14 7
10 84 2
10 65 10
10 44 -3
10 17 2
10 46 -2
10 13 -2
10 76 4
10 24 10
10 31 6
10 25 5
10 71 4
10 32 9
10 66 10
10 88 3
10 70 -1
10 92 -10
10 78 6
10 43 5
10 53 6
10 30 2
10 15 7
10 12 -5
10 74 4
10 68 0
10 39 -10
11 37 -4
11 20 6
11 63 -8
11 34 10
11 52 -4
11 41 -8
11 75 -6
11 56 8
11 51 -2
11 45 -7
11 38 -6
11 96 3
11 54 2
11 91 3
11 60 9
11 29 -3
11 77 -2
11 83 -7
11 57 8
11 69 8
11 43 0
11 48 5
11 92 -10
11 82 -7
11 67 -4
11 80 2
11 90 7
11 68 -10
11 21 4
11 53 6
11 46 -4
11 17 5
11 24 -5
11 28 4
11 22 8
11 42 7
11 93 0
11 62 4
11 100 -4
12 73 -8
12 49 10
12 88 10
12 68 3
12 27 4
12 93 -3
12 99 -10
12 56 -3
12 35 2
12 41 8
12 18 -6
12 45 -2
12 94 1
12 22 -7
12 97 -7
12 15 -4
12 34 -3
12 67 -8
12 87 -10
12 21 1
12 38 2
12 55 -4
12 75 -9
12 95 -6
12 74 6
12 53 6
12 43 -9
12 64 7
12 83 7
12 33 -9
12 66 -2
12 76 5
12 69 2
12 59 -2
12 39 10
12 31 6
12 19 4
12 79 3
13 100 -10
13 38 10
13 23 2
13 66 -3
13 58 -4
13 44 8
13 78 -5
13 21 3
13 96 -7
13 56 6
13 39 5
13 77 0
13 71 -5
13 76 9
13 18 8
13 37 2
13 70 1
13 29 5
13 50 7
13 79 6
13 88 -10
13 75 -6
13 69 7
13 67 -8
13 84 -8
13 99 -4
13 85 5
13 89 -3
13 53 3
13 15 -7
13 35 -1
13 61 -7
13 34 -7
13 17 -9
13 64 3
13 62 -6
13 31 3
13 91 -10
13 95 3
13 14 -8
13 60 9
13 93 -1
13 46 -6
13 63 0
14 89 6
14 55 10
14 66 1
14 92 -9
14 97 4
14 54 1
14 65 2
14 64 4
14 32 -2
14 46 9
14 95 9
14 26 3
14 70 -3
14 29 -5
14 81 8
14 28 -1
14 15 0
14 69 1
14 100 0
14 82 10
14 60 -4
14 76 -1
14 78 2
14 27 2
14 61 -7
14 75 8
14 38 1
14 73 -1
14 72 -9
14 30 -7
14 47 7
14 36 -4
14 68 0
14 94 6
14 91 7
14 35 0
14 98 5
14 93 -1
14 24 0
14 53 10
14 86 0
14 63 7
14 31 -7
14 74 -4
14 34 0
15 97 -2
15 39 9
15 29 6
15 85 6
15 46 -10
15 57 -8
15 19 -9
15 81 3
15 94 -6
15 23 -2
15 93 10
15 70 3
15 99 -8
15 17 1
15 87 -7
15 33 4
15 66 -3
15 48 -7
15 16 8
15 25 4
15 49 -7
15 83 9
15 78 -7
15 64 -2
15 28 -7
15 34 8
15 59 9
15 43 1
15 30 10
15 53 -10
15 54 10
15 96 9
15 18 -8
15 38 -6
15 88 7
15 67 -1
15 62 1
15 89 1
15 72 3
15 52 10
15 42 -3
15 44 3
15 68 1
15 79 -5
15 69 6
15 75 7
15 61 -6
15 26 8
16 73 7
16 48 4
16 59 4
16 65 -10
16 32 3
16 44 10
16 27 -3
16 19 1
16 100 2
16 82 -2
16 34 -3
16 42 1
16 87 9
16 68 -9
16 46 -8
16 39 7
16 49 4
16 72 10
16 30 8
16 70 6
16 78 -9
16 92 -9
16 51 7
16 55 -4
16 56 0
16 69 8
16 43 1
16 88 9
16 40 -5
16 62 3
16 79 8
16 50 2
16 41 -9
16 24 9
16 89 4
16 45 -5
17 44 -4
17 59 -10
17 70 1
17 41 -2
17 63 5
17 52 -10
17 89 6
17 28 -1
17 82 2
17 75 -8
17 38 8
17 72 -9
17 18 4
17 20 -10
17 27 -5
17 79 -3
17 83 4
17 54 3
17 90 3
17 86 4
17 51 7
17 62 -10
17 57 8
17 73 7
17 26 7
17 88 10
17 95 -2
17 80 7
17 61 2
17 91 9
17 87 4
17 94 -10
17 22 -7
17 21 0
17 24 -4
17 66 3
17 77 -6
17 55 1
17 45 -5
17 92 -1
17 19 -9
17 25 6
17 34 9
17 85 6
17 49 7
17 65 -9
17 23 3
18 32 3
18 97 7
18 81 1
18 23 -2
18 21 -8
18 47 1
18 44 5
18 61 4
18 25 -10
18 98 9
18 88 3
18 99 3
18 22 -9
18 29 8
18 90 -3
18 59 1
18 31 3
18 55 -8
18 57 -9
18 76 -2
18 72 5
18 69 -7
18 92 0
18 24 -4
18 82 3
18 20 9
18 77 -3
18 41 -6
18 46 10
18 89 0
18 87 -9
18 19 4
18 64 -4
18 33 -6
18 68 9
18 34 6
18 49 4
18 26 -5
18 35 1
18 27 0
18 63 7
19 94 -2
19 29 -5
19 73 7
19 65 10
19 70 -7
19 81 3
19 22 10
19 75 1
19 99 9
19 67 -7
19 76 -5
19 88 -6
19 28 7
19 42 6
19 61 -9
19 84 4
19 68 -8
19 62 10
19 41 10
19 64 -8
19 40 -4
19 89 3
19 55 1
19 46 -3
19 95 -8
19 56 -9
19 53 9
19 27 -3
19 82 0
19 36 3
19 79 2
19 85 3
19 47 8
19 83 6
19 51 3
19 39 3
19 86 -3
19 74 8
19 49 4
19 92 -7
19 48 1
20 70 -1
20 90 -5
20 30 -1
20 80 -1
20 45 -9
20 54 2
20 76 4
20 98 3
20 25 4
20 93 -5
20 94 1
20 60 8
20 42 8
20 97 -9
20 75 -9
20 39 9
20 79 -9
20 46 10
20 85 9
20 31 0
20 44 -6
20 38 -4
20 86 -4
20 83 -8
20 92 2
20 61 3
20 64 -6
20 78 8
20 68 9
20 72 1
20 21 5
20 63 6
20 91 9
20 50 0
20 74 5
20 52 3
20 37 5
20 77 8
20 55 -1
20 24 -3
20 34 8
21 83 -8
21 63 -5
21 33 -5
21 42 8
21 67 -5
21 49 5
21 30 -9
21 58 4
21 43 2
21 100 5
21 59 -10
21 44 -5
21 68 -5
21 22 -2
21 47 -4
21 84 -7
21 57 5
21 70 4
21 90 -8
21 53 9
21 92 2
21 27 4
21 26 5
21 79 -7
21 34 -3
21 97 -3
21 39 1
21 72 -7
21 78 1
21 88 0
21 89 8
21 48 2
21 73 0
21 62 -8
21 74 -2
21 40 -10
21 80 2
21 50 -8
21 24 8
22 81 10
22 77 10
22 56 10
22 85 10
22 53 2
22 34 -1
22 99 -7
22 38 0
22 100 10
22 43 7
22 71 -1
22 31 -3
22 68 -10
22 63 1
22 30 1
22 28 -6
22 69 0
22 95 1
22 46 0
22 57 7
22 54 -4
22 90 7
22 58 -8
22 33 7
22 39 4
22 55 -5
22 25 9
22 97 10
22 84 10
22 70 -2
22 41 5
22 89 1
22 32 1
22 87 9
22 96 -6
22 51 0
22 76 10
23 59 -10
23 62 9
23 56 4
23 96 3
23 55 5
23 42 -6
23 66 4
23 85 10
23 77 0
23 52 0
23 76 -10
23 51 -3
23 94 -5
23 80 5
23 57 -7
23 31 -5
23 73 10
23 40 3
23 93 6
23 41 9
23 35 1
23 27 9
23 70 -8
23 63 -7
23 34 -4
23 49 9
23 69 -2
23 33 10
23 26 -4
23 39 -1
23 98 0
23 67 2
23 78 -10
23 38 0
23 44 4
24 58 -5
24 82 10
24 87 6
24 80 8
24 32 -3
24 61 -5
24 78 -5
24 27 -4
24 96 -7
24 62 1
24 49 -9
24 34 0
24 42 -4
24 38 8
24 83 2
24 44 2
24 51 10
24 86 -5
24 90 -10
24 70 1
24 35 10
24 56 1
24 64 5
24 52 9
24 98 -4
24 89 6
24 31 2
24 76 -9
24 66 -8
24 50 -1
24 72 -4
24 71 -6
24 39 2
24 37 3
25 30 -3
25 88 -2
25 80 -6
25 29 -4
25 97 7
25 91 -10
25 76 3
25 92 -8
25 66 10
25 37 7
25 45 -9
25 81 -6
25 57 5
25 40 1
25 52 8
25 68 1
25 75 -8
25 41 9
25 64 0
25 55 -7
25 49 5
25 50 -7
25 65 6
25 34 -8
25 48 9
25 72 8
25 61 6
25 27 -3
25 60 -9
25 84 9
25 85 9
25 53 9
25 82 -5
25 78 -1
25 59 -3
25 86 7
25 100 6
25 73 1
25 58 -1
25 90 9
25 54 -2
26 68 6
26 87 3
26 37 -1
26 90 10
26 57 -8
26 66 -6
26 54 -7
26 50 10
26 55 -7
26 92 -10
26 53 -8
26 84 -4
26 74 2
26 58 -8
26 62 0
26 85 3
26 36 6
26 40 -5
26 91 10
26 38 2
26 81 -3
26 43 -1
26 41 -8
26 65 2
26 64 -10
26 45 -8
26 97 8
26 42 3
26 94 3
26 96 2
26 44 1
26 35 -6
26 29 10
26 72 -1
26 31 -4
27 89 9
27 45 -10
27 69 1
27 56 8
27 32 8
27 46 -1
27 76 -9
27 62 8
27 42 -1
27 43 -2
27 59 4
27 83 8
27 52 -3
27 60 -9
27 57 -8
27 36 8
27 39 9
27 65 -3
27 78 -9
27 38 4
27 33 7
27 98 1
27 88 5
27 34 1
27 95 -5
27 41 2
27 51 5
27 48 0
27 68 3
27 55 1
27 28 7
27 86 -6
27 87 6
27 75 5
27 84 2
27 58 9
27 40 -3
27 92 -4
27 96 -2
28 75 7
28 79 -9
28 82 -3
28 67 6
28 48 -10
28 52 -4
28 46 -9
28 73 2
28 33 -9
28 35 5
28 69 3
28 49 -1
28 92 0
28 97 1
28 59 2
28 63 -2
28 53 -6
28 65 9
28 40 0
28 43 -10
28 93 7
28 62 -1
28 36 -9
28 51 4
28 37 8
28 47 -4
28 32 -6
28 71 -3
28 98 2
28 58 7
28 60 -7
28 80 -4
29 94 4
29 48 9
29 88 10
29 55 -8
29 100 7
29 85 -1
29 74 10
29 45 9
29 77 5
29 63 -5
29 33 -2
29 42 3
29 92 2
29 79 -1
29 98 -2
29 82 -8
29 80 1
29 83 10
29 86 -9
29 65 5
29 51 -1
29 30 -9
29 38 9
29 99 5
29 60 -2
29 36 5
29 58 -3
29 57 8
29 90 6
29 34 -4
29 66 -8
30 35 -1
30 47 -9
30 81 -1
30 44 -3
30 33 10
30 49 -7
30 32 -6
30 58 -1
30 87 -8
30 48 -3
30 97 6
30 62 1
30 80 -6
30 52 -10
30 92 -3
30 64 2
30 39 -6
30 66 4
30 75 5
30 88 1
30 36 -5
30 55 1
30 78 8
30 34 2
30 95 5
30 31 4
30 37 -6
30 38 -8
30 56 1
30 67 0
30 82 -2
30 72 10
30 45 -8
30 77 4
30 70 -2
31 65 1
31 85 5
31 36 3
31 40 0
31 68 -9
31 38 -1
31 82 0
31 62 -5
31 91 -8
31 43 8
31 71 -8
31 57 -1
31 37 -9
31 66 4
31 72 -7
31 96 3
31 75 -9
31 83 -4
31 49 -3
31 90 -5
31 46 -8
31 47 -8
31 54 2
31 53 -8
31 35 -6
31 44 8
31 84 9
31 41 9
31 74 -9
31 78 -6
31 76 0
31 60 9
31 73 5
31 86 2
31 34 10
31 58 0
32 85 4
32 96 7
32 91 4
32 61 7
32 45 7
32 42 2
32 48 10
32 89 10
32 59 -3
32 33 -9
32 34 10
32 97 -3
32 83 8
32 98 -4
32 82 -2
32 78 3
32 41 -7
32 71 1
32 69 4
32 73 9
32 54 7
32 55 10
32 81 -6
32 68 -9
32 63 9
32 39 -2
32 94 6
32 95 -8
32 76 9
32 92 5
32 70 -10
32 57 5
32 67 -3
32 37 5
32 65 9
32 62 -8
32 75 9
32 90 7
32 38 -3
33 56 -1
33 66 -6
33 81 -5
33 44 5
33 83 3
33 80 9
33 52 4
33 73 -2
33 65 -8
33 63 1
33 68 -6
33 34 0
33 36 -10
33 87 -9
33 91 0
33 78 1
33 67 -3
33 85 -3
33 49 -1
33 88 5
33 55 -9
33 69 0
33 58 1
33 38 9
33 45 6
33 70 9
33 71 -1
33 98 -2
33 82 2
33 47 10
33 100 -5
34 94 1
34 97 -9
34 95 7
34 68 -3
34 55 8
34 77 -9
34 91 -6
34 80 9
34 64 9
34 37 9
34 60 10
34 70 -8
34 50 9
34 42 5
34 65 -3
34 92 -1
34 99 -4
34 56 -2
34 53 10
34 85 -4
34 51 10
34 87 -7
34 79 -6
34 46 -9
34 48 -10
34 71 -10
34 93 5
34 43 -1
34 88 -9
34 100 6
34 36 8
34 75 -4
34 63 -7
35 85 -8
35 94 1
35 42 4
35 88 -4
35 61 -6
35 60 -2
35 51 2
35 44 1
35 67 -9
35 71 6
35 79 5
35 84 -7
35 64 6
35 80 3
35 62 -4
35 97 -1
35 50 -4
35 47 1
35 66 -2
35 41 4
35 55 -5
35 36 9
35 73 -6
35 83 10
35 70 -3
35 82 -1
35 38 -1
35 99 -3
35 100 -4
35 93 9
35 90 5
36 85 3
36 88 4
36 53 -2
36 46 4
36 38 5
36 84 10
36 97 6
36 79 4
36 92 -4
36 75 -4
36 74 0
36 67 1
36 42 5
36 72 -10
36 55 -9
36 66 10
36 94 4
36 77 0
36 39 -10
36 95 1
36 76 5
36 65 9
36 96 -8
36 43 -4
36 98 -2
36 57 -4
36 99 7
36 68 -3
36 54 -8
36 87 0
36 60 4
36 40 3
36 56 -6
36 44 4
36 80 9
36 41 1
36 58 -1
36 48 -4
37 72 -8
37 40 -7
37 63 -3
37 52 -3
37 54 1
37 39 1
37 88 -9
37 46 10
37 66 -6
37 73 10
37 47 5
37 70 1
37 60 7
37 51 4
37 41 -6
37 85 -9
37 90 7
37 58 2
37 65 7
37 77 -10
37 67 4
37 44 9
37 96 -2
37 81 7
37 82 2
37 55 8
37 43 -10
37 49 -5
37 64 5
37 75 -5
37 61 2
37 69 5
37 79 -8
37 95 3
37 76 3
37 89 9
38 62 5
38 45 4
38 73 -8
38 74 8
38 76 9
38 39 -9
38 90 8
38 65 -2
38 56 -10
38 67 7
38 92 4
38 44 -9
38 94 -8
38 49 1
38 43 -2
38 48 -3
38 75 7
38 72 2
38 55 1
38 52 -1
38 83 8
38 59 -9
38 82 8
38 68 -8
38 86 9
38 63 -7
38 97 9
38 78 -5
38 60 -2
38 66 7
39 60 9
39 80 6
39 63 2
39 61 -4
39 51 -3
39 66 4
39 59 -7
39 55 0
39 62 -1
39 98 -1
39 58 -4
39 92 6
39 77 2
39 43 -9
39 99 -7
39 86 3
39 68 2
39 93 7
39 48 10
39 49 8
39 56 8
39 89 -8
39 45 2
39 71 -10
39 73 3
40 59 -9
40 49 -8
40 87 9
40 79 5
40 72 -7
40 99 -1
40 70 -1
40 58 4
40 68 -3
40 41 5
40 51 3
40 100 -3
40 75 3
40 98 5
40 97 0
40 74 4
40 54 9
40 56 -4
40 46 7
40 81 8
40 53 -8
40 55 -7
40 84 5
40 65 -2
40 76 4
40 44 2
40 67 -6
41 47 -5
41 75 6
41 93 10
41 77 8
41 90 -1
41 48 -4
41 50 7
41 87 8
41 74 7
41 64 1
41 94 10
41 52 1
41 91 4
41 59 8
41 86 0
41 72 9
41 80 2
41 57 9
41 56 2
41 85 -3
41 45 -6
41 73 -1
41 97 3
41 42 10
42 47 -7
42 44 10
42 67 8
42 64 -9
42 78 -3
42 45 -2
42 57 2
42 81 2
42 99 10
42 93 5
42 70 1
42 76 9
42 94 6
42 62 -1
42 84 -4
42 54 4
42 100 0
42 61 -3
42 53 -7
42 98 -3
42 88 5
42 69 3
42 83 -5
42 52 9
42 49 10
43 59 3
43 60 -7
43 53 2
43 88 5
43 79 7
43 72 -1
43 49 -7
43 96 -4
43 70 -10
43 73 -4
43 65 -2
43 91 -6
43 86 7
43 50 -4
43 80 -4
43 89 6
43 66 -4
43 64 -7
43 55 -6
43 92 -5
43 76 10
43 56 10
44 68 1
44 92 3
44 88 10
44 48 6
44 59 -3
44 51 -2
44 57 -6
44 93 3
44 52 -8
44 72 9
44 79 -9
44 71 4
44 83 -7
44 87 -8
44 95 -8
44 46 2
44 85 3
44 64 6
44 70 4
44 58 0
45 95 0
45 70 5
45 49 1
45 72 10
45 99 -9
45 88 -2
45 60 3
45 65 4
45 66 8
45 80 -7
45 63 -1
45 52 -1
45 59 -7
45 89 -7
45 77 9
45 54 0
45 86 -4
45 55 -4
45 71 0
45 67 -8
45 78 -1
45 74 -8
45 87 6
45 91 -3
45 93 -6
45 100 4
45 50 7
45 75 -6
45 98 9
46 90 9
46 65 -9
46 54 9
46 92 -3
46 60 5
46 49 -4
46 77 -5
46 68 1
46 78 0
46 88 -4
46 72 3
46 75 -6
46 59 5
46 53 3
46 52 2
46 79 5
46 50 9
46 99 1
46 69 -7
46 100 -8
46 74 -7
46 97 2
46 51 -8
46 98 8
46 61 0
47 53 -8
47 90 -4
47 61 -10
47 48 -3
47 56 6
47 75 -2
47 92 -8
47 49 2
47 77 0
47 81 5
47 55 -4
47 97 0
47 100 -10
47 60 3
47 82 -6
47 79 -5
47 67 -7
47 50 -10
47 62 -8
47 96 10
47 68 -8
47 94 1
47 93 -5
47 65 8
47 76 -6
47 71 2
47 85 8
47 51 8
47 89 -10
47 54 -7
48 62 -4
48 68 -4
48 98 7
48 57 -10
48 65 -4
48 80 5
48 72 6
48 99 -3
48 58 10
48 54 5
48 53 -5
48 51 3
48 76 1
48 50 10
48 96 0
48 93 -10
48 70 10
48 60 -10
48 91 -5
48 64 5
48 94 9
48 49 10
48 84 -4
48 69 6
48 55 5
48 66 8
48 97 -6
48 67 -3
48 87 1
48 92 2
48 85 0
48 56 -4
49 56 1
49 57 2
49 76 -2
49 89 2
49 98 -4
49 66 6
49 72 -8
49 96 7
49 62 10
49 61 3
49 100 9
49 82 -2
49 92 -3
49 86 3
49 70 7
49 63 3
49 75 -5
49 64 -5
49 87 7
49 74 -1
50 78 -9
50 89 3
50 77 3
50 88 -1
50 70 3
50 68 -4
50 56 1
50 85 3
50 84 -7
50 80 -1
50 58 -3
50 67 5
50 93 10
50 53 8
50 55 -3
50 73 -9
50 99 8
50 98 5
50 61 -7
50 79 3
50 95 5
50 100 10
50 90 6
50 92 -1
50 59 7
51 54 -2
51 91 3
51 60 8
51 58 4
51 74 3
51 65 2
51 97 4
51 73 4
51 89 -1
51 80 -10
51 83 -3
51 98 8
51 70 0
51 88 -2
51 62 2
51 99 -8
51 78 8
51 94 8
51 93 -3
51 75 -2
51 52 -2
51 66 10
52 53 0
52 75 -7
52 80 9
52 71 0
52 54 -7
52 82 -1
52 64 10
52 76 5
52 95 6
52 93 9
52 87 3
52 69 5
52 86 -6
52 84 2
52 89 -2
52 65 -10
52 63 -8
52 56 1
52 98 4
52 68 9
52 100 -2
52 79 9
52 99 2
52 58 3
52 66 -8
52 73 -6
53 99 -10
53 91 -5
53 70 -6
53 59 9
53 57 10
53 55 7
53 54 -2
53 95 5
53 58 -10
53 83 5
53 69 1
53 78 7
53 84 -7
53 67 3
53 64 -9
53 72 9
53 97 4
53 66 7
53 87 2
53 85 10
53 96 6
53 77 -1
53 92 6
54 66 1
54 85 -5
54 59 0
54 95 1
54 62 -7
54 97 9
54 73 5
54 99 1
54 55 6
54 90 1
54 92 2
54 82 -6
54 77 -2
54 65 3
54 83 9
54 100 -9
54 56 -8
54 68 -7
54 70 -8
54 69 5
54 72 -9
54 81 -7
54 61 10
54 79 -3
54 80 5
54 94 -2
54 84 -4
54 98 -3
54 87 7
55 87 -4
55 80 10
55 89 -5
55 85 4
55 72 -9
55 73 2
55 100 -3
55 61 2
55 95 -6
55 82 10
55 74 10
55 58 1
55 60 4
55 65 -8
55 91 8
55 77 -1
56 87 8
56 63 -5
56 59 -4
56 97 10
56 93 3
56 78 -8
56 74 2
56 67 6
56 73 -3
56 99 -5
56 77 10
56 84 -3
56 86 -6
56 88 3
56 71 2
56 68 -2
56 85 3
56 58 -1
56 75 8
56 70 -4
56 65 -4
56 69 5
56 79 9
56 66 -8
56 60 -7
57 71 -4
57 99 -10
57 75 -9
57 97 -8
57 96 -3
57 91 -7
57 100 -6
57 93 8
57 66 -7
57 60 9
57 89 6
57 69 9
57 77 7
57 82 -6
57 94 9
57 98 -9
57 84 -8
57 95 5
57 90 -5
57 85 -4
58 87 2
58 96 2
58 84 1
58 79 6
58 66 6
58 72 -8
58 63 -8
58 78 -10
58 71 0
58 92 9
58 85 -9
58 91 -6
58 68 -6
58 76 9
58 62 3
58 75 -2
58 93 3
58 94 3
58 97 0
58 80 -10
58 89 -5
58 73 -9
58 95 9
58 61 -4
59 100 8
59 71 -8
59 96 6
59 89 -6
59 72 -6
59 77 -7
59 94 4
59 84 7
59 68 -1
59 62 -4
59 85 2
59 61 -8
59 60 -6
59 70 -5
59 97 7
59 99 4
59 79 -3
59 63 -4
59 74 10
59 92 10
59 83 -9
59 91 -3
60 84 8
60 69 -5
60 98 4
60 95 -4
60 85 -6
60 63 6
60 76 -1
60 81 -5
60 79 5
60 70 9
60 91 0
60 93 7
60 100 4
60 61 -4
60 83 7
60 77 7
60 99 -2
60 74 4
60 72 9
60 65 -10
61 68 9
61 72 -4
61 96 8
61 65 1
61 85 -7
61 88 2
61 84 1
61 97 3
61 63 8
61 70 -1
61 80 -4
61 76 -10
61 95 2
61 64 4
62 74 -6
62 89 7
62 95 -6
62 88 2
62 76 -7
62 86 -4
62 94 -10
62 100 10
62 65 -6
62 67 -1
62 81 -9
62 70 1
62 71 -8
62 87 -5
62 77 1
62 84 5
62 98 8
62 99 -9
62 93 10
62 91 -1
62 92 3
62 78 -2
63 75 9
63 67 -1
63 92 3
63 100 -6
63 76 -2
63 85 0
63 78 -8
63 89 -2
63 95 9
63 81 2
63 74 -6
63 77 -5
63 98 -7
63 94 6
63 99 -5
63 80 2
63 90 -5
63 86 3
63 69 -1
63 73 9
63 83 -8
64 73 5
64 100 5
64 85 0
64 83 -3
64 68 -3
64 70 6
64 69 -10
64 75 -2
64 99 -9
64 89 -5
64 84 -1
64 67 -10
64 72 9
64 86 3
64 88 1
64 92 -5
64 91 9
64 82 1
64 93 4
65 89 6
65 88 -1
65 80 -3
65 71 4
65 99 7
65 82 -7
65 70 2
65 93 -5
65 98 -4
65 97 8
65 85 -6
65 84 -2
65 67 7
65 72 -7
65 86 -1
65 68 -2
66 68 10
66 97 7
66 75 -7
66 94 -1
66 69 -9
66 82 -5
66 73 8
66 89 -3
66 72 -6
66 91 6
66 67 -8
66 79 -2
66 78 5
66 84 10
66 100 4
66 80 -2
66 74 1
66 92 -8
67 91 10
67 85 2
67 84 5
67 69 2
67 99 -9
67 80 3
67 77 0
67 82 7
67 87 -7
67 97 -9
67 88 -1
67 98 8
67 72 1
67 68 4
67 79 -2
67 92 1
67 73 -7
67 76 6
67 93 -6
68 75 7
68 85 -9
68 96 -7
68 71 -9
68 80 -9
68 70 -6
68 91 -10
68 88 3
68 92 2
68 72 3
68 77 -6
68 76 -10
68 69 9
68 86 1
69 88 -5
69 90 -7
69 80 3
69 84 10
69 76 -3
69 72 -6
69 92 -4
69 75 -8
69 93 4
69 97 7
69 81 5
69 86 5
69 85 5
69 94 -2
70 81 -2
70 98 2
70 80 7
70 79 1
70 77 -8
70 71 3
70 84 -8
70 89 8
70 73 -4
70 90 8
70 97 2
70 100 -10
70 88 7
70 83 -1
70 86 5
70 72 5
70 74 8
71 92 -3
71 82 -2
71 94 1
71 90 -5
71 72 5
71 93 2
71 85 -2
71 91 7
71 76 7
71 81 -2
71 84 0
71 88 7
71 97 9
72 99 6
72 83 -2
72 75 6
72 85 -2
72 84 9
72 82 -1
72 76 -7
72 89 -9
72 100 -6
72 98 5
72 79 6
72 78 -6
72 86 3
72 77 -1
73 98 5
73 88 3
73 77 0
73 89 -9
73 90 -10
73 80 -1
73 97 9
73 99 -1
73 84 -3
73 92 -3
73 75 -4
73 79 4
73 91 -1
73 74 5
74 86 5
74 79 -7
74 80 2
74 89 -7
74 83 7
74 87 -6
74 94 8
74 84 -9
74 95 1
74 77 -4
74 76 -3
74 98 5
74 75 7
74 91 -3
74 92 -6
74 82 -3
74 93 9
75 95 -4
75 98 0
75 86 -2
75 84 -6
75 100 5
75 89 -7
75 88 -9
75 87 5
75 90 -1
75 77 2
75 99 3
75 79 3
75 81 -9
75 85 -9
75 78 2
76 90 -8
76 82 0
76 95 6
76 81 6
76 98 -6
76 78 -6
76 86 -9
76 79 1
76 92 -2
76 91 1
76 77 -8
77 81 -4
77 87 -2
77 88 -10
77 98 5
77 85 -3
77 97 6
77 83 0
77 94 -3
77 84 -7
77 100 8
77 86 5
77 92 -3
77 93 -3
77 78 -1
77 80 6
78 79 -2
78 89 1
78 83 1
78 88 2
78 98 -5
78 95 -8
78 97 -7
78 86 -4
78 91 1
78 94 -6
78 92 4
78 90 -10
78 84 5
78 93 2
79 100 4
79 81 10
79 82 -10
79 90 -7
79 87 7
79 99 7
79 83 -10
79 80 -6
79 93 7
79 96 -9
79 94 -5
80 85 4
80 100 1
80 83 6
80 91 -9
80 81 -8
80 98 -4
80 84 9
80 86 8
80 88 7
80 93 4
80 89 0
81 100 1
81 91 3
81 94 9
81 82 -5
81 83 -4
81 86 -10
81 93 10
81 92 1
81 85 -7
81 99 3
81 97 3
81 88 3
82 100 0
82 94 10
82 97 3
82 99 -2
82 83 3
82 98 -8
82 93 -6
82 86 8
82 87 -10
82 84 0
82 91 3
83 100 4
83 84 -8
83 96 6
83 87 3
83 92 8
83 93 -10
83 91 0
83 89 -9
83 88 -6
84 95 -4
84 97 -5
84 99 8
84 92 7
84 87 6
84 100 9
84 88 -8
84 89 1
84 86 9
84 93 9
84 94 10
85 88 5
85 98 4
85 92 2
85 90 -2
85 97 3
85 86 9
86 88 -7
86 96 -2
86 98 3
86 90 8
86 91 7
86 97 8
86 100 3
87 90 -5
87 99 -4
87 97 -3
87 89 -8
88 96 -6
88 92 -2
88 98 8
88 93 0
88 90 -4
89 93 -10
89 92 -8
89 95 3
89 96 -10
89 98 -9
89 99 -2
90 93 1
90 96 -4
90 99 -5
90 97 3
90 100 -3
90 91 10
91 96 8
91 99 3
91 92 -10
91 97 0
91 95 5
91 98 -10
92 95 -4
93 98 7
93 97 4
94 98 4
94 96 4
95 96 -3
95 100 3
96 99 1
96 98 8
96 100 10
97 99 4
99 100 0
