100 2475 
1 76 -1
1 87 9
1 84 -5
1 35 -6
1 19 10
1 100 5
1 14 9
1 67 -8
1 81 3
1 89 7
1 18 4
1 90 4
1 78 4
1 94 4
1 93 -7
1 56 -3
1 69 -9
1 92 -7
1 98 -1
1 55 -1
1 20 5
1 73 1
1 42 2
1 34 -3
1 96 -7
1 51 8
1 15 10
1 64 -4
1 47 -9
1 74 -1
1 57 -9
1 82 -5
1 13 -7
1 36 -8
1 71 9
1 23 0
1 72 -9
1 16 -3
1 10 9
1 95 -1
1 30 8
1 59 10
1 31 -8
1 7 10
1 27 2
1 22 -6
1 41 3
1 29 7
1 52 -8
1 40 6
1 26 -9
1 53 3
1 63 -4
1 28 5
1 91 -8
1 58 -3
1 11 -2
2 22 9
2 48 5
2 86 2
2 85 1
2 97 1
2 45 -6
2 42 -4
2 80 10
2 60 10
2 11 -7
2 68 -1
2 20 -5
2 40 -3
2 77 -1
2 29 9
2 53 6
2 15 -10
2 54 -7
2 79 7
2 17 2
2 65 -4
2 67 2
2 57 -8
2 94 1
2 12 -3
2 56 0
2 9 -2
2 96 -4
2 19 0
2 64 9
2 66 -3
2 36 8
2 78 7
2 32 1
2 71 -3
2 82 -1
2 51 9
2 87 9
2 90 -7
2 21 -2
2 73 -1
2 92 -2
2 18 -10
2 70 -9
2 59 -2
2 4 8
2 49 -9
2 30 -1
2 50 5
2 27 9
2 98 6
2 41 -5
2 24 2
2 91 1
2 23 -2
2 99 -9
2 35 -3
2 62 -2
2 14 -8
3 36 -7
3 53 3
3 81 -3
3 88 -10
3 22 8
3 29 -6
3 83 3
3 100 -3
3 21 5
3 98 7
3 17 7
3 45 -3
3 74 5
3 54 -4
3 73 -7
3 78 10
3 96 -1
3 24 3
3 91 7
3 50 -8
3 87 8
3 72 -2
3 99 -6
3 52 -1
3 32 -2
3 82 4
3 41 10
3 33 -9
3 85 -8
3 48 -9
3 10 9
3 97 -10
3 12 5
3 16 5
3 47 -6
3 23 1
3 67 -2
3 18 10
3 95 6
3 34 5
3 42 10
3 25 10
3 56 -4
3 65 1
3 80 2
3 40 -8
3 62 -6
3 77 10
3 84 -6
3 46 6
3 94 -6
3 28 2
4 49 9
4 68 1
4 30 -2
4 8 -3
4 77 0
4 82 6
4 65 -8
4 13 -8
4 58 3
4 11 9
4 39 0
4 99 3
4 61 1
4 44 3
4 69 4
4 90 1
4 5 10
4 26 5
4 19 10
4 59 -4
4 31 0
4 97 8
4 96 -4
4 63 2
4 62 -1
4 15 10
4 78 7
4 60 9
4 67 -7
4 74 4
4 66 -10
4 23 8
4 18 4
4 98 7
4 6 8
4 9 -8
4 32 -2
4 84 -4
4 79 4
4 10 -6
4 34 -1
4 87 1
4 22 -8
4 42 -7
4 41 -5
4 72 -9
4 21 7
4 56 -4
4 91 -9
4 48 -3
4 12 3
4 28 -3
4 55 -2
4 7 -6
4 100 -3
5 34 9
5 10 -9
5 46 7
5 21 3
5 44 -8
5 67 -4
5 43 2
5 64 -5
5 52 0
5 18 -2
5 39 8
5 100 -10
5 45 -10
5 87 -3
5 96 -8
5 11 -9
5 78 -1
5 79 4
5 12 0
5 42 6
5 28 8
5 90 -2
5 82 -10
5 60 -5
5 68 -8
5 26 0
5 73 2
5 97 7
5 76 0
5 15 0
5 58 1
5 86 10
5 23 -7
5 13 1
5 85 3
5 47 3
5 22 3
5 14 -4
5 20 4
5 56 2
5 99 3
5 62 -9
5 71 0
5 9 3
5 93 5
6 85 0
6 20 -4
6 28 -1
6 74 -3
6 22 0
6 39 -3
6 46 8
6 45 -2
6 97 3
6 93 -6
6 96 2
6 77 4
6 54 9
6 95 -5
6 37 -10
6 24 -10
6 51 0
6 100 -6
6 63 0
6 32 6
6 48 8
6 30 0
6 33 4
6 66 5
6 58 4
6 21 10
6 49 -6
6 47 0
6 94 -10
6 90 -7
6 23 0
6 91 -10
6 53 4
6 60 -7
6 25 -1
6 44 0
6 42 9
6 12 0
6 36 -8
6 27 -2
6 9 -6
6 31 -9
6 8 -8
6 29 5
6 65 -10
6 26 3
7 69 -3
7 44 5
7 34 -1
7 21 -8
7 11 -5
7 64 -6
7 78 0
7 72 5
7 84 -2
7 48 -2
7 82 -3
7 100 -8
7 10 6
7 41 -8
7 53 4
7 14 -9
7 83 -6
7 52 -1
7 66 10
7 49 -1
7 40 -6
7 20 1
7 16 3
7 80 -4
7 97 -5
7 17 0
7 54 5
7 98 -9
7 60 10
7 45 -8
7 25 8
7 81 -3
7 27 0
7 46 1
7 37 -5
7 87 5
7 23 -7
7 38 -10
7 85 -8
7 89 9
7 88 -4
7 86 -6
7 29 -3
7 95 -7
7 15 0
8 9 -2
8 98 3
8 91 5
8 46 6
8 99 -10
8 19 2
8 35 1
8 29 7
8 34 8
8 23 3
8 56 -3
8 27 -3
8 70 -5
8 63 5
8 62 2
8 49 -1
8 72 -8
8 51 -9
8 12 4
8 61 7
8 87 0
8 58 9
8 25 -4
8 14 -8
8 45 1
8 95 -1
8 50 -6
8 86 0
8 59 9
8 17 -1
8 10 9
8 44 4
8 100 -9
8 64 6
8 31 9
8 57 -1
8 40 0
8 94 5
8 83 4
8 55 8
8 71 1
8 54 -5
8 52 3
8 26 9
8 77 2
8 28 -6
9 59 7
9 61 6
9 64 0
9 47 3
9 21 -10
9 24 10
9 41 -7
9 63 -10
9 40 -2
9 88 10
9 26 2
9 90 3
9 84 -1
9 73 -9
9 16 -5
9 79 -3
9 74 -4
9 12 -3
9 92 -1
9 38 -8
9 39 8
9 11 3
9 57 6
9 35 3
9 87 -3
9 32 -5
9 78 5
9 67 -4
9 29 -4
9 48 -3
9 54 -6
9 60 -7
9 44 -8
9 65 1
9 31 2
9 75 4
9 30 -2
9 81 8
9 76 8
9 36 8
9 56 6
9 45 -10
9 34 -5
10 99 -9
10 84 -6
10 55 6
10 25 -4
10 67 -9
10 22 4
10 100 8
10 68 -9
10 51 -6
10 46 6
10 82 1
10 52 -5
10 83 -3
10 76 -7
10 88 -10
10 49 10
10 31 3
10 58 -6
10 34 -9
10 26 4
10 36 -9
10 33 9
10 77 -7
10 87 1
10 17 10
10 56 -5
10 24 7
10 73 1
10 57 5
10 92 -4
10 61 6
10 37 -4
10 45 -1
10 40 -7
10 18 -7
10 79 10
10 43 2
10 20 5
10 28 0
10 78 4
10 98 0
11 43 6
11 79 -8
11 12 -1
11 90 -1
11 26 -9
11 51 -8
11 64 6
11 22 -1
11 54 4
11 78 -4
11 37 -6
11 41 -10
11 19 -3
11 45 0
11 14 0
11 56 5
11 85 7
11 76 3
11 99 -8
11 75 -2
11 98 -1
11 60 9
11 31 10
11 32 -2
11 81 4
11 72 -3
11 66 -3
11 80 -6
11 68 2
11 44 0
11 29 9
11 53 10
11 42 -6
11 39 2
11 23 6
11 30 8
11 63 4
11 24 8
11 88 4
11 35 0
11 62 -9
11 27 4
11 73 -9
11 89 -4
11 65 1
11 91 -5
11 15 -3
11 16 0
11 94 8
11 87 -10
11 28 -10
12 65 10
12 28 1
12 14 2
12 54 5
12 98 -3
12 90 10
12 69 -8
12 66 -4
12 53 -7
12 70 -5
12 31 -2
12 72 -5
12 78 -6
12 81 2
12 68 3
12 43 7
12 57 6
12 24 -2
12 18 -3
12 74 9
12 61 -9
12 56 -7
12 88 -9
12 59 -3
12 26 -2
12 42 -7
12 23 -1
12 62 5
12 19 -1
12 85 -1
12 100 5
12 50 6
12 25 10
12 76 8
12 47 0
12 30 -6
12 94 2
12 52 7
12 21 4
12 71 -6
12 48 4
12 38 -8
12 46 -5
12 97 9
12 89 6
12 22 0
13 49 -7
13 83 -9
13 39 -9
13 81 6
13 88 3
13 65 4
13 54 -3
13 76 9
13 26 5
13 40 1
13 78 3
13 42 3
13 27 -1
13 30 6
13 74 5
13 48 8
13 15 -6
13 70 4
13 90 4
13 20 3
13 56 0
13 96 9
13 44 -10
13 97 -2
13 85 -3
13 38 -3
13 17 2
13 59 -1
13 99 -6
13 100 8
13 22 -6
13 28 5
13 31 -9
13 21 3
13 64 7
13 25 5
13 33 -10
13 77 -5
14 57 2
14 27 -3
14 92 1
14 43 0
14 72 4
14 90 6
14 84 8
14 45 -4
14 32 2
14 41 -5
14 22 0
14 56 -1
14 29 7
14 26 -10
14 87 7
14 67 -4
14 98 10
14 100 -3
14 62 -2
14 93 6
14 68 -1
14 38 5
14 20 5
14 74 -6
14 30 10
14 53 -2
14 33 -5
14 37 0
14 78 -4
14 70 7
14 36 -1
14 61 -4
14 17 -5
14 96 1
14 75 7
14 59 4
14 73 2
14 94 5
14 91 -3
14 76 -1
15 44 -7
15 63 -6
15 46 2
15 87 -4
15 42 7
15 69 -4
15 24 2
15 73 3
15 100 5
15 75 -8
15 16 -1
15 26 5
15 89 -6
15 72 -7
15 30 -3
15 48 -3
15 82 -10
15 98 -10
15 34 7
15 97 -10
15 93 -9
15 25 6
15 59 2
15 35 4
15 96 -3
15 58 -5
15 54 6
15 70 -4
15 99 3
15 60 9
15 22 -4
15 76 4
15 53 -8
15 88 -9
15 90 -4
15 78 -8
15 64 3
15 77 10
15 55 -10
15 67 -5
16 47 -3
16 53 3
16 18 6
16 27 4
16 70 7
16 93 -6
16 95 7
16 100 -10
16 17 -10
16 58 -3
16 90 -5
16 57 -6
16 67 9
16 61 -3
16 71 6
16 37 9
16 68 0
16 24 0
16 29 2
16 77 -10
16 36 5
16 87 5
16 40 -8
16 30 7
16 81 3
16 83 1
16 96 -1
16 92 10
16 64 6
16 43 10
16 23 7
16 34 4
16 73 7
16 20 4
16 35 1
16 88 0
16 39 9
16 25 -8
16 78 4
16 66 -5
16 62 5
16 31 -6
16 79 7
16 54 9
17 91 2
17 90 10
17 49 1
17 44 -10
17 53 0
17 78 -10
17 26 -4
17 29 -3
17 92 -2
17 82 -2
17 35 3
17 28 -3
17 96 -6
17 51 -7
17 97 2
17 41 4
17 72 10
17 94 0
17 34 -10
17 88 -8
17 40 3
17 39 -3
17 43 3
17 85 -10
17 86 9
17 80 -1
17 98 10
17 68 7
17 79 3
17 25 10
17 66 -10
17 60 -2
17 55 1
17 63 2
17 73 -2
18 83 3
18 73 -6
18 57 -7
18 52 -3
18 58 -8
18 51 4
18 22 -10
18 28 10
18 45 -7
18 59 10
18 47 9
18 27 2
18 100 9
18 95 -1
18 48 -1
18 96 -9
18 88 6
18 24 10
18 29 5
18 92 -8
18 20 -3
18 63 -6
18 80 3
18 40 1
18 53 -8
18 66 -1
18 84 -2
18 35 3
18 30 6
18 50 -2
18 41 7
18 36 7
18 74 6
18 31 5
18 78 5
18 62 9
18 55 -10
18 33 6
18 19 -3
19 97 -4
19 46 10
19 28 7
19 24 8
19 63 -1
19 35 -5
19 86 0
19 77 -7
19 93 -9
19 56 -10
19 81 10
19 40 7
19 31 10
19 88 6
19 30 7
19 67 4
19 89 -7
19 91 5
19 80 4
19 79 -6
19 70 10
19 48 8
19 95 2
19 84 6
19 22 2
19 57 -2
19 92 3
19 78 6
19 62 2
19 85 4
19 32 10
19 96 7
19 58 6
19 43 3
19 100 -8
19 23 -6
19 33 1
19 59 8
19 45 6
19 69 5
19 87 0
19 61 0
19 60 0
19 26 -5
19 71 -5
20 89 7
20 62 1
20 83 -6
20 47 4
20 60 4
20 55 -2
20 50 7
20 68 -1
20 31 6
20 56 0
20 37 -5
20 98 -10
20 75 2
20 99 -9
20 82 1
20 77 8
20 95 -5
20 23 -10
20 74 9
20 90 -6
20 73 5
20 29 -7
20 27 4
20 92 -2
20 88 -6
20 26 -10
20 91 2
20 71 -6
20 61 -8
20 58 9
20 24 -2
20 78 6
20 65 5
20 51 5
20 36 3
20 94 0
20 72 -3
20 46 9
20 48 -10
21 41 0
21 60 -5
21 72 -7
21 38 -7
21 27 9
21 71 -5
21 28 6
21 53 -4
21 40 -2
21 69 5
21 29 4
21 46 2
21 54 3
21 52 4
21 30 -4
21 35 2
21 85 -8
21 99 8
21 57 -7
21 56 10
21 50 -10
21 34 -4
21 44 10
21 92 2
21 31 -4
21 75 5
21 33 6
21 74 5
21 79 3
21 43 7
21 64 -3
21 96 10
21 90 -8
21 63 -10
21 91 -8
21 49 8
21 36 -1
21 25 -10
21 22 -5
21 81 -7
21 48 0
21 94 -5
22 84 -6
22 90 -6
22 55 4
22 99 -4
22 76 -6
22 79 8
22 95 8
22 93 -7
22 72 6
22 100 2
22 59 10
22 82 -3
22 53 -6
22 74 -10
22 28 -5
22 44 -10
22 63 9
22 50 -3
22 26 -4
22 96 -5
22 24 1
22 45 -5
22 43 5
22 46 8
22 27 0
22 31 -10
22 60 1
22 35 5
22 87 -4
22 68 -10
22 83 8
22 58 2
22 49 8
22 36 9
22 41 0
22 73 2
22 64 9
22 97 2
22 40 -8
22 42 -7
22 88 -3
22 61 10
22 98 8
22 70 -4
23 95 4
23 62 9
23 86 0
23 38 10
23 65 -9
23 71 10
23 73 -8
23 40 4
23 85 -8
23 34 6
23 81 0
23 69 2
23 27 5
23 56 -9
23 52 7
23 44 -7
23 59 -3
23 94 -5
23 80 6
23 93 -6
23 67 -5
23 64 6
23 78 10
23 76 -7
23 29 -4
23 89 -6
23 60 3
23 51 -7
23 74 7
23 36 2
23 92 9
23 84 4
23 53 -7
23 61 5
24 62 6
24 51 3
24 79 2
24 33 3
24 30 0
24 34 -7
24 38 1
24 80 5
24 50 0
24 88 4
24 70 -3
24 96 -4
24 40 0
24 98 -9
24 87 5
24 52 -9
24 74 0
24 29 6
24 53 4
24 48 -3
24 97 6
24 37 8
24 85 -8
24 25 -7
24 82 -1
24 90 -6
24 69 -3
24 78 -2
24 61 4
24 67 8
24 91 1
24 27 4
24 57 -10
25 45 -8
25 29 1
25 38 -10
25 53 -8
25 33 2
25 31 -8
25 34 10
25 48 -7
25 44 10
25 86 -4
25 96 3
25 55 1
25 30 7
25 49 9
25 83 -3
25 56 1
25 47 10
25 87 5
25 84 5
25 81 -10
25 39 -5
25 60 -3
25 78 9
25 92 4
25 57 3
25 79 1
25 42 9
25 62 -9
25 68 6
25 77 -5
25 72 9
25 93 -9
25 37 -4
25 26 0
25 32 -3
25 46 5
25 74 0
25 58 -4
25 65 -2
25 43 3
25 95 8
25 54 8
25 97 0
26 59 -1
26 29 3
26 80 -9
26 46 4
26 34 9
26 96 10
26 64 -1
26 49 1
26 84 3
26 31 -3
26 71 -4
26 68 3
26 43 7
26 69 -2
26 58 8
26 47 9
26 52 -3
26 50 3
26 94 -9
26 76 -6
26 39 -6
26 87 9
26 86 0
26 78 -2
26 48 -1
26 35 0
26 30 -6
26 33 8
26 44 -4
26 45 0
26 74 10
26 75 -5
26 38 -5
26 60 -6
26 73 0
26 95 0
26 70 -2
27 74 -5
27 77 -5
27 32 -4
27 40 -3
27 99 2
27 69 9
27 68 10
27 67 8
27 84 0
27 92 -5
27 47 -7
27 88 0
27 55 -1
27 89 -5
27 78 6
27 87 4
27 33 7
27 100 -8
27 83 8
27 85 1
27 39 -10
27 96 -2
27 61 0
27 50 -3
27 63 10
27 76 7
27 94 -10
27 95 -6
27 58 0
27 42 -9
27 54 -2
27 93 4
27 86 -9
27 97 -3
28 89 -3
28 31 -3
28 36 4
28 54 -9
28 93 5
28 75 -6
28 46 -7
28 64 0
28 35 4
28 44 -8
28 79 -7
28 98 -4
28 80 1
28 29 3
28 30 2
28 43 7
28 95 5
28 100 -5
28 62 9
28 55 2
28 61 1
28 47 7
28 40 7
28 39 4
28 56 -8
28 71 -4
28 76 -2
28 60 -5
28 53 0
28 94 5
28 49 -1
28 83 9
28 99 8
28 88 0
28 96 -9
28 82 4
29 36 -5
29 60 6
29 98 -4
29 95 9
29 49 -1
29 84 8
29 90 -9
29 85 3
29 86 1
29 37 2
29 58 8
29 46 9
29 40 10
29 30 10
29 52 10
29 55 -6
29 75 7
29 65 -9
29 67 4
29 73 -1
29 82 -1
29 59 -3
29 56 -6
29 70 7
29 94 1
29 96 -9
29 35 9
29 51 -9
29 34 -6
29 76 -7
29 91 -1
29 62 8
29 31 9
30 57 0
30 87 10
30 92 -6
30 49 -3
30 70 1
30 38 -6
30 76 -6
30 95 8
30 31 -8
30 56 4
30 62 9
30 71 9
30 65 -1
30 81 10
30 91 9
30 37 4
30 55 -8
30 67 4
30 90 3
30 60 9
30 85 -8
30 58 10
30 51 -3
30 32 -5
30 100 5
30 88 10
30 93 7
30 33 5
30 39 6
30 68 -10
30 66 -2
30 52 -4
30 98 7
30 46 -7
30 69 0
30 89 -2
30 45 -2
31 62 1
31 34 1
31 37 9
31 51 9
31 81 -2
31 71 0
31 86 6
31 49 -1
31 44 7
31 83 9
31 46 3
31 87 2
31 82 10
31 54 3
31 64 -5
31 66 -4
31 96 5
31 47 -7
31 42 -4
31 75 -7
31 53 8
31 70 0
31 78 2
31 79 2
31 59 6
31 91 -2
31 33 -5
31 43 8
31 40 -9
31 97 -9
31 36 2
31 65 6
31 90 -8
31 48 3
31 88 1
31 38 -3
32 48 -6
32 50 4
32 53 -10
32 97 -7
32 87 -5
32 89 -3
32 86 -8
32 44 5
32 96 -8
32 36 -7
32 81 -10
32 98 5
32 45 0
32 93 3
32 37 3
32 68 -8
32 58 5
32 74 2
32 43 7
32 66 -5
32 39 -1
32 63 0
32 65 -8
32 38 7
32 33 7
32 56 4
32 72 -6
32 78 -5
32 49 -6
32 51 9
33 67 5
33 75 -5
33 39 7
33 83 4
33 95 8
33 74 -2
33 82 9
33 44 4
33 49 -6
33 40 -9
33 54 6
33 55 7
33 96 2
33 51 -2
33 58 -6
33 60 -1
33 70 7
33 69 4
33 68 4
33 78 -6
33 37 -5
33 85 4
33 86 7
33 80 5
33 88 10
33 72 5
33 79 9
33 34 2
33 76 -1
33 99 -2
34 63 10
34 66 3
34 74 0
34 50 3
34 47 8
34 69 -3
34 39 2
34 94 9
34 58 -9
34 57 -5
34 64 -9
34 97 -8
34 56 4
34 38 10
34 48 -3
34 80 8
34 100 6
34 75 -2
34 43 8
34 99 5
34 78 -6
34 53 -8
34 42 -10
34 61 8
34 62 -2
34 77 0
34 96 -3
34 37 0
34 65 -4
34 84 4
34 72 -7
34 36 4
34 76 4
34 71 0
34 90 -9
34 49 5
35 63 9
35 74 10
35 93 9
35 55 2
35 68 7
35 60 5
35 56 10
35 77 -6
35 41 0
35 38 -8
35 69 -5
35 91 -3
35 88 3
35 71 -5
35 43 -10
35 72 -3
35 48 -2
35 97 -4
35 87 -8
35 47 7
35 49 1
35 86 -1
35 53 -6
35 39 6
35 61 -9
35 83 9
35 95 -6
35 81 -10
35 64 -7
35 51 3
35 82 -7
35 44 -8
35 54 2
35 85 -5
35 84 -3
35 52 -8
35 76 5
35 58 -10
35 99 -4
36 49 4
36 54 -3
36 90 3
36 37 -4
36 57 -5
36 47 -8
36 61 -9
36 77 -1
36 71 -8
36 68 -2
36 86 6
36 59 5
36 64 -9
36 65 -8
36 87 1
36 85 10
36 95 4
36 92 -2
36 76 -8
36 66 3
36 89 4
36 91 6
36 79 10
36 42 1
36 40 3
36 93 8
36 99 -2
36 70 4
36 100 -5
36 88 -2
36 51 -4
36 98 -7
36 81 -4
37 97 -2
37 52 -2
37 76 -8
37 38 9
37 75 -2
37 59 -5
37 73 7
37 77 -1
37 71 -5
37 54 -4
37 46 2
37 99 0
37 57 -4
37 94 10
37 85 2
37 68 -10
37 48 -1
37 96 7
37 61 4
37 88 2
37 74 -6
37 67 8
37 63 5
37 60 5
37 91 2
37 84 7
37 69 7
37 66 5
37 95 -9
38 56 -9
38 73 -9
38 59 3
38 97 4
38 66 -10
38 76 1
38 41 6
38 84 -3
38 45 -6
38 54 3
38 81 2
38 63 9
38 82 3
38 78 1
38 58 -7
38 69 7
38 39 -1
38 70 -9
38 74 3
38 40 -7
38 96 2
38 75 1
38 53 0
38 68 -8
38 98 0
38 55 -9
38 86 6
38 99 2
38 95 -5
39 73 -2
39 71 4
39 58 -9
39 68 -4
39 76 -8
39 51 8
39 86 -2
39 99 8
39 75 -6
39 57 -6
39 78 2
39 42 -2
39 79 4
39 64 7
39 47 6
39 44 3
39 83 5
39 49 -3
39 87 9
39 95 4
39 97 -1
39 82 -5
39 56 9
39 91 8
39 77 1
39 84 7
39 48 -6
39 80 3
39 45 -1
39 89 -2
40 73 -10
40 89 5
40 93 -2
40 43 -6
40 72 0
40 80 -6
40 68 -1
40 51 3
40 67 -7
40 66 -9
40 100 10
40 63 10
40 57 10
40 86 -9
40 41 -4
40 90 -3
40 78 -10
40 95 10
40 79 -4
40 44 -3
40 56 8
40 53 -1
40 83 -4
40 97 -9
40 91 5
40 59 9
40 50 -4
40 87 -9
40 82 4
40 76 7
40 84 -9
40 45 5
40 77 3
41 71 0
41 42 -9
41 92 -2
41 80 -4
41 93 -8
41 77 2
41 95 2
41 75 6
41 87 10
41 98 -9
41 69 -3
41 54 -4
41 97 10
41 70 4
41 74 1
41 83 3
41 58 2
41 100 -2
41 90 -8
41 64 3
41 59 -2
41 76 9
41 67 6
41 68 -3
41 72 5
41 57 -7
42 94 -6
42 55 -6
42 91 2
42 72 -3
42 50 -4
42 66 10
42 79 6
42 95 -2
42 45 4
42 71 0
42 98 0
42 70 4
42 48 -2
42 82 -3
42 84 10
42 77 -1
42 46 -6
42 59 -10
42 81 -9
42 52 -7
42 61 0
42 64 -3
42 63 -10
42 60 8
42 58 -6
42 76 9
43 60 -4
43 78 2
43 51 -6
43 94 -7
43 49 10
43 65 8
43 76 9
43 67 2
43 61 8
43 62 9
43 96 -2
43 92 -5
43 89 -9
43 100 10
43 54 -10
43 88 10
43 56 2
43 77 9
43 50 -3
43 69 2
43 68 -2
43 66 -6
43 75 2
43 95 -10
43 59 8
43 58 -7
43 80 -1
44 48 -1
44 74 -6
44 95 3
44 49 -2
44 73 1
44 75 5
44 71 4
44 91 0
44 85 7
44 52 -10
44 80 0
44 68 -2
44 97 -10
44 70 -6
44 61 5
44 66 -2
44 83 -10
44 55 -8
44 62 -10
44 77 -7
44 96 0
44 89 2
44 84 -4
44 99 5
44 51 10
44 76 6
44 94 7
44 93 9
44 90 2
44 57 -10
44 54 -8
44 64 5
44 81 3
45 85 -1
45 66 -3
45 73 -3
45 90 7
45 51 -1
45 50 10
45 88 -2
45 63 7
45 76 -2
45 47 -6
45 48 7
45 65 -4
45 64 2
45 72 -6
45 62 3
45 58 -7
45 46 -6
45 74 0
45 60 -8
45 69 7
45 95 4
45 94 -6
45 86 -1
45 99 -3
45 78 1
45 84 2
46 62 -3
46 55 -7
46 70 0
46 47 -1
46 93 10
46 92 -5
46 82 2
46 61 7
46 60 -5
46 57 -4
46 81 -1
46 73 -7
46 48 -9
46 49 -5
46 100 -10
46 79 -6
46 53 -10
46 94 0
46 89 8
46 63 -1
46 51 6
46 80 0
46 67 5
46 72 3
46 98 -3
46 50 1
46 96 3
47 86 -7
47 91 -9
47 49 3
47 77 4
47 88 0
47 68 4
47 100 10
47 57 -3
47 87 -9
47 82 -10
47 80 -7
47 93 5
47 97 -2
47 70 -3
47 61 -6
47 98 -1
47 62 -2
47 58 -6
47 85 -2
47 89 -8
47 92 -2
47 75 -5
47 53 0
47 65 0
47 60 2
47 78 4
47 59 7
47 52 6
48 63 8
48 83 -5
48 79 0
48 91 5
48 90 -3
48 66 9
48 52 -5
48 95 2
48 55 -1
48 64 10
48 54 0
48 50 6
48 59 -5
48 73 10
48 89 7
48 71 -2
48 60 7
48 67 -1
48 84 -7
48 81 -4
48 70 0
48 87 -6
48 96 5
48 78 5
48 61 2
48 76 -10
48 94 2
49 68 -3
49 73 8
49 96 3
49 62 1
49 93 10
49 67 10
49 58 -8
49 80 4
49 50 6
49 85 5
49 78 0
49 79 3
49 77 1
49 52 -1
49 90 -9
49 99 5
49 91 -7
49 74 -2
49 63 -4
49 54 -8
49 75 9
49 51 8
49 59 3
49 86 -7
49 98 7
50 81 -6
50 65 -8
50 95 -5
50 91 3
50 88 5
50 63 8
50 80 4
50 67 -2
50 64 -4
50 84 4
50 79 -6
50 56 8
50 86 -10
50 70 -7
50 60 5
50 62 -3
50 98 9
50 85 -6
50 78 -10
50 100 0
50 75 8
50 94 0
50 66 8
50 93 1
50 73 2
50 58 -6
50 61 8
50 57 -7
50 99 1
51 90 5
51 92 -10
51 88 8
51 93 -5
51 76 -10
51 74 9
51 73 -5
51 52 7
51 75 -1
51 85 -7
51 55 10
51 60 -3
51 69 -2
51 97 3
51 87 1
51 68 2
51 54 6
51 83 -1
51 94 -9
51 67 5
51 57 3
51 53 10
51 80 -1
52 82 0
52 92 8
52 67 -1
52 53 -8
52 89 0
52 97 3
52 78 -9
52 98 7
52 76 -2
52 61 -3
52 83 3
52 71 6
52 85 -5
52 95 -5
52 57 -10
52 60 9
52 88 2
52 73 -9
52 59 5
52 81 -1
53 67 2
53 70 0
53 79 -9
53 90 -1
53 62 5
53 80 -6
53 55 4
53 63 -9
53 69 1
53 60 -1
53 97 2
53 74 1
53 72 5
53 65 -8
53 78 -3
53 81 10
53 59 -5
53 84 -10
53 86 10
53 75 -9
53 94 -8
53 87 -2
53 54 -1
54 67 -8
54 65 -9
54 100 8
54 91 -1
54 73 1
54 76 8
54 66 6
54 81 8
54 57 1
54 70 4
54 95 -1
54 56 4
54 97 -10
54 89 -10
54 78 -10
54 75 1
54 87 -2
54 72 6
54 99 9
55 100 -4
55 97 6
55 65 -3
55 81 8
55 71 3
55 91 -3
55 96 -1
55 76 8
55 99 -6
55 64 -7
55 74 -10
55 90 6
55 87 -6
55 85 -6
55 69 10
55 80 1
55 93 10
56 75 2
56 79 6
56 91 9
56 87 6
56 68 10
56 95 -6
56 71 -3
56 73 -3
56 67 9
56 90 4
56 66 6
56 78 -8
56 93 9
56 85 4
56 70 -6
56 76 -8
56 88 8
56 57 8
56 60 6
56 58 -10
56 65 3
56 100 10
56 92 -4
56 72 2
57 70 -5
57 93 -1
57 82 6
57 96 -2
57 86 2
57 61 -3
57 66 -3
57 99 -4
57 92 9
57 94 -1
57 85 2
57 71 8
57 67 -1
57 77 -1
57 87 6
57 60 -9
57 95 -3
57 69 3
57 84 6
58 85 -6
58 89 -1
58 94 9
58 66 -7
58 60 -9
58 78 3
58 63 -3
58 93 -6
58 79 -5
58 91 -6
58 77 -6
58 67 4
58 99 -4
58 80 -10
58 61 -3
58 76 -10
58 96 3
58 69 6
58 83 10
58 100 1
58 92 6
58 87 -5
58 98 10
58 72 -6
58 84 4
58 64 2
58 88 6
59 79 10
59 99 -6
59 92 -8
59 91 -8
59 81 5
59 62 8
59 82 -5
59 97 -5
59 67 -4
59 60 -2
59 83 8
59 94 2
59 95 6
59 64 -3
59 89 1
59 69 -2
59 90 7
59 87 -7
59 100 1
59 61 9
60 63 -10
60 84 -5
60 81 -8
60 86 1
60 70 -7
60 83 4
60 71 8
60 64 4
60 68 -4
60 85 6
60 87 7
60 89 -7
60 79 -4
60 91 8
60 99 4
60 75 -4
60 96 3
60 67 -5
60 69 9
60 93 0
60 73 6
60 61 7
61 99 -3
61 72 -8
61 97 -2
61 75 -10
61 84 -5
61 62 -10
61 94 3
61 79 10
61 100 -9
61 74 7
61 67 -6
61 71 -1
61 95 6
61 64 2
61 66 4
61 93 -6
61 87 1
61 96 -10
61 78 6
61 88 -6
61 76 -9
61 77 -4
61 92 1
61 85 -6
61 73 -10
61 68 -10
61 91 -5
62 70 8
62 98 7
62 67 3
62 65 -5
62 73 -4
62 97 9
62 92 -2
62 96 0
62 99 -5
62 68 -10
62 87 -2
62 88 1
62 75 9
62 85 2
62 94 5
62 84 -6
63 65 -9
63 98 -4
63 85 -8
63 86 8
63 91 4
63 83 2
63 99 6
63 79 -8
63 70 4
63 90 3
63 89 9
63 75 6
63 74 9
63 94 -6
63 95 -7
63 100 8
63 77 7
64 84 -7
64 81 -4
64 94 -10
64 73 -5
64 80 9
64 92 5
64 76 -1
64 97 6
64 96 7
64 87 -6
64 93 -3
64 89 6
64 74 0
65 75 9
65 80 7
65 91 -3
65 73 8
65 89 8
65 90 -7
65 95 -1
65 99 9
65 98 -3
65 94 -5
65 79 -1
65 93 10
65 76 -1
65 67 10
65 69 9
66 90 -10
66 96 2
66 100 -8
66 74 -8
66 91 6
66 88 2
66 78 8
66 73 8
66 86 1
66 97 8
66 83 -2
66 82 5
66 93 -1
66 95 6
66 87 -7
66 80 4
66 69 -8
66 81 -10
66 84 5
66 72 -8
67 95 0
67 71 -10
67 78 4
67 81 0
67 80 -10
67 86 -10
67 99 -10
67 93 -8
67 100 3
67 94 -9
67 92 1
67 89 -9
67 88 9
67 74 -7
67 75 7
67 85 -3
68 77 3
68 87 5
68 98 7
68 75 4
68 91 2
68 89 -6
68 95 -1
68 83 1
68 73 1
68 93 6
68 79 -3
68 86 5
68 94 -7
68 69 8
68 82 9
68 92 -9
68 96 6
69 75 -9
69 91 7
69 71 8
69 77 7
69 84 -4
69 72 10
69 85 2
69 81 2
69 88 5
69 70 10
69 86 9
69 87 -1
69 94 5
69 92 -10
69 93 -3
70 82 -1
70 98 -2
70 99 -6
70 81 -6
70 96 -6
70 88 -2
70 89 -2
70 93 4
70 86 9
70 97 10
70 80 0
70 76 -9
70 73 -10
70 100 -6
70 71 1
70 77 10
70 78 4
70 92 -6
71 78 -6
71 88 -8
71 73 8
71 80 8
71 97 -2
71 83 -10
71 89 1
71 99 9
71 91 4
71 72 -2
71 90 -6
71 87 6
71 84 7
71 100 7
71 98 -6
71 94 7
71 95 -8
71 79 -9
71 82 -10
71 96 7
71 74 4
71 76 6
72 82 0
72 81 -3
72 74 8
72 78 9
72 95 -2
72 75 10
72 94 10
72 96 3
72 92 -4
72 73 -10
72 88 -8
72 87 -4
72 86 -10
72 76 6
72 98 7
72 93 5
73 79 4
73 90 1
73 77 5
73 81 -8
73 78 10
73 92 0
73 93 -7
73 84 0
73 87 -8
73 76 7
73 86 9
73 89 -4
73 82 6
73 95 1
74 91 -6
74 82 -7
74 97 -3
74 81 -4
74 95 -6
74 79 6
74 93 1
74 94 -4
74 89 10
74 77 -1
74 86 -8
74 83 4
74 100 10
74 92 -9
75 78 -2
75 93 9
75 89 3
75 82 -1
75 94 8
75 84 4
75 91 -7
75 80 7
75 86 1
75 100 -10
75 88 8
75 99 1
75 83 8
75 87 9
76 85 9
76 96 -6
76 92 -1
76 79 -8
76 98 -9
76 91 -8
76 81 7
76 87 -10
76 93 -1
76 88 -7
76 83 -2
77 79 9
77 93 -4
77 95 6
77 78 10
77 89 -1
77 91 -10
77 99 -4
77 92 1
77 98 0
77 88 7
77 81 3
77 94 3
77 86 3
77 90 -2
78 90 5
78 96 4
78 85 7
78 83 5
78 89 -4
78 100 -4
78 84 4
78 87 -5
78 91 1
78 95 -2
78 82 -9
78 79 4
78 86 2
78 98 8
78 99 -6
79 99 -1
79 81 -4
79 93 -9
79 83 6
79 98 6
79 85 2
79 84 -6
80 88 -4
80 99 9
80 90 -9
80 84 10
81 98 -2
81 92 -1
81 95 -7
81 96 -8
81 87 3
81 90 1
81 84 -10
82 87 -10
82 86 -10
82 90 6
82 95 3
82 91 9
82 92 6
82 100 5
82 97 -8
83 84 10
83 90 8
83 97 6
83 100 -4
83 95 0
83 98 10
84 91 9
84 90 2
84 86 -10
84 85 -5
84 100 0
84 99 7
85 93 10
85 94 -8
85 95 -8
85 89 -8
85 99 -7
85 98 9
85 91 8
86 96 7
86 92 -1
86 89 1
86 91 -6
86 97 -6
87 99 6
87 95 -6
87 96 -7
87 89 3
87 90 4
88 98 -5
88 97 2
88 91 -9
88 99 2
88 100 2
88 90 -7
89 94 9
89 91 6
89 95 -2
89 97 3
90 95 2
90 99 4
90 94 9
91 97 1
91 96 0
91 95 -5
91 99 7
91 100 -1
92 95 -6
92 98 -4
92 99 2
92 94 -1
93 98 -5
93 96 1
93 95 -6
93 99 7
93 97 -10
94 96 -4
94 95 -6
95 96 1
95 97 -2
96 100 1
96 97 3
98 100 6
