100 2475 
1 74 8
1 89 -7
1 18 6
1 76 3
1 43 8
1 46 -4
1 84 -3
1 57 -2
1 79 3
1 66 -10
1 85 1
1 14 1
1 34 1
1 70 -3
1 60 6
1 48 -5
1 4 -6
1 39 -2
1 68 -8
1 41 -4
1 78 -6
1 86 -3
1 52 -6
1 24 -5
1 11 -6
1 16 -7
1 35 -6
1 87 -2
1 75 -7
1 25 4
1 99 8
1 12 -4
1 58 -1
1 8 3
1 54 -10
1 37 1
1 59 9
1 42 -5
1 73 -9
1 82 8
1 71 -7
1 91 -8
1 36 -8
1 80 -3
1 77 -3
1 30 0
1 100 6
1 90 -3
1 93 -3
1 67 0
1 40 -9
2 92 8
2 55 -1
2 58 2
2 99 3
2 26 5
2 10 -2
2 11 -1
2 74 -10
2 43 7
2 54 -8
2 51 -8
2 38 10
2 44 -1
2 61 -7
2 19 -5
2 70 8
2 34 9
2 7 -1
2 3 -8
2 25 -10
2 8 -7
2 86 9
2 72 -1
2 46 0
2 63 -6
2 60 3
2 18 4
2 83 -10
2 37 -5
2 45 8
2 53 -3
2 59 5
2 62 -9
2 5 -4
2 4 -3
2 96 -1
2 73 -4
2 100 10
2 76 -2
2 22 4
2 30 3
3 30 -10
3 94 4
3 74 -5
3 9 -7
3 5 2
3 84 4
3 73 9
3 69 -8
3 87 7
3 90 3
3 29 -5
3 23 -9
3 28 -2
3 55 8
3 52 6
3 38 -8
3 86 0
3 56 5
3 65 3
3 92 2
3 13 0
3 76 10
3 37 -3
3 57 5
3 82 -2
3 71 -5
3 53 1
3 66 5
3 93 6
3 8 9
3 68 -2
3 42 1
3 4 -2
3 63 -8
3 18 -7
3 99 2
3 10 3
3 64 0
3 33 -1
3 50 9
3 88 -9
3 49 9
3 48 -8
3 35 9
3 60 10
3 81 -9
3 67 2
3 44 0
3 91 5
4 59 7
4 41 9
4 51 1
4 60 0
4 45 10
4 61 3
4 16 9
4 10 7
4 65 9
4 56 -10
4 77 -3
4 18 9
4 80 -10
4 14 6
4 84 5
4 75 3
4 13 -8
4 31 -7
4 11 10
4 33 0
4 46 4
4 23 2
4 53 7
4 86 8
4 83 -8
4 93 -8
4 57 3
4 36 -9
4 100 1
4 15 -6
4 25 0
4 5 -9
4 68 -8
4 24 4
4 12 -5
4 91 -2
4 90 2
4 78 -10
4 64 7
4 89 5
4 94 8
4 71 -10
4 99 5
5 37 10
5 19 -4
5 75 2
5 20 1
5 45 10
5 70 3
5 48 0
5 49 10
5 58 9
5 85 7
5 80 3
5 30 -10
5 64 -6
5 86 -1
5 8 -7
5 81 1
5 61 3
5 39 9
5 34 3
5 29 4
5 93 0
5 90 -2
5 99 4
5 44 -10
5 95 3
5 38 -5
5 42 -1
5 24 1
5 7 -9
5 92 2
5 10 -1
5 52 -10
5 71 -5
5 67 6
5 54 8
5 60 -8
5 13 -7
5 88 -1
5 91 7
5 12 -6
5 69 9
5 79 -10
5 41 -5
5 97 -9
5 21 8
5 84 -7
5 9 6
5 47 -4
5 46 8
5 74 8
5 59 -4
5 65 -1
5 43 -7
5 77 4
5 82 -10
5 27 9
5 36 10
6 55 10
6 32 5
6 26 6
6 34 10
6 42 6
6 14 9
6 57 10
6 40 3
6 59 -4
6 90 -5
6 77 -8
6 84 -3
6 54 1
6 66 2
6 93 -8
6 97 7
6 43 -7
6 62 3
6 80 -2
6 9 7
6 60 -1
6 29 5
6 67 -9
6 38 -3
6 10 3
6 30 9
6 33 -6
6 73 4
6 41 7
6 45 -7
6 35 -9
6 18 -6
6 58 -1
6 74 -2
6 39 -6
6 94 0
6 51 -5
6 27 -3
6 98 3
6 22 -1
6 11 -10
6 88 -8
6 50 8
6 86 -3
6 64 0
6 92 -8
6 68 -9
6 36 8
6 83 3
7 97 9
7 54 0
7 46 -8
7 41 2
7 20 5
7 28 0
7 23 1
7 21 -3
7 75 5
7 30 -9
7 95 10
7 84 4
7 33 8
7 32 -2
7 8 2
7 85 -5
7 92 10
7 63 -10
7 38 7
7 89 -2
7 88 -6
7 15 7
7 56 -10
7 11 4
7 36 1
7 79 4
7 65 4
7 39 1
7 31 -4
7 68 2
7 35 -1
7 80 0
7 49 -7
7 16 -10
7 22 7
7 77 -5
7 76 -8
7 59 -3
7 62 5
7 57 1
7 47 -7
7 18 6
7 100 -6
7 87 -8
7 37 -9
7 52 -3
7 90 -5
7 60 -3
8 80 -3
8 78 6
8 79 -1
8 15 -1
8 44 2
8 91 10
8 35 -7
8 73 -3
8 41 -7
8 61 9
8 42 -9
8 52 0
8 57 8
8 38 5
8 86 6
8 70 10
8 9 -7
8 33 5
8 98 -9
8 99 -3
8 14 2
8 85 -6
8 71 8
8 37 8
8 51 3
8 29 4
8 87 -9
8 76 4
8 97 0
8 88 -10
8 94 2
8 72 4
8 22 -3
8 50 -6
8 46 1
8 92 -5
8 100 5
8 43 7
8 16 2
8 34 6
8 84 -10
8 21 -3
9 30 3
9 78 3
9 64 7
9 46 0
9 41 -6
9 60 -6
9 72 -3
9 44 -4
9 43 3
9 49 2
9 14 8
9 59 7
9 65 3
9 70 2
9 26 -4
9 20 2
9 25 9
9 35 -1
9 82 -8
9 10 7
9 12 -10
9 100 0
9 96 -7
9 33 -9
9 62 7
9 71 -8
9 86 -9
9 88 1
9 31 -3
9 75 -9
9 21 -1
9 80 9
9 54 0
9 22 2
9 84 0
9 66 -1
9 97 5
9 58 8
9 13 2
9 19 10
9 29 3
9 63 -5
9 50 8
9 79 -3
9 38 -1
9 91 4
10 24 6
10 17 -8
10 75 4
10 25 8
10 30 6
10 42 -3
10 60 5
10 85 -8
10 20 -4
10 68 -5
10 39 8
10 11 -8
10 55 5
10 23 -10
10 61 -6
10 22 -5
10 32 9
10 89 9
10 56 -5
10 38 4
10 92 2
10 88 -10
10 81 -9
10 71 -8
10 14 -5
10 66 8
10 64 -7
10 91 -9
10 90 -8
10 63 -7
10 79 -8
10 62 8
10 93 8
10 31 2
10 37 -1
10 29 -10
10 99 -6
10 15 -6
10 67 -8
10 95 -6
10 45 0
11 69 7
11 32 -1
11 100 -4
11 95 -3
11 93 3
11 38 1
11 86 -4
11 99 -3
11 71 -7
11 31 -2
11 23 -9
11 22 7
11 34 8
11 96 -2
11 44 -4
11 92 -4
11 54 -3
11 24 6
11 43 -9
11 53 -1
11 27 -5
11 41 -9
11 90 -3
11 25 -1
11 52 6
11 36 -7
11 16 -6
11 77 10
11 66 -4
11 97 1
11 94 -2
11 81 -1
11 89 10
11 55 0
11 76 -5
11 35 2
11 15 6
11 85 5
11 98 7
11 46 10
11 73 -1
11 12 2
11 40 -4
11 63 -5
11 67 7
12 76 7
12 37 -1
12 81 -2
12 61 5
12 67 -9
12 34 9
12 86 -7
12 63 9
12 54 5
12 56 3
12 87 0
12 52 -4
12 69 -4
12 42 -3
12 58 1
12 44 -2
12 43 -2
12 21 1
12 95 9
12 32 5
12 84 2
12 70 7
12 23 9
12 94 -2
12 75 -7
12 50 1
12 62 -6
12 59 5
12 83 -9
12 35 -2
12 46 -7
12 91 -6
12 24 0
12 26 10
12 77 -1
12 53 -5
12 90 -8
12 25 -5
12 30 6
12 31 10
12 36 -3
12 28 4
12 78 10
13 69 0
13 96 8
13 38 -3
13 36 9
13 91 5
13 16 7
13 95 9
13 44 -8
13 77 -5
13 32 -9
13 94 -6
13 100 -7
13 84 2
13 99 8
13 55 3
13 42 2
13 17 -4
13 60 8
13 67 7
13 87 1
13 78 4
13 46 -9
13 83 8
13 33 -8
13 74 -8
13 82 -2
13 43 -5
13 68 8
13 93 -8
13 45 -8
13 49 -9
13 47 -3
13 61 -1
13 72 -5
13 70 -7
13 35 4
13 54 -3
13 81 2
13 15 8
13 20 -5
13 14 6
13 41 -7
13 73 -3
14 20 -2
14 62 -7
14 33 2
14 42 5
14 90 -6
14 40 -6
14 87 5
14 19 -7
14 27 6
14 88 -3
14 78 10
14 47 8
14 53 7
14 89 5
14 82 8
14 50 -10
14 36 -9
14 52 -2
14 97 7
14 77 -5
14 54 6
14 94 -7
14 41 10
14 38 -4
14 96 10
14 28 -6
14 21 10
14 25 2
14 64 0
14 66 9
14 72 3
14 17 5
14 46 -4
14 37 -8
14 55 7
14 39 -8
14 16 4
14 30 -5
14 85 2
14 15 -10
14 86 6
15 92 -1
15 32 -6
15 29 10
15 98 2
15 17 -10
15 59 -3
15 56 10
15 49 3
15 23 6
15 41 6
15 87 -10
15 76 7
15 38 10
15 45 -6
15 91 9
15 51 -2
15 60 10
15 93 -7
15 27 -10
15 88 -1
15 22 -6
15 61 -2
15 94 6
15 34 -3
15 24 5
15 86 -4
15 71 6
15 20 -4
15 25 -1
15 95 6
15 58 3
15 48 9
15 82 0
15 97 -8
15 67 9
15 36 -10
15 50 3
15 100 -4
16 20 5
16 64 -5
16 30 -1
16 72 -3
16 83 9
16 27 7
16 28 3
16 39 6
16 35 -10
16 73 -10
16 74 -5
16 50 4
16 33 -7
16 54 1
16 60 -1
16 22 -3
16 17 -1
16 25 2
16 56 -1
16 19 -5
16 29 8
16 66 -7
16 86 -3
16 44 -10
16 58 -3
16 51 10
16 92 3
16 49 -3
16 26 4
16 53 -8
16 46 -10
16 80 10
16 68 -4
16 18 -8
16 41 2
16 36 1
16 38 3
16 81 -4
16 23 10
16 43 7
16 47 -10
16 85 7
16 95 -3
16 77 1
16 63 10
16 45 -2
16 93 -6
17 76 1
17 48 -7
17 37 -3
17 62 3
17 95 -3
17 56 -4
17 23 10
17 74 -10
17 38 -4
17 52 8
17 80 9
17 42 9
17 36 -7
17 93 -5
17 43 9
17 33 1
17 26 10
17 92 -3
17 78 -10
17 44 10
17 87 -3
17 22 -1
17 86 -7
17 67 2
17 24 -6
17 18 8
17 98 -5
17 72 0
17 99 2
17 69 5
17 51 4
17 40 -2
17 96 -1
17 31 0
17 64 1
17 71 -1
17 73 6
17 27 2
17 63 5
17 70 -3
17 77 -9
17 46 4
17 89 -3
18 43 5
18 31 7
18 41 -6
18 52 0
18 80 -7
18 85 -1
18 63 -5
18 62 -9
18 97 6
18 67 7
18 20 -6
18 84 -3
18 81 -1
18 38 -8
18 88 1
18 78 4
18 66 5
18 89 10
18 87 0
18 90 -7
18 60 -10
18 86 5
18 64 -10
18 22 7
18 92 6
18 100 5
18 82 -6
18 49 2
18 39 6
18 24 2
18 25 2
18 56 -2
18 99 6
18 30 -7
18 96 -6
18 73 8
18 45 -6
18 55 -9
18 42 9
18 65 -9
19 73 5
19 21 -1
19 22 2
19 70 8
19 23 -2
19 36 -5
19 40 -10
19 59 -6
19 94 0
19 49 3
19 55 7
19 30 -9
19 33 -4
19 95 8
19 69 -1
19 64 4
19 75 4
19 44 6
19 62 10
19 89 -9
19 63 7
19 37 -2
19 86 4
19 68 -9
19 50 10
19 76 0
19 53 3
19 61 4
19 88 -4
19 99 4
19 100 -2
19 56 7
19 38 7
19 34 -5
19 77 3
19 47 5
19 35 -10
19 80 4
19 78 -3
19 83 -7
19 85 0
20 71 -1
20 94 1
20 53 -8
20 45 5
20 36 8
20 61 0
20 80 7
20 34 10
20 90 7
20 70 7
20 68 6
20 27 9
20 73 10
20 63 -4
20 38 9
20 67 -5
20 29 -5
20 46 1
20 30 -4
20 32 5
20 79 -1
20 47 0
20 86 3
20 81 -5
20 82 6
20 74 -9
20 97 4
20 75 8
20 100 5
20 42 -10
20 88 10
20 64 0
20 43 8
20 66 7
20 40 -4
20 92 9
20 54 10
20 91 7
21 29 6
21 99 3
21 68 10
21 78 5
21 49 6
21 85 -2
21 94 -7
21 84 8
21 46 -9
21 91 3
21 50 6
21 30 3
21 40 8
21 67 3
21 43 4
21 51 -1
21 87 2
21 26 -2
21 52 -6
21 69 -3
21 88 1
21 79 0
21 55 5
21 89 -3
21 98 -6
21 42 10
21 25 6
21 27 -9
21 60 1
21 96 -2
21 76 -5
21 36 -9
21 70 6
21 61 5
21 45 10
21 74 -8
21 63 -7
21 44 -9
21 54 4
21 53 7
22 25 -10
22 66 -7
22 39 -1
22 68 6
22 33 -4
22 37 0
22 27 8
22 70 2
22 83 2
22 74 0
22 77 -2
22 48 1
22 100 -5
22 55 6
22 28 2
22 51 10
22 30 1
22 24 -10
22 60 10
22 87 -7
22 92 10
22 69 5
22 41 2
22 35 9
22 57 8
22 72 -1
22 58 -4
22 63 -10
22 46 7
22 78 6
22 97 4
22 23 -8
22 89 9
22 84 -2
22 91 -1
22 31 8
22 45 6
22 99 -4
22 98 -5
22 47 7
23 53 -8
23 33 10
23 67 6
23 70 3
23 71 -1
23 58 1
23 83 -2
23 56 -5
23 24 8
23 40 -3
23 36 -1
23 50 8
23 97 9
23 60 9
23 87 6
23 65 0
23 95 0
23 68 7
23 37 -10
23 84 4
23 78 7
23 96 -1
23 72 -8
23 47 5
23 62 5
23 38 -9
23 66 3
23 48 3
23 42 -5
23 61 -3
23 25 5
23 49 7
23 54 -1
23 27 5
23 73 6
23 29 -2
23 26 6
23 69 -5
23 94 -8
23 46 -10
23 63 -7
24 85 -10
24 35 -8
24 78 1
24 46 -1
24 56 5
24 77 0
24 76 10
24 61 8
24 68 -1
24 62 9
24 57 5
24 74 1
24 92 -3
24 66 -3
24 60 5
24 88 4
24 36 -3
24 65 -2
24 54 4
24 73 10
24 75 -1
24 53 7
24 64 8
24 29 -2
24 49 -4
24 67 9
24 42 -4
24 26 -1
24 50 10
24 32 3
24 40 -9
24 33 3
24 95 -10
24 55 10
24 71 -9
24 82 6
24 31 -10
25 32 6
25 52 0
25 69 1
25 33 -7
25 79 3
25 72 8
25 67 -1
25 81 -8
25 58 7
25 63 7
25 89 -10
25 37 -10
25 43 10
25 83 -7
25 56 1
25 76 -6
25 75 2
25 40 0
25 47 -2
25 80 2
25 44 -8
25 74 -5
25 53 8
25 86 8
25 85 10
25 29 -5
25 54 1
25 87 2
25 35 -8
25 64 0
25 42 9
25 28 3
25 34 -8
25 39 3
25 96 5
25 45 8
25 59 -1
25 48 5
25 100 5
25 77 -10
26 85 1
26 27 6
26 30 3
26 32 3
26 60 1
26 83 -4
26 67 10
26 51 5
26 69 -10
26 87 5
26 53 9
26 95 -1
26 70 5
26 90 -7
26 88 1
26 57 -3
26 64 4
26 55 -1
26 92 -10
26 42 -10
26 97 4
26 76 -4
26 38 -5
26 86 -4
26 45 5
26 37 -1
26 52 6
26 71 -4
26 79 8
26 54 9
26 56 -10
26 91 8
26 47 7
26 33 6
26 65 9
26 68 3
26 63 0
26 50 -8
26 49 5
26 35 -1
26 99 9
27 61 -6
27 85 -7
27 49 3
27 78 -4
27 29 -5
27 28 10
27 52 3
27 60 -6
27 66 4
27 74 -3
27 65 4
27 53 -4
27 95 3
27 51 -6
27 47 5
27 86 6
27 34 5
27 87 6
27 62 0
27 39 6
27 97 8
27 76 -7
27 75 3
27 38 -3
27 92 -1
27 35 -1
27 91 0
27 54 -4
27 58 4
27 50 5
27 80 -3
28 62 6
28 61 8
28 78 0
28 59 2
28 94 -8
28 93 1
28 80 -3
28 65 8
28 99 6
28 79 -1
28 33 -4
28 81 8
28 63 1
28 98 -8
28 74 6
28 38 0
28 47 7
28 75 1
28 57 -10
28 70 3
28 66 -5
28 35 -1
28 52 3
28 55 -3
28 82 4
28 36 -5
28 95 3
28 88 -8
28 56 -4
28 73 5
28 44 10
28 42 8
28 86 4
28 84 -3
28 76 -8
28 53 -8
28 90 0
28 31 -10
28 64 -8
29 58 -3
29 48 -9
29 55 0
29 51 5
29 60 8
29 66 8
29 81 -2
29 75 9
29 70 2
29 96 3
29 63 9
29 32 -8
29 49 -6
29 82 10
29 54 1
29 85 8
29 41 -4
29 89 1
29 65 -3
29 68 1
29 90 -3
29 100 1
29 88 5
29 93 6
29 69 10
29 61 2
29 94 6
29 53 6
29 98 2
29 35 -1
30 38 1
30 88 9
30 78 -6
30 98 -5
30 63 -7
30 84 -4
30 35 0
30 91 9
30 80 -6
30 59 2
30 83 2
30 100 -3
30 73 -5
30 52 -7
30 49 6
30 39 -10
30 58 5
30 32 -8
30 40 9
30 43 10
30 67 1
30 86 -8
30 72 10
30 81 4
30 41 -3
30 70 4
30 69 3
30 64 -4
30 79 10
30 36 -1
30 53 8
30 95 3
30 99 1
30 50 8
30 76 -6
31 98 -10
31 78 0
31 92 -9
31 67 1
31 96 -9
31 63 -9
31 62 6
31 32 -9
31 80 -2
31 40 -9
31 64 -4
31 87 -7
31 47 8
31 61 -9
31 86 0
31 51 10
31 81 6
31 77 -8
31 59 -7
31 89 0
31 58 -9
31 55 -6
31 48 -5
31 34 7
31 42 10
31 38 -1
31 37 -9
31 52 9
31 100 2
31 69 9
31 41 3
31 97 0
31 76 10
31 44 2
31 57 -7
31 85 0
31 60 8
32 35 7
32 91 0
32 47 5
32 63 -10
32 83 6
32 79 1
32 66 -9
32 74 2
32 99 5
32 88 -9
32 64 1
32 60 -6
32 45 10
32 62 1
32 37 -8
32 69 3
32 77 4
32 61 10
32 49 10
32 80 -4
32 33 2
32 58 5
32 46 9
32 53 4
32 54 -4
32 96 0
32 84 -4
32 67 -8
32 78 -9
32 75 3
32 34 -9
32 50 9
32 73 -9
32 41 3
32 52 7
32 57 1
32 81 6
32 93 -2
33 89 1
33 54 10
33 96 -9
33 38 -9
33 37 8
33 42 3
33 84 -10
33 100 6
33 88 -7
33 91 0
33 56 0
33 90 2
33 61 -8
33 53 10
33 71 -3
33 45 1
33 95 9
33 59 -7
33 46 1
33 62 -1
33 80 -9
33 74 2
33 86 -2
33 83 -6
33 76 3
33 72 -5
33 75 -6
33 85 6
33 60 -6
33 40 7
33 82 -9
34 40 -7
34 47 1
34 79 1
34 70 -5
34 41 -10
34 64 10
34 96 3
34 46 9
34 42 -1
34 50 4
34 73 -10
34 61 -9
34 52 1
34 62 6
34 89 8
34 88 -10
34 85 7
34 83 -9
34 58 -8
34 100 0
34 35 6
34 67 -10
34 91 9
34 75 -5
34 53 7
34 51 6
34 84 0
34 69 -10
34 56 -6
34 57 2
34 43 -5
34 48 -7
35 81 2
35 54 -10
35 89 -4
35 61 -1
35 79 8
35 75 -3
35 39 -6
35 68 3
35 77 -3
35 70 10
35 76 -9
35 43 -7
35 84 -9
35 50 3
35 97 8
35 74 -7
35 69 5
35 87 -4
35 44 4
35 67 -9
35 37 4
35 78 -7
35 46 6
35 59 5
35 56 2
35 72 0
35 92 -6
35 82 -7
35 52 -3
35 36 5
35 95 -7
35 41 6
36 88 6
36 78 9
36 72 4
36 77 1
36 44 7
36 51 4
36 79 7
36 47 -5
36 45 -8
36 70 -8
36 61 8
36 94 0
36 38 -3
36 71 -7
36 92 9
36 85 -9
36 63 2
36 67 -4
36 95 5
36 89 3
36 73 -1
36 90 5
36 56 -5
36 66 6
36 99 -10
36 80 -8
36 42 0
36 75 -8
36 96 10
36 98 -6
37 52 -4
37 60 4
37 81 10
37 46 -10
37 97 5
37 41 -4
37 99 6
37 53 8
37 98 -1
37 67 6
37 84 -6
37 48 -6
37 100 -2
37 69 4
37 77 -5
37 70 3
37 80 -10
37 54 9
37 76 -8
37 56 -4
37 59 10
37 61 8
37 62 0
37 95 -10
37 63 -3
37 89 4
37 94 0
37 44 3
37 50 8
37 91 5
37 93 -3
37 78 -2
37 66 -3
38 66 -7
38 67 6
38 53 2
38 75 -8
38 45 -5
38 71 -10
38 60 5
38 59 -2
38 97 0
38 76 10
38 62 9
38 52 -6
38 82 -3
38 98 -10
38 81 -4
38 48 -1
38 73 -6
38 100 1
38 47 -9
38 78 4
38 40 -6
38 89 -1
38 94 1
38 80 9
38 90 -9
38 49 -1
38 83 -4
38 58 0
38 74 -8
38 51 -7
38 70 -4
38 39 4
38 96 -6
39 57 -1
39 63 9
39 43 -1
39 53 -6
39 81 5
39 44 10
39 68 -3
39 93 7
39 50 2
39 64 -1
39 74 -1
39 58 8
39 56 8
39 60 8
39 99 -3
39 97 5
39 75 7
39 96 0
39 41 -2
39 92 0
39 79 -6
39 90 -8
39 77 0
39 78 10
39 73 -7
39 55 -5
39 70 -2
39 98 -5
39 100 6
39 49 6
39 80 -9
39 54 -8
39 95 -8
39 94 -10
39 47 -5
40 47 -10
40 54 5
40 79 2
40 90 -3
40 42 6
40 59 7
40 64 0
40 62 -3
40 50 10
40 61 -6
40 85 -3
40 48 4
40 56 7
40 97 -1
40 77 8
40 92 8
40 44 8
40 81 10
40 67 3
40 93 1
40 63 8
40 94 9
40 75 -6
40 60 -6
40 88 -8
40 66 4
40 46 10
40 82 8
40 52 6
41 68 -3
41 83 -6
41 70 8
41 94 2
41 46 -4
41 49 6
41 75 5
41 93 -5
41 97 10
41 76 9
41 79 -2
41 86 8
41 45 -8
41 99 1
41 100 10
41 92 -6
41 69 6
41 43 -10
41 72 2
41 87 9
41 73 3
41 42 0
41 62 -2
41 64 -1
41 57 -6
41 51 -4
42 69 4
42 97 9
42 48 4
42 79 2
42 54 -8
42 55 2
42 83 1
42 50 0
42 76 -8
42 47 -3
42 58 -8
42 53 10
42 91 -8
42 85 -9
42 67 0
42 61 0
42 57 4
42 46 10
42 64 -5
42 84 2
42 59 7
42 78 4
42 89 9
42 99 10
42 43 -3
42 73 9
42 62 -10
42 71 8
42 49 6
43 58 -3
43 93 -9
43 62 10
43 98 8
43 80 -7
43 60 4
43 95 10
43 99 7
43 57 -6
43 59 5
43 77 -3
43 44 7
43 48 6
43 70 -4
43 65 -8
43 71 -8
43 47 -4
43 86 9
43 56 6
43 66 -9
43 50 -10
43 46 8
43 100 6
43 90 3
43 74 -4
43 45 -10
43 53 -3
43 83 3
43 96 -7
44 83 -8
44 88 6
44 96 -1
44 58 6
44 57 -4
44 65 -9
44 46 -7
44 49 -3
44 92 -3
44 75 8
44 54 -6
44 62 2
44 63 -8
44 94 9
44 59 10
44 89 5
44 50 5
44 61 3
44 76 9
44 47 9
44 60 -2
44 100 -1
44 85 -2
44 68 1
44 51 0
44 95 -3
44 87 -7
44 70 6
44 53 -4
44 78 -9
44 72 6
44 77 -4
44 48 -8
45 49 -5
45 60 -4
45 55 2
45 71 7
45 72 9
45 81 -8
45 56 9
45 73 -7
45 65 -8
45 59 -1
45 53 -7
45 79 4
45 48 10
45 87 2
45 66 -5
45 74 -5
45 70 9
45 67 -4
45 85 -2
45 47 10
45 80 -5
45 98 0
45 68 -2
45 54 10
45 97 4
46 66 -10
46 92 -5
46 83 3
46 93 -10
46 91 6
46 74 -2
46 80 -9
46 50 -10
46 86 8
46 76 8
46 68 -6
46 54 -6
46 48 -1
46 77 3
46 90 3
46 62 5
46 79 -8
46 59 3
46 87 -2
46 73 -2
46 67 6
46 61 7
46 65 7
46 53 8
46 56 8
46 85 -9
46 95 1
46 69 7
46 75 0
46 84 -9
46 94 -5
47 90 6
47 60 1
47 61 0
47 87 4
47 100 5
47 80 3
47 64 -3
47 88 0
47 73 -9
47 83 -8
47 94 -2
47 59 6
47 58 -9
47 89 6
47 74 5
47 81 3
47 50 -3
47 98 -3
47 76 -1
47 57 -3
47 56 -9
47 78 7
47 91 -9
47 71 -10
47 48 1
47 95 -7
47 97 -3
47 75 -5
47 77 0
47 82 -2
47 84 7
48 60 5
48 88 -2
48 51 -7
48 59 -2
48 74 -6
48 91 1
48 56 2
48 79 1
48 50 -4
48 61 10
48 73 -9
48 64 1
48 82 9
48 75 1
48 62 4
48 65 9
48 84 4
48 70 0
48 72 -6
48 86 -2
48 52 1
48 68 3
49 88 -4
49 68 2
49 52 -2
49 63 -7
49 95 -6
49 75 -7
49 77 5
49 78 -4
49 58 6
49 80 -1
49 70 -6
49 61 -1
49 87 4
49 57 -4
49 83 -7
49 92 3
49 84 2
49 50 0
49 99 -2
49 64 4
49 54 4
49 96 0
49 74 -4
49 69 10
50 56 8
50 54 6
50 80 0
50 83 -2
50 78 -2
50 77 1
50 86 -10
50 62 -3
50 95 2
50 64 -9
50 76 8
50 52 4
50 98 5
50 79 2
50 73 -10
50 69 -5
50 75 -7
50 92 -5
50 91 10
50 74 6
50 60 6
50 70 10
50 53 6
50 68 10
50 93 -4
50 96 -3
50 90 -7
50 94 6
50 51 -9
50 87 0
51 56 -7
51 86 -1
51 65 8
51 73 0
51 57 10
51 85 0
51 54 -7
51 52 -1
51 90 -5
51 68 6
51 60 6
51 58 0
51 96 10
51 77 -10
51 93 1
51 89 -1
51 84 -7
51 94 8
51 95 -3
51 80 8
51 78 2
51 81 -4
51 82 4
51 83 -9
51 70 2
51 71 10
51 88 7
51 64 -10
52 70 -4
52 99 7
52 76 -8
52 56 -2
52 64 -7
52 95 -8
52 93 6
52 63 7
52 85 2
52 82 4
52 65 8
52 55 5
52 74 0
52 80 7
52 91 -7
52 61 3
52 100 -8
53 88 0
53 98 9
53 80 -5
53 54 0
53 95 9
53 57 10
53 67 2
53 87 -8
53 68 2
53 81 3
53 71 -4
53 69 -9
53 91 -5
53 59 0
53 73 0
53 96 4
53 94 1
53 74 -6
53 58 1
53 62 1
53 85 0
53 65 3
53 82 6
53 97 0
53 63 -8
53 79 10
54 73 -1
54 80 7
54 64 6
54 57 -8
54 56 0
54 71 -3
54 76 -6
54 81 10
54 99 10
54 97 -2
54 84 3
54 86 -10
54 79 0
54 87 7
54 91 3
54 65 -5
54 66 5
54 88 -3
54 92 -2
54 94 8
54 83 -6
54 61 3
54 55 1
54 69 0
54 62 7
55 59 -9
55 74 4
55 80 6
55 57 -8
55 60 -9
55 82 0
55 56 -6
55 65 3
55 96 2
55 84 -6
55 91 -10
55 79 9
55 87 -10
55 95 -1
55 92 -7
55 78 2
55 81 5
55 61 9
55 76 4
55 69 2
55 58 1
56 77 -7
56 83 8
56 75 -1
56 89 2
56 95 -5
56 74 -5
56 98 -2
56 67 6
56 58 -10
56 57 -7
56 84 -7
56 86 7
56 59 -6
56 81 8
56 66 -2
56 62 4
56 65 -6
56 88 -7
56 90 2
56 61 1
56 79 2
56 96 7
56 100 -8
56 97 -10
56 85 -9
56 60 4
56 71 -8
57 65 9
57 84 0
57 73 3
57 86 -8
57 74 -1
57 76 -9
57 93 -4
57 94 4
57 89 -9
57 79 -10
57 80 5
57 72 10
57 77 3
57 71 6
57 95 7
57 99 7
57 92 -8
57 98 1
57 63 4
57 85 7
58 96 10
58 60 6
58 69 -8
58 88 -8
58 85 -10
58 59 -7
58 97 5
58 83 10
58 72 -5
58 79 6
58 75 -9
58 93 0
58 92 1
58 74 -4
58 94 9
58 64 0
58 61 9
58 90 -6
58 82 -9
58 76 -10
58 98 -1
59 75 3
59 100 -8
59 69 -9
59 68 0
59 82 0
59 67 2
59 62 3
59 73 -10
59 66 1
59 93 10
59 90 4
59 74 9
59 60 -6
59 97 0
60 90 -8
60 78 7
60 63 -9
60 96 2
60 95 -4
60 87 -6
60 83 10
60 65 -6
60 86 7
60 64 8
60 84 -3
60 79 -4
60 89 3
60 70 5
60 69 6
60 82 -8
60 80 -10
60 97 4
60 92 -2
60 81 -7
60 85 -10
61 75 -10
61 77 3
61 65 -7
61 68 -7
61 86 9
61 83 8
61 88 -3
61 80 -8
61 62 2
61 72 4
61 91 -2
61 74 10
61 84 10
61 73 -4
61 97 1
61 69 0
61 81 -4
61 93 -3
61 71 5
61 87 8
61 63 -6
61 79 -4
61 99 -3
61 66 -9
61 90 6
62 71 0
62 82 -9
62 68 8
62 90 -3
62 63 8
62 74 5
62 98 -5
62 94 -6
62 72 -2
62 73 -6
62 78 4
62 77 -1
62 96 5
62 66 -9
62 79 1
62 80 -10
62 85 5
62 88 -2
63 89 2
63 97 1
63 99 7
63 72 7
63 93 1
63 92 7
63 86 -8
63 70 4
63 87 -7
63 79 -4
63 71 -8
63 100 -4
63 75 7
63 76 1
63 69 -10
63 98 -5
63 73 2
63 84 8
63 94 5
64 73 8
64 91 -10
64 81 -1
64 86 -3
64 71 -6
64 76 -2
64 95 9
64 98 0
64 97 1
64 89 10
64 69 9
64 94 -2
64 82 -7
64 66 8
64 90 -10
64 84 9
65 92 7
65 80 -4
65 96 -6
65 77 -5
65 84 9
65 76 -3
65 94 -8
65 75 5
65 91 -5
65 97 2
65 78 -5
65 82 -7
65 66 6
65 99 2
65 70 -2
65 90 -9
65 86 10
65 68 -3
65 79 -1
66 78 -1
66 91 5
66 79 -3
66 75 -2
66 82 -1
66 68 -3
66 87 0
66 67 -2
66 69 9
66 96 -9
66 83 -10
66 88 8
66 70 8
66 73 -6
66 80 -1
66 97 1
66 84 1
67 74 -3
67 71 5
67 76 -6
67 89 -1
67 95 10
67 100 -4
67 93 -1
67 69 -10
67 90 2
67 94 -5
67 80 -2
67 79 4
67 91 -9
67 73 7
67 96 -9
67 98 7
67 88 1
68 95 -8
68 78 -10
68 70 1
68 80 5
68 86 -6
68 88 0
68 71 7
68 72 -3
68 76 -7
68 84 1
69 80 1
69 81 -7
69 74 -5
69 76 9
69 82 -4
69 85 7
69 92 6
69 94 -6
69 84 10
69 79 9
69 78 -6
69 86 -3
69 75 -1
69 90 -1
69 91 9
69 96 9
70 77 -2
70 99 4
70 81 -8
70 89 6
70 97 -6
70 84 -8
70 79 -9
70 91 4
70 75 -3
70 94 -4
70 72 -10
70 96 0
70 86 -10
70 76 5
70 95 3
70 98 -8
70 87 -7
70 80 2
70 78 -9
71 93 10
71 81 2
71 75 4
71 97 3
71 94 4
71 82 -1
71 80 -7
71 77 5
71 79 -9
71 85 -5
71 74 0
71 87 6
71 84 -6
71 88 8
71 90 -7
71 92 3
71 83 -9
71 96 -3
72 75 -8
72 97 4
72 86 -3
72 92 7
72 77 5
72 94 -2
72 98 -9
72 74 -8
72 80 2
72 99 6
72 76 -8
72 100 5
72 96 6
72 90 -1
72 84 8
72 89 -4
73 85 3
73 81 -3
73 83 -3
73 95 8
73 96 -9
73 77 10
73 97 6
73 78 -8
73 86 -9
73 94 0
74 100 -2
74 86 0
74 82 -2
74 84 10
74 93 -4
74 89 9
74 75 1
74 97 -6
74 81 3
75 98 6
75 91 -7
75 89 -10
75 83 -8
75 99 5
75 86 10
75 93 5
75 97 -6
75 90 -1
75 96 -3
75 77 6
75 92 3
75 85 0
76 89 -10
76 99 -4
76 84 -9
76 79 7
76 87 5
76 91 1
76 94 5
76 86 7
76 83 -8
76 81 -10
77 83 3
77 82 7
77 100 -10
77 84 -9
77 98 0
77 81 -9
77 97 4
77 94 10
77 99 -5
77 90 5
77 86 0
78 91 -2
78 94 5
78 81 -8
78 98 6
78 99 -10
79 89 7
79 88 -3
79 93 -10
79 96 3
79 92 3
79 84 -2
79 86 -10
79 90 3
80 92 6
80 83 9
80 98 1
80 100 5
80 86 -2
80 93 9
80 84 0
80 94 2
80 81 -3
80 88 -6
81 96 -5
81 93 1
81 99 -6
81 90 -2
81 84 -4
81 82 5
81 92 10
82 97 8
82 91 0
82 88 3
82 87 -1
82 96 10
82 85 0
82 93 6
83 84 7
83 90 0
83 100 1
83 85 4
83 99 1
83 98 3
83 86 5
83 97 -7
84 99 1
84 95 -9
84 93 6
84 97 4
84 100 1
84 92 2
84 88 -1
84 96 2
85 96 2
85 87 2
85 93 -4
85 88 -10
85 94 -7
85 91 -7
85 97 7
85 92 -2
86 90 -8
86 94 -5
86 89 -10
86 95 -7
86 93 -2
86 96 7
86 91 0
87 95 -2
87 91 -2
87 98 -2
87 89 8
87 93 -4
87 90 -4
87 97 -2
87 100 -4
88 96 5
88 92 4
88 100 -6
88 98 -5
88 97 2
88 89 -6
88 90 -1
89 92 0
89 94 0
89 93 1
89 91 3
89 98 5
90 99 4
90 91 -8
90 98 -4
90 96 -5
90 93 0
91 94 3
91 96 -7
91 97 8
91 95 -6
91 100 5
92 96 -8
92 99 -2
92 93 3
92 95 3
92 100 -7
92 97 -4
93 96 3
93 100 -6
93 98 10
93 97 -5
93 99 0
94 99 -3
94 100 8
94 98 9
95 99 8
95 97 8
95 98 -6
96 99 1
96 97 -3
96 100 8
97 98 0
97 99 7
97 100 -1
98 99 -5
