100 2475 
1 70 -9
1 78 8
1 39 -2
1 27 -10
1 19 9
1 24 10
1 51 6
1 29 -3
1 57 1
1 55 6
1 63 6
1 48 -8
1 20 1
1 35 -2
1 77 10
1 53 -1
1 73 -9
1 28 -8
1 44 -7
1 43 4
1 58 10
1 17 -3
1 88 -3
1 61 -4
1 66 2
1 64 -10
1 75 10
1 89 -6
1 2 5
1 79 9
1 93 -5
1 25 -1
1 7 -1
1 82 -8
1 21 -7
1 13 -2
1 49 5
1 72 -8
1 54 8
1 96 -6
1 23 -4
1 95 -6
1 34 0
1 9 -6
1 91 4
1 22 10
1 69 7
1 98 3
1 52 -5
1 97 9
1 92 -6
1 83 -9
1 76 4
2 62 -1
2 46 9
2 54 3
2 36 5
2 72 -9
2 83 -10
2 6 3
2 97 -9
2 93 -9
2 25 10
2 14 10
2 33 -9
2 82 3
2 100 1
2 20 6
2 90 -9
2 66 -1
2 98 8
2 68 1
2 35 2
2 40 6
2 76 -8
2 85 4
2 73 -5
2 18 10
2 51 5
2 56 -1
2 26 -5
2 77 -1
2 96 -8
2 8 -2
2 27 9
2 92 5
2 58 0
2 81 2
2 79 5
2 87 -7
2 80 2
2 28 8
2 84 -1
3 86 1
3 36 4
3 98 1
3 14 1
3 96 0
3 99 4
3 93 -2
3 53 -8
3 41 0
3 67 2
3 20 -5
3 71 6
3 72 3
3 15 -6
3 28 -1
3 82 -8
3 45 -5
3 37 10
3 10 0
3 87 -5
3 88 -1
3 11 -1
3 91 -2
3 63 -5
3 22 -6
3 23 -8
3 9 -2
3 38 0
3 70 2
3 43 -9
3 83 4
3 33 6
3 90 -7
3 32 -9
3 59 6
3 79 7
3 84 -6
3 74 -3
3 6 2
3 16 -3
3 68 6
3 64 6
3 18 -5
3 19 9
3 80 2
3 5 -6
3 30 6
3 50 9
3 49 8
3 39 10
3 73 6
3 4 -5
3 66 -9
4 86 7
4 91 -2
4 82 4
4 64 5
4 57 2
4 65 9
4 58 10
4 17 9
4 38 -3
4 56 6
4 28 5
4 52 -9
4 54 4
4 50 -8
4 81 3
4 53 1
4 8 -6
4 30 -7
4 43 2
4 48 -8
4 99 3
4 19 8
4 40 -7
4 39 -9
4 85 -1
4 55 2
4 16 -6
4 6 5
4 88 8
4 47 2
4 45 10
4 44 3
4 14 1
4 96 -6
4 79 -1
4 32 8
4 25 -5
4 100 -1
4 87 -3
4 20 4
4 61 2
4 60 6
4 77 6
4 12 8
5 22 10
5 77 0
5 83 -2
5 13 0
5 76 10
5 96 4
5 31 -10
5 88 0
5 32 1
5 75 9
5 24 3
5 59 1
5 80 -5
5 93 2
5 91 5
5 8 -6
5 65 1
5 33 0
5 52 8
5 60 4
5 67 -10
5 100 4
5 10 -10
5 50 -10
5 7 -4
5 78 -1
5 26 -4
5 73 5
5 21 7
5 81 -9
5 18 -10
5 58 1
5 23 2
5 41 -2
5 14 7
5 47 1
5 54 -2
5 68 -2
5 28 8
5 86 -6
5 43 7
5 56 0
5 6 1
5 66 8
5 37 7
5 40 -1
5 44 1
6 57 -4
6 69 -10
6 58 -8
6 31 1
6 70 6
6 12 3
6 11 1
6 14 -8
6 83 -8
6 39 -2
6 67 6
6 91 -5
6 75 9
6 33 -6
6 22 9
6 61 8
6 45 6
6 59 8
6 94 2
6 87 -8
6 53 4
6 23 -2
6 95 -8
6 65 -1
6 76 10
6 7 1
6 10 -3
6 96 -5
6 36 9
6 72 -5
6 56 -5
6 38 6
6 17 8
6 64 -6
6 34 3
6 46 -5
6 71 -7
6 55 -5
6 24 0
6 37 -2
6 60 -2
6 16 5
6 19 -7
6 100 -5
6 79 -5
6 97 0
6 15 1
6 29 -10
6 88 -1
6 62 5
7 68 10
7 15 2
7 70 7
7 64 -6
7 65 -4
7 42 -7
7 36 10
7 74 -4
7 71 -5
7 66 4
7 51 7
7 21 9
7 84 3
7 33 -5
7 63 -6
7 30 4
7 45 6
7 95 -2
7 88 -5
7 18 9
7 41 -1
7 9 -4
7 80 0
7 13 8
7 72 4
7 81 -2
7 17 -8
7 54 -5
7 57 -5
7 100 -7
7 48 -7
7 69 7
7 34 -2
7 49 -8
7 85 7
7 46 5
7 67 2
7 14 10
7 73 -6
7 26 -6
7 96 2
7 8 3
7 76 6
7 97 -4
7 53 -5
7 92 -8
8 84 -8
8 91 -4
8 46 4
8 53 -5
8 47 10
8 40 0
8 67 -8
8 56 4
8 29 -10
8 97 1
8 99 -1
8 62 -6
8 44 -2
8 92 -9
8 80 -3
8 68 -1
8 66 -1
8 74 -1
8 50 -2
8 33 -6
8 9 0
8 87 -6
8 14 -7
8 43 -2
8 55 5
8 57 8
8 71 2
8 32 -8
8 38 1
8 83 -9
8 59 9
8 39 6
8 95 5
8 76 -1
8 28 -7
8 81 3
8 88 7
8 30 -3
8 13 7
8 27 1
8 26 10
8 94 7
8 12 -2
8 37 5
8 89 -1
8 64 -1
8 24 -8
8 86 9
8 16 -9
9 30 9
9 96 7
9 74 6
9 79 -6
9 23 4
9 10 -2
9 27 9
9 15 -9
9 43 7
9 40 9
9 82 5
9 36 2
9 41 -4
9 24 9
9 25 2
9 72 6
9 52 -1
9 84 1
9 29 -9
9 65 9
9 45 -8
9 87 -10
9 83 -10
9 89 -7
9 39 -6
9 71 10
9 64 -8
9 16 -8
9 32 2
9 68 7
9 20 -6
9 91 -5
9 35 10
9 44 -3
9 97 -3
9 17 9
9 85 9
9 56 6
9 100 -1
9 55 8
9 92 -10
9 26 4
9 12 -1
9 76 -5
9 14 -5
10 32 1
10 46 -1
10 66 -2
10 81 -4
10 21 -3
10 90 -2
10 74 -8
10 99 4
10 34 2
10 28 3
10 58 3
10 54 5
10 36 -5
10 42 -8
10 89 8
10 82 -7
10 12 -4
10 75 -3
10 97 5
10 61 -3
10 41 4
10 17 -1
10 60 4
10 35 -9
10 14 -6
10 37 5
10 84 -3
10 23 2
10 33 -6
10 91 8
10 13 6
10 11 10
10 79 -3
10 67 -6
10 47 -1
10 20 4
10 59 1
10 16 -8
10 45 9
10 44 -5
10 49 5
10 52 7
10 55 -6
10 88 4
10 65 -7
10 40 -5
10 57 3
10 83 8
10 38 0
11 94 -7
11 44 -6
11 42 -9
11 88 8
11 22 -9
11 39 -1
11 37 -9
11 46 6
11 16 10
11 79 6
11 30 -4
11 35 2
11 90 -8
11 36 6
11 57 4
11 97 0
11 17 1
11 85 8
11 23 -1
11 52 -3
11 20 6
11 100 -3
11 91 6
11 86 3
11 63 5
11 33 7
11 18 3
11 58 -9
11 93 -4
11 60 -2
11 95 -9
11 69 -4
11 76 0
11 26 -6
11 77 6
11 38 2
11 72 -2
11 56 -8
11 99 -6
11 70 4
11 87 -5
11 82 2
11 53 7
11 45 6
11 31 -8
11 75 9
11 54 1
11 29 5
11 81 -10
11 78 1
11 14 -9
11 84 -2
12 66 0
12 21 4
12 82 -7
12 24 1
12 39 10
12 80 -2
12 32 -1
12 65 -2
12 70 -2
12 34 8
12 93 -7
12 98 3
12 15 -4
12 42 -8
12 75 7
12 72 -3
12 85 7
12 91 -3
12 28 -4
12 52 -8
12 41 -6
12 64 10
12 78 3
12 95 -2
12 22 4
12 36 -9
12 30 8
12 69 -3
12 47 7
12 17 9
12 88 -1
12 94 -7
12 79 2
12 45 1
12 59 0
12 44 -3
12 55 -1
12 62 -2
12 90 -2
12 53 -2
12 18 -4
12 50 -3
12 77 -1
12 48 -7
12 20 -3
12 56 2
12 51 7
12 87 0
12 23 6
12 89 7
12 86 6
13 89 0
13 20 -8
13 68 5
13 78 5
13 32 -7
13 96 9
13 80 3
13 52 7
13 81 -7
13 88 8
13 60 0
13 64 -6
13 92 -10
13 94 9
13 97 10
13 46 -5
13 61 -8
13 29 -3
13 62 -3
13 48 -9
13 27 5
13 84 -5
13 99 5
13 15 10
13 28 3
13 93 -5
13 31 0
13 36 -3
13 56 7
13 33 3
13 16 -10
13 75 -5
13 35 4
13 65 7
13 18 -10
13 63 2
13 54 3
13 58 6
13 39 -10
13 14 -8
14 88 2
14 80 -3
14 17 -3
14 33 8
14 28 -10
14 76 10
14 41 1
14 98 -2
14 87 -2
14 72 5
14 67 -7
14 58 -9
14 45 8
14 24 1
14 38 10
14 64 -8
14 21 -5
14 100 -6
14 69 -1
14 90 2
14 20 10
14 85 6
14 46 2
14 82 -3
14 96 10
14 35 -9
14 40 -9
14 74 1
14 47 -2
14 68 0
14 61 -10
14 77 6
14 34 10
14 22 10
14 94 4
14 75 -1
15 38 9
15 72 -2
15 94 9
15 24 -2
15 32 -5
15 46 -7
15 80 7
15 83 9
15 74 10
15 99 2
15 90 -5
15 53 6
15 86 -10
15 36 -10
15 51 7
15 91 -4
15 95 -10
15 45 4
15 63 -1
15 22 -3
15 82 -4
15 88 8
15 64 -9
15 87 -2
15 43 -2
15 93 3
15 47 -6
15 50 6
15 44 -8
15 70 -1
15 62 1
15 31 9
15 98 4
15 77 -1
15 85 -8
15 42 -10
15 39 7
15 19 -8
15 28 6
15 76 -1
16 85 8
16 41 -3
16 52 6
16 74 -5
16 92 -9
16 53 2
16 33 9
16 40 3
16 27 2
16 75 9
16 72 -4
16 84 5
16 69 3
16 26 7
16 59 1
16 79 10
16 48 10
16 30 1
16 62 -8
16 58 7
16 37 2
16 54 1
16 91 2
16 57 5
16 78 0
16 93 2
16 55 -10
16 56 -3
16 47 5
16 86 10
16 51 9
16 66 5
16 95 0
16 100 -1
16 65 -6
16 94 -5
16 99 -6
16 80 -3
16 36 6
16 71 0
16 39 -9
16 73 -3
17 37 -3
17 75 -1
17 78 2
17 43 -2
17 64 -3
17 76 -3
17 58 -8
17 97 6
17 84 6
17 29 6
17 80 -2
17 26 10
17 45 0
17 63 -4
17 66 -6
17 28 -10
17 19 -5
17 89 -7
17 36 6
17 60 5
17 71 5
17 51 -10
17 25 2
17 35 10
17 31 -1
17 94 6
17 69 8
17 68 -5
17 59 4
17 22 -3
17 98 -3
17 32 -1
17 99 -9
17 54 3
17 73 3
17 34 1
17 95 6
17 62 -2
17 41 9
17 81 -9
17 50 -5
17 88 8
18 50 2
18 46 -7
18 80 9
18 59 6
18 22 -1
18 91 -4
18 87 5
18 68 -2
18 36 1
18 28 6
18 56 10
18 58 9
18 65 2
18 20 -7
18 41 8
18 30 -9
18 19 9
18 29 -7
18 78 10
18 57 -8
18 66 4
18 77 -9
18 64 -6
18 95 8
18 42 -2
18 37 6
18 62 9
18 47 5
18 49 -10
18 34 -10
18 89 1
18 74 7
18 33 9
18 88 -10
18 63 3
18 86 -5
18 52 6
18 99 -4
18 100 4
18 94 3
18 97 2
19 53 -4
19 54 -2
19 48 -8
19 96 -8
19 38 0
19 78 6
19 52 1
19 42 5
19 92 -2
19 70 7
19 76 -6
19 29 -9
19 33 4
19 22 3
19 93 5
19 69 -7
19 94 -2
19 79 10
19 51 0
19 41 1
19 65 -9
19 58 -7
19 32 6
19 56 4
19 95 -8
19 81 -6
19 47 -8
19 59 4
19 84 2
19 46 10
19 39 -6
19 49 7
19 26 0
19 30 4
19 83 7
19 67 -10
19 89 2
19 86 -5
19 66 10
19 25 -8
20 25 1
20 57 9
20 77 -9
20 50 6
20 86 6
20 39 -5
20 76 8
20 27 -6
20 36 8
20 58 7
20 48 2
20 26 2
20 85 -4
20 100 -8
20 87 7
20 31 -3
20 74 2
20 29 1
20 97 10
20 53 -9
20 71 -7
20 65 2
20 67 -7
20 43 -4
20 22 2
20 60 6
20 34 3
20 44 8
20 95 9
20 63 0
20 33 -1
20 21 4
20 64 -5
20 24 2
20 62 -3
20 41 9
20 96 3
20 32 -9
20 89 8
20 51 -4
21 86 8
21 63 -9
21 44 -7
21 99 1
21 87 3
21 54 -9
21 85 2
21 60 -8
21 66 -5
21 88 1
21 31 1
21 59 9
21 49 7
21 75 -5
21 48 5
21 67 7
21 77 7
21 80 -10
21 40 -6
21 27 -7
21 96 3
21 92 5
21 93 7
21 22 9
21 38 -3
21 82 -7
21 55 1
21 89 -7
21 73 -1
21 90 -7
21 42 -5
21 68 0
21 91 -1
21 35 -2
21 83 -7
21 39 -10
21 46 9
21 25 3
21 64 7
22 64 9
22 94 0
22 78 -7
22 58 -8
22 52 4
22 28 -2
22 70 -10
22 49 -1
22 45 -6
22 82 -8
22 37 -10
22 44 4
22 99 2
22 48 4
22 83 5
22 86 3
22 92 -8
22 76 -5
22 29 1
22 57 -10
22 27 -5
22 59 6
22 81 3
22 69 0
22 97 6
22 88 -4
22 38 0
22 79 6
22 23 -5
22 43 -6
22 75 1
22 66 -5
22 54 -7
22 71 0
23 24 -1
23 47 -3
23 51 -7
23 62 -2
23 92 -5
23 33 6
23 74 8
23 32 7
23 25 3
23 43 1
23 76 0
23 38 -4
23 75 -9
23 91 3
23 59 0
23 81 -5
23 52 -4
23 97 2
23 48 5
23 55 1
23 69 10
23 79 -2
23 93 9
23 68 7
23 34 -3
23 36 -3
23 73 7
23 63 -4
23 57 -10
23 70 1
23 37 6
23 84 4
23 78 -10
23 60 7
23 98 -6
23 99 9
23 80 -9
23 95 -3
23 71 -1
23 89 2
23 77 10
24 70 -1
24 76 -6
24 54 -8
24 74 10
24 88 1
24 68 4
24 96 -1
24 63 8
24 44 -1
24 25 4
24 42 5
24 30 -1
24 72 4
24 65 -1
24 32 -3
24 51 4
24 31 6
24 80 0
24 62 9
24 33 2
24 26 6
24 85 7
24 84 -9
24 47 -9
24 35 7
24 81 4
24 61 1
24 95 3
24 89 -3
24 50 5
24 78 2
24 59 6
24 58 -2
25 28 9
25 36 -2
25 57 6
25 79 -2
25 74 4
25 32 -7
25 87 3
25 67 4
25 58 3
25 73 10
25 46 4
25 62 -7
25 95 4
25 82 4
25 42 8
25 30 -8
25 71 -10
25 88 -10
25 81 -3
25 91 -4
25 90 1
25 69 5
25 49 9
25 83 -1
25 37 3
25 93 4
25 50 5
25 68 1
25 56 -7
25 43 -4
25 64 5
25 63 -7
25 78 6
26 52 -9
26 70 8
26 81 5
26 64 -8
26 39 -1
26 40 -9
26 79 -6
26 93 9
26 48 -7
26 31 -8
26 47 -5
26 57 -9
26 84 -5
26 82 3
26 69 8
26 100 2
26 29 -2
26 45 9
26 44 -5
26 33 -3
26 83 0
26 60 7
26 30 10
26 61 8
26 46 6
26 89 4
26 72 -10
26 85 3
26 63 -4
26 77 -1
26 76 -7
26 50 4
26 54 -4
26 51 -8
26 37 5
26 92 8
26 90 0
26 65 -1
26 41 -7
26 28 1
26 99 -2
26 67 5
26 36 -9
26 94 -5
27 100 -2
27 38 2
27 82 -9
27 98 3
27 42 -8
27 39 7
27 86 4
27 97 1
27 69 -3
27 46 -5
27 66 0
27 30 -2
27 35 0
27 28 -9
27 79 -9
27 71 9
27 73 -2
27 55 4
27 29 10
27 48 0
27 53 10
27 50 2
27 65 0
27 74 0
27 31 3
27 58 8
27 75 4
27 52 -9
27 72 3
27 32 5
27 45 -6
27 59 -4
27 93 -9
27 49 10
27 64 -10
27 88 4
28 63 1
28 93 4
28 72 0
28 39 8
28 62 -7
28 52 1
28 77 -9
28 40 0
28 56 -9
28 81 -4
28 43 -5
28 41 -1
28 87 9
28 31 8
28 85 -3
28 59 -1
28 82 8
28 34 -1
28 99 -5
28 86 -6
28 42 8
28 66 -10
28 84 8
28 46 -6
28 54 -7
28 94 -3
28 65 -7
28 97 1
28 30 -2
28 88 5
28 80 3
28 51 9
28 91 -7
28 100 -1
28 90 3
28 67 -9
28 60 1
28 33 -2
28 35 -4
28 45 10
28 37 10
28 29 5
28 74 -8
28 44 -6
28 38 7
29 80 -7
29 84 6
29 77 9
29 34 4
29 74 5
29 97 2
29 94 -7
29 52 6
29 100 0
29 87 3
29 33 5
29 83 1
29 36 3
29 66 -4
29 88 5
29 79 9
29 78 -10
29 62 -8
29 56 2
29 43 -5
29 32 0
29 90 1
29 38 9
29 89 1
29 58 1
29 31 1
29 57 -8
29 64 10
29 81 2
29 61 7
29 41 9
29 44 -4
29 63 1
29 54 -9
29 39 9
29 59 -5
29 46 8
29 98 2
29 82 -1
29 75 5
29 71 -9
30 54 -2
30 70 0
30 80 -9
30 62 6
30 65 -10
30 95 -10
30 59 -3
30 100 9
30 83 -10
30 63 6
30 34 0
30 40 4
30 48 -2
30 97 10
30 43 7
30 47 -3
30 93 -7
30 84 -3
30 52 -4
30 69 -7
30 39 4
30 51 6
30 71 8
30 67 5
30 81 -4
31 44 9
31 71 -5
31 47 6
31 39 -9
31 34 4
31 94 2
31 42 -1
31 77 1
31 49 7
31 95 -10
31 83 -5
31 78 7
31 92 -4
31 66 7
31 93 -8
31 70 4
31 87 10
31 100 -1
31 35 -1
31 89 0
31 91 -10
31 40 5
31 88 -10
31 63 1
31 85 3
31 79 -2
31 52 1
31 69 6
32 48 -5
32 63 1
32 37 4
32 60 -9
32 82 -1
32 70 2
32 65 -4
32 61 -6
32 76 -3
32 45 7
32 58 1
32 38 1
32 83 -10
32 34 -7
32 93 0
32 64 1
32 91 -4
32 74 9
32 96 -7
32 84 0
32 50 8
32 80 0
32 66 -1
32 100 -5
32 94 -9
32 52 -6
32 41 -4
32 36 4
32 78 -10
32 85 9
32 97 -7
32 81 -4
32 75 6
32 86 -9
32 67 0
32 33 3
32 77 -4
33 39 -10
33 55 -4
33 54 1
33 95 1
33 50 -8
33 99 10
33 75 10
33 89 1
33 94 6
33 36 -5
33 79 3
33 100 7
33 97 1
33 56 -10
33 90 -3
33 65 -5
33 42 10
33 43 -10
33 37 0
33 40 9
33 60 0
33 74 -7
33 71 -4
33 59 7
33 34 -3
33 49 1
33 64 6
33 58 -2
34 52 -10
34 83 5
34 61 -8
34 40 -10
34 56 6
34 87 -5
34 92 0
34 85 9
34 41 0
34 35 1
34 86 -1
34 76 -4
34 38 9
34 94 6
34 49 -9
34 74 -4
34 78 8
34 88 -6
34 89 -5
34 44 0
34 50 -2
34 37 8
34 64 -7
34 77 10
34 62 -10
34 42 -1
34 68 -2
34 43 5
34 93 -9
34 51 1
35 64 -6
35 65 2
35 52 8
35 47 -7
35 90 1
35 94 -4
35 63 1
35 85 2
35 41 -8
35 61 9
35 88 1
35 50 0
35 80 8
35 59 1
35 93 6
35 83 -1
35 43 5
35 84 -6
35 49 0
35 38 -4
35 69 9
35 81 -4
35 39 -5
35 54 -10
35 36 -3
35 67 3
35 44 -6
35 78 9
35 99 -10
35 42 0
35 40 7
35 100 -9
36 70 7
36 43 3
36 55 2
36 79 -6
36 37 -1
36 95 4
36 57 -7
36 97 -6
36 47 -5
36 75 8
36 91 -9
36 38 4
36 39 8
36 64 -2
36 96 0
36 68 5
36 44 3
36 52 3
36 69 -2
36 71 10
36 60 7
36 58 4
36 73 4
36 100 7
36 99 10
36 66 -8
36 53 3
36 65 -5
36 88 10
36 67 -3
36 50 3
36 41 8
36 51 -7
37 92 -8
37 58 -7
37 41 4
37 68 3
37 70 -8
37 95 0
37 67 -1
37 47 -3
37 71 -2
37 81 -9
37 84 1
37 39 9
37 42 -2
37 85 10
37 52 0
37 77 3
37 49 6
37 64 1
37 48 -2
37 86 -1
37 75 -4
37 40 10
37 94 -5
37 50 8
37 82 1
37 59 1
37 99 -5
37 44 10
37 97 6
37 73 3
37 93 8
37 74 4
38 91 -8
38 83 -1
38 95 7
38 45 1
38 55 -6
38 49 1
38 71 -7
38 86 -2
38 42 -10
38 41 -4
38 97 -4
38 46 6
38 61 -3
38 67 10
38 72 10
38 79 5
38 69 -9
38 92 6
38 94 -6
38 70 5
38 59 0
38 88 2
38 78 -2
38 64 -6
38 80 -9
39 58 -5
39 82 -9
39 78 10
39 66 -4
39 40 -4
39 44 2
39 84 -3
39 59 0
39 77 4
39 85 3
39 60 -10
39 97 -3
39 61 8
39 81 -10
39 96 0
39 64 4
39 67 2
39 65 6
39 52 5
39 63 -5
39 57 -2
39 68 6
39 75 9
39 100 -7
39 50 -5
39 87 3
39 42 2
39 56 0
39 49 1
39 48 -3
39 89 4
39 88 -1
39 51 5
39 86 -5
39 83 1
39 43 -8
40 49 -3
40 92 -5
40 54 10
40 94 -1
40 67 -6
40 86 10
40 48 1
40 77 -3
40 84 -3
40 82 -5
40 71 4
40 81 0
40 56 -8
40 78 -1
40 59 -6
40 52 -5
40 93 -3
40 58 -1
40 44 1
40 74 -8
40 41 -8
40 68 -4
40 46 6
40 50 -1
40 47 9
40 89 -5
40 85 -9
40 76 10
40 80 -6
40 83 7
40 97 9
40 61 5
40 87 5
40 57 2
40 60 0
41 62 -4
41 60 -8
41 70 -2
41 66 -4
41 99 -1
41 44 -7
41 47 8
41 63 10
41 89 -4
41 46 -9
41 95 -3
41 50 -3
41 96 -8
41 75 -6
41 51 -4
41 93 2
41 71 -5
41 84 1
41 59 -5
41 53 -8
41 55 6
41 74 2
41 68 -3
41 100 -6
41 91 -5
41 67 4
41 78 5
41 77 10
42 56 8
42 99 3
42 61 3
42 75 -4
42 95 10
42 52 4
42 88 -5
42 96 -7
42 69 1
42 64 -7
42 46 0
42 68 8
42 84 2
42 50 7
42 43 -4
42 70 -10
42 91 2
42 44 4
42 58 5
42 100 -5
42 93 10
42 78 -2
42 74 9
42 97 -2
42 71 2
42 87 3
42 49 -7
42 90 -6
42 60 -7
42 73 8
42 53 -9
43 99 -8
43 63 9
43 94 -4
43 67 3
43 93 7
43 79 3
43 64 -8
43 60 1
43 47 10
43 92 7
43 84 6
43 45 9
43 96 3
43 78 -9
43 51 -2
43 86 -4
43 68 -2
43 61 -6
43 82 -6
43 57 -6
43 73 7
43 70 1
43 56 -10
43 100 -3
43 75 8
43 90 -3
43 53 4
43 91 -3
43 69 0
44 78 1
44 76 -5
44 67 9
44 66 -5
44 70 0
44 45 3
44 100 4
44 95 3
44 96 2
44 98 10
44 90 9
44 54 0
44 94 0
44 97 -7
44 89 -8
44 72 -1
44 68 -7
44 93 7
44 50 5
44 65 -10
44 84 -2
44 77 10
44 55 10
44 60 2
44 61 -7
44 56 -8
44 49 -3
45 54 -4
45 86 6
45 94 -1
45 82 0
45 96 -3
45 72 5
45 87 -6
45 78 4
45 66 1
45 67 6
45 61 -9
45 57 3
45 48 4
45 63 8
45 60 -5
45 73 7
45 95 0
45 88 -9
45 62 7
45 53 -1
45 79 6
45 85 0
45 51 -10
46 51 -9
46 58 -7
46 68 -10
46 82 -6
46 49 -1
46 85 -4
46 75 0
46 59 -3
46 62 -4
46 97 -2
46 96 -10
46 66 8
46 50 -8
46 92 0
46 80 1
46 74 -9
46 95 4
46 70 5
46 77 -5
46 54 0
46 60 0
46 93 8
46 53 3
46 88 -3
46 47 9
46 73 -6
46 67 6
46 71 -7
47 98 -9
47 48 -5
47 64 8
47 51 2
47 73 -9
47 63 -8
47 58 -9
47 78 -1
47 61 7
47 96 -6
47 95 -2
47 65 -4
47 88 -5
47 89 -6
47 75 4
47 62 8
47 69 9
47 81 1
47 71 10
47 85 2
47 92 -1
47 91 8
47 100 8
47 82 1
47 66 8
48 70 -6
48 79 0
48 72 3
48 93 -10
48 80 -9
48 65 0
48 49 -9
48 87 1
48 74 3
48 98 9
48 91 0
48 88 -4
48 52 4
48 69 0
48 59 8
48 56 6
48 81 -3
48 60 -2
48 51 -5
48 99 -9
48 67 -6
48 89 10
48 71 9
48 92 -10
48 62 -2
49 51 3
49 54 -1
49 67 -5
49 63 -9
49 77 7
49 93 -2
49 60 8
49 57 8
49 71 1
49 80 9
49 66 -6
49 85 8
49 97 9
49 74 -9
49 59 8
49 99 0
49 87 7
49 69 -8
49 55 0
49 96 3
49 82 7
49 56 -3
49 98 2
49 91 10
49 72 4
49 90 2
49 89 -5
49 62 6
50 58 3
50 76 -2
50 89 6
50 79 1
50 66 3
50 77 1
50 97 10
50 82 -6
50 60 1
50 78 8
50 84 -3
50 62 9
50 54 2
50 56 -7
50 57 5
50 94 -9
50 96 -9
50 70 4
50 72 -9
50 87 -8
50 95 -10
50 59 10
50 92 3
50 69 -6
51 89 -10
51 52 0
51 69 -1
51 90 -9
51 57 -10
51 83 0
51 72 -6
51 78 -4
51 93 3
51 68 6
51 65 -2
51 67 -10
51 95 9
51 62 -7
51 79 -3
51 63 5
51 58 -6
51 91 2
51 74 10
51 55 5
51 61 -5
51 99 3
51 59 2
51 86 9
52 70 1
52 68 -8
52 95 4
52 75 6
52 72 -8
52 74 -3
52 88 0
52 61 8
52 83 0
52 92 -4
52 62 -7
52 85 -6
52 93 -2
52 69 1
52 84 1
52 57 -4
52 89 10
52 80 -2
52 79 3
52 66 -6
52 65 10
52 100 10
52 71 -7
52 90 -10
52 91 7
52 55 2
52 59 -4
52 77 9
52 86 0
52 53 -10
52 67 -2
52 76 6
53 84 -10
53 75 2
53 96 0
53 99 1
53 83 -5
53 79 -1
53 54 6
53 60 -5
53 88 -10
53 57 10
53 67 -2
53 100 0
53 95 -4
53 61 5
53 65 -4
53 89 -9
53 90 -10
53 69 3
53 55 5
53 58 -9
53 62 -8
53 76 -9
53 94 -8
53 64 -4
53 87 0
53 80 -8
53 70 -8
54 63 -5
54 59 7
54 89 -10
54 78 5
54 65 2
54 64 -2
54 85 -1
54 93 8
54 83 -2
54 62 2
54 80 3
54 84 1
54 92 -5
54 86 2
54 55 -1
54 99 -8
55 75 -6
55 68 3
55 87 1
55 60 9
55 77 -3
55 57 3
55 84 2
55 65 6
55 92 10
55 80 1
55 62 2
55 91 -5
55 67 9
55 56 9
55 100 5
55 93 -1
55 82 -10
55 97 -9
55 83 9
55 86 8
55 81 5
56 87 9
56 76 -6
56 63 -8
56 57 6
56 64 -4
56 70 -7
56 82 -5
56 75 9
56 94 3
56 68 -1
56 91 -9
56 77 -6
56 59 7
56 81 -5
56 69 10
56 95 0
56 83 -5
56 58 -2
56 65 -2
56 67 -1
56 74 1
56 71 6
56 85 -9
56 99 2
56 78 7
57 72 4
57 70 -4
57 98 1
57 63 -1
57 60 -7
57 88 7
57 82 -6
57 62 -10
57 95 -2
57 79 -10
57 93 9
57 84 -3
57 94 8
57 67 -3
57 71 -8
57 74 10
57 76 5
57 73 8
57 68 0
57 66 0
58 64 10
58 100 1
58 74 9
58 78 5
58 97 -6
58 92 -6
58 85 -7
58 70 -6
58 79 -2
58 99 -1
58 72 0
58 62 -1
58 67 5
58 93 -4
58 91 -2
59 86 -3
59 61 -4
59 62 0
59 63 0
59 87 2
59 96 9
59 71 4
59 94 3
59 64 1
59 75 1
59 76 -10
59 67 3
59 95 5
59 73 5
59 60 4
59 89 -6
59 78 8
59 85 -10
59 66 9
59 79 0
59 93 6
59 100 -1
60 94 7
60 72 -10
60 70 9
60 74 10
60 79 1
60 63 -7
60 90 8
60 80 -5
60 81 3
60 77 -6
60 73 5
60 95 1
60 82 0
60 62 3
60 67 4
60 65 6
60 61 6
60 84 -3
60 66 -10
60 89 -7
60 86 4
60 78 -1
60 98 9
61 84 8
61 88 5
61 64 1
61 92 -3
61 93 8
61 68 4
61 73 8
61 78 1
61 80 8
61 97 -9
61 91 8
61 81 -4
61 76 -5
61 63 -1
61 82 7
61 67 5
61 79 -3
61 89 4
61 75 -6
61 77 2
61 72 -10
61 94 2
61 66 10
62 85 3
62 72 -1
62 71 -2
62 74 -2
62 99 8
62 63 8
62 91 6
62 67 2
62 79 -5
62 95 -2
62 86 -3
62 90 2
62 87 -10
62 100 -5
62 94 -7
62 89 8
62 75 -6
62 93 -3
62 96 10
63 99 -1
63 67 -9
63 88 -10
63 89 -7
63 69 8
63 85 -6
63 96 -5
63 70 7
63 73 0
63 92 -7
63 98 -9
63 75 5
63 65 -6
63 66 -4
63 80 1
63 83 6
63 68 -1
63 76 -9
63 72 -4
63 77 -8
63 90 -8
64 99 -9
64 96 -6
64 89 8
64 80 0
64 92 1
64 86 9
64 78 9
64 72 -6
64 67 -9
64 91 2
64 94 -9
64 73 6
64 84 -1
64 68 -5
64 79 7
64 69 6
64 87 10
64 95 6
64 82 -2
64 70 5
64 71 -2
64 93 -10
64 76 -10
65 72 0
65 95 -5
65 71 10
65 91 -10
65 90 9
65 98 5
65 68 3
65 94 -10
65 88 1
65 84 -4
65 77 -6
65 82 -7
65 74 7
65 85 2
65 69 -3
65 86 -7
65 87 8
65 76 2
65 70 5
65 73 -10
66 67 -7
66 69 2
66 73 8
66 71 4
66 76 8
66 79 -7
66 78 -2
66 86 2
66 81 -6
66 88 1
66 77 1
66 72 8
66 96 6
66 99 -5
66 80 5
66 82 -4
66 90 -1
66 89 -10
66 94 -2
66 98 -4
67 68 10
67 98 -3
67 97 -4
67 71 0
67 80 6
67 90 7
67 95 8
67 72 10
67 76 8
67 75 -8
67 91 -7
67 77 -8
67 79 -7
67 84 10
68 90 -8
68 93 2
68 78 6
68 86 10
68 97 -5
68 87 -6
68 72 -6
68 92 -10
68 70 1
68 96 -10
68 85 -6
68 69 -3
68 71 6
68 79 -4
69 76 6
69 72 1
69 81 10
69 82 7
69 98 -8
69 73 4
69 75 -5
69 89 5
69 80 -3
69 71 -7
69 90 -10
69 78 -10
69 86 0
69 93 -8
69 70 8
70 75 7
70 93 3
70 84 3
70 81 0
70 80 1
70 72 -5
70 97 -5
70 87 10
70 77 9
70 73 3
70 94 8
70 78 10
70 74 -10
70 95 3
71 90 9
71 87 3
71 92 -8
71 95 4
71 99 -6
71 79 -8
71 73 -8
71 80 5
71 72 -2
71 74 -7
71 98 1
71 88 6
71 77 -7
71 97 -1
71 75 0
71 78 -10
72 99 0
72 89 -1
72 83 1
72 93 -2
72 79 3
72 85 -3
72 73 -9
72 94 5
72 100 0
72 80 10
72 81 6
72 88 -7
72 87 6
72 98 10
72 86 8
73 95 -2
73 98 8
73 96 10
73 92 3
73 74 -4
73 90 -9
73 76 -7
73 80 -2
73 88 10
73 83 8
73 77 6
73 78 4
73 82 3
73 84 -10
74 95 6
74 77 7
74 88 2
74 91 6
74 75 0
74 83 7
74 90 7
74 82 -8
74 98 -6
74 94 -5
74 81 -4
74 87 2
75 81 10
75 88 -2
75 83 -2
75 92 -7
75 84 10
75 86 -7
75 80 -7
75 94 -6
75 100 4
76 90 4
76 96 -6
76 99 0
76 85 7
76 86 1
76 80 6
76 93 -4
76 92 1
76 94 9
76 84 -9
76 79 10
77 97 7
77 83 0
77 82 3
77 95 -9
77 78 -5
77 99 -2
77 79 7
77 90 -9
77 87 -5
77 86 2
77 85 -5
78 80 10
78 96 10
78 87 -6
78 95 10
78 82 -9
78 85 4
78 79 2
78 84 7
78 81 -5
78 98 -10
78 92 2
79 91 2
79 98 -2
79 83 7
79 86 1
79 94 -7
79 93 -2
79 90 -4
79 80 10
79 92 7
80 91 -6
80 82 -3
80 95 -1
80 100 -10
80 93 1
80 90 7
80 98 4
80 85 -4
80 84 10
81 98 8
81 82 0
81 88 -8
82 87 -10
82 84 8
82 85 -2
82 95 -4
82 94 -4
82 90 -10
82 89 -7
82 98 3
83 91 -8
83 95 1
83 94 10
83 92 -2
83 90 -10
83 99 9
84 85 10
84 92 4
84 95 -1
84 96 2
84 99 7
84 94 8
84 90 -8
84 86 -2
84 91 4
84 87 -8
85 87 4
85 96 7
85 90 9
85 95 -6
85 98 3
85 92 1
85 86 3
85 89 4
85 100 -1
85 91 -2
85 94 -6
85 97 4
86 99 6
86 87 9
86 92 -8
86 93 8
86 98 6
86 96 -10
86 95 9
86 97 -10
87 92 8
87 97 3
87 89 3
87 88 -4
87 94 -4
87 99 4
87 90 3
88 98 -6
88 89 -10
88 97 7
88 93 1
88 90 -7
88 91 5
88 92 6
89 92 -9
89 91 1
89 99 -9
89 93 3
89 97 -9
89 96 1
90 93 1
90 95 -9
90 96 -10
90 98 -4
91 98 0
91 93 7
91 99 -2
91 96 -5
92 94 3
92 95 -10
92 98 4
92 97 8
93 100 10
93 99 6
93 97 4
94 95 8
94 97 -5
95 96 3
95 97 -3
95 99 6
96 97 -9
96 99 3
97 98 4
97 99 4
97 100 -8
98 99 9
98 100 0
99 100 -9
