100 2475 
1 36 -9
1 82 0
1 56 0
1 29 8
1 58 4
1 17 -5
1 96 -1
1 33 9
1 14 -1
1 53 -6
1 88 0
1 77 -9
1 15 3
1 25 -7
1 30 9
1 34 -8
1 55 3
1 28 8
1 94 6
1 67 -9
1 69 -7
1 31 2
1 46 5
1 49 6
1 91 9
1 12 -10
1 72 9
1 86 -3
1 89 -6
1 51 10
1 52 -6
1 21 -3
1 79 -1
1 87 10
1 83 0
1 20 -7
1 9 6
1 11 1
1 8 0
1 93 -7
1 37 3
1 84 4
1 10 -5
1 100 -6
1 71 9
1 3 9
2 41 -4
2 61 -8
2 74 -5
2 91 6
2 46 -1
2 6 -6
2 75 -2
2 54 -6
2 47 10
2 33 1
2 50 2
2 84 -9
2 51 6
2 36 -4
2 83 8
2 70 -2
2 34 3
2 58 -2
2 43 5
2 17 10
2 78 2
2 23 -6
2 76 -9
2 86 -3
2 27 -2
2 95 -6
2 99 6
2 21 2
2 60 2
2 39 -2
2 55 2
2 65 1
2 79 -4
2 81 1
2 13 -10
2 69 1
2 62 -6
2 56 -2
2 14 0
2 18 -7
3 12 -2
3 14 -9
3 100 2
3 24 3
3 83 2
3 15 1
3 43 -8
3 75 4
3 74 7
3 33 -1
3 67 -6
3 64 -6
3 40 2
3 63 8
3 4 -10
3 30 -6
3 18 0
3 41 -2
3 34 -8
3 13 0
3 87 -7
3 32 7
3 99 2
3 72 10
3 76 5
3 19 -6
3 73 -1
3 55 -3
3 17 -5
3 70 -1
3 58 -4
3 5 6
3 8 9
3 25 -6
3 90 -10
3 21 -2
3 31 -1
3 44 -1
3 47 -6
3 22 10
3 92 0
3 11 1
3 39 10
3 26 -6
3 42 4
3 45 9
4 58 3
4 84 -10
4 42 9
4 62 0
4 95 3
4 93 -1
4 92 -7
4 68 -1
4 86 -6
4 78 8
4 64 2
4 70 3
4 76 10
4 16 -4
4 39 6
4 52 5
4 91 -7
4 17 -1
4 20 7
4 19 -3
4 81 5
4 51 0
4 73 7
4 27 6
4 45 9
4 85 -2
4 94 5
4 97 1
4 50 9
4 48 6
4 66 -3
4 100 -9
4 6 10
4 10 -8
4 13 -2
4 56 1
4 36 -8
4 5 1
4 98 1
4 60 -9
4 14 5
4 22 1
4 34 -10
4 49 -4
4 37 -5
4 57 -8
4 77 9
4 21 7
4 33 -1
4 31 6
4 80 -6
4 54 3
4 46 -7
4 30 -4
4 11 -3
4 23 4
5 16 -8
5 20 5
5 88 7
5 97 9
5 53 -3
5 73 5
5 87 -10
5 27 -5
5 19 -7
5 14 0
5 35 -6
5 47 5
5 64 -7
5 38 -3
5 98 1
5 63 -2
5 49 3
5 82 5
5 11 -3
5 52 -3
5 29 -9
5 99 -2
5 85 2
5 32 10
5 40 9
5 89 -6
5 10 4
5 83 7
5 77 -6
5 65 -1
5 93 1
5 39 -8
5 41 0
5 42 3
5 28 -4
5 15 6
5 91 -10
5 58 -2
5 80 4
5 94 2
5 68 -1
5 61 -5
6 49 4
6 93 5
6 18 -4
6 42 -1
6 58 -7
6 36 -3
6 68 -9
6 45 -7
6 28 1
6 99 -4
6 10 5
6 48 2
6 71 -7
6 88 10
6 9 3
6 73 6
6 16 -3
6 35 -3
6 43 3
6 62 -7
6 97 -2
6 78 -7
6 19 -8
6 33 6
6 92 5
6 66 3
6 60 9
6 39 2
6 53 6
6 32 -8
6 51 7
6 77 -7
6 90 -6
6 46 10
6 29 2
6 34 6
6 52 3
6 65 -5
6 7 -8
6 91 -9
7 14 4
7 85 -10
7 52 -6
7 28 8
7 65 -1
7 38 7
7 34 -2
7 77 -3
7 94 7
7 12 -8
7 15 -9
7 56 -2
7 88 7
7 93 8
7 84 6
7 41 7
7 97 -8
7 22 8
7 32 1
7 49 10
7 20 4
7 69 0
7 37 6
7 40 -9
7 24 3
7 74 2
7 11 10
7 96 8
7 91 6
7 18 4
7 83 -5
7 46 10
7 66 -9
7 60 -10
7 19 -1
7 8 -2
7 30 6
7 70 2
7 50 2
7 29 10
7 62 3
7 81 1
7 71 9
7 25 -4
7 21 6
7 98 2
7 26 0
7 44 0
7 42 6
7 10 -5
8 71 5
8 69 -4
8 85 -4
8 46 -9
8 68 3
8 54 -2
8 56 -4
8 25 3
8 27 7
8 42 2
8 75 -1
8 38 7
8 28 -5
8 98 0
8 36 10
8 16 0
8 84 -3
8 18 8
8 30 4
8 95 1
8 26 2
8 48 2
8 23 -2
8 100 -10
8 90 0
8 88 6
8 57 2
8 70 -10
8 14 2
8 11 5
8 97 8
8 47 -8
8 58 -5
8 44 8
8 89 -2
8 65 2
8 40 -6
8 53 -3
8 9 -5
8 67 2
8 64 -9
8 61 -9
8 51 -4
8 32 -3
9 24 -5
9 38 3
9 81 2
9 49 3
9 100 0
9 59 9
9 72 9
9 37 6
9 39 0
9 70 9
9 92 5
9 41 8
9 20 5
9 66 9
9 58 -2
9 90 4
9 93 8
9 85 7
9 33 6
9 62 10
9 23 10
9 79 -3
9 21 -3
9 73 -4
9 98 -8
9 88 0
9 25 5
9 67 8
9 84 -7
9 57 -4
9 44 -1
9 74 7
9 18 7
9 42 -2
9 11 7
9 91 8
9 28 1
9 22 -6
10 43 7
10 68 4
10 98 -6
10 25 -7
10 73 5
10 47 -2
10 88 3
10 52 -8
10 55 2
10 78 -9
10 86 0
10 36 0
10 27 8
10 95 2
10 48 5
10 18 0
10 83 -8
10 39 6
10 82 6
10 16 -8
10 45 -4
10 100 5
10 64 -3
10 19 0
10 57 -6
10 41 -10
10 97 3
10 63 7
10 56 0
10 99 10
10 60 -3
10 26 -2
10 50 -8
10 77 -7
10 35 10
10 15 6
10 96 5
10 80 2
10 11 7
10 51 -2
10 38 -4
10 76 -1
10 53 -9
10 12 -6
10 91 -5
10 67 8
10 93 -5
10 31 1
11 91 -7
11 94 3
11 68 9
11 96 -2
11 85 -4
11 16 0
11 97 -7
11 20 -1
11 22 0
11 21 10
11 63 -5
11 60 -8
11 29 10
11 12 0
11 67 1
11 74 -9
11 82 -10
11 33 4
11 17 -1
11 25 1
11 28 3
11 81 -2
11 70 -7
11 89 9
11 13 6
11 61 -4
11 47 0
11 37 -1
11 51 2
11 24 -9
11 34 -9
11 49 0
11 88 -6
11 80 -3
11 19 -10
11 93 3
11 23 1
11 86 -5
11 35 2
11 62 1
11 30 -9
11 99 7
11 71 -7
11 15 -1
11 72 -6
11 41 -1
11 65 -2
11 73 0
12 76 -1
12 91 4
12 97 -5
12 55 -8
12 21 -2
12 59 0
12 24 9
12 31 7
12 83 -4
12 77 5
12 38 -6
12 46 4
12 78 4
12 89 1
12 17 -6
12 27 7
12 37 1
12 66 1
12 50 6
12 14 9
12 70 -2
12 71 0
12 40 -10
12 23 9
12 57 -8
12 84 0
12 36 -9
12 99 -7
12 61 2
12 34 6
12 13 5
12 100 -3
12 39 -3
12 79 -4
12 90 -6
12 82 5
12 15 9
12 51 3
12 60 -3
12 80 4
12 44 -1
12 58 5
13 37 -1
13 14 -9
13 93 -8
13 49 -7
13 96 -7
13 62 -6
13 70 4
13 95 -9
13 47 2
13 73 -2
13 60 -8
13 61 7
13 86 -3
13 39 2
13 46 0
13 82 8
13 88 -7
13 54 -5
13 84 -8
13 57 4
13 34 -10
13 83 3
13 24 4
13 23 -8
13 79 -5
13 74 -7
13 36 9
13 98 4
13 35 1
13 41 7
13 59 -8
13 42 -10
13 80 1
13 100 7
13 68 -1
13 17 4
13 64 -5
13 91 10
13 81 -6
13 45 -2
13 65 -9
13 89 -7
13 26 -2
13 28 -5
13 21 9
13 92 6
13 72 -7
13 25 -6
14 98 -1
14 50 1
14 26 5
14 46 1
14 57 -2
14 30 7
14 48 1
14 66 6
14 77 0
14 94 2
14 68 -9
14 80 -3
14 75 4
14 42 -7
14 58 -2
14 82 4
14 34 -3
14 16 -7
14 36 10
14 37 -9
14 81 6
14 88 4
14 43 5
14 87 2
14 72 -6
14 38 -1
14 96 6
14 62 4
14 47 -3
14 52 0
14 92 -9
14 25 10
14 31 7
14 22 6
14 99 -9
14 79 4
14 69 4
14 89 4
14 33 -2
14 97 -4
14 23 -9
14 41 10
15 21 8
15 65 -4
15 79 9
15 45 7
15 85 -5
15 73 4
15 81 -7
15 25 4
15 58 -10
15 83 -1
15 49 -4
15 92 -4
15 31 -9
15 66 -4
15 48 -1
15 17 -7
15 71 3
15 20 8
15 39 -7
15 51 -1
15 29 3
15 55 -3
15 59 6
15 97 0
15 57 9
15 50 10
15 64 -7
15 37 -2
15 68 -5
15 67 -4
15 78 3
15 99 -3
15 86 10
15 52 -3
15 90 8
15 41 -1
15 18 -5
15 98 -6
15 35 5
15 54 7
15 94 -10
15 95 5
15 87 9
15 63 2
15 72 8
15 34 7
15 74 -2
16 73 -8
16 99 -5
16 88 -10
16 53 -4
16 59 7
16 74 6
16 29 -7
16 24 3
16 81 3
16 58 -8
16 52 -1
16 69 9
16 84 -4
16 96 -3
16 36 -10
16 75 7
16 44 -9
16 94 6
16 90 3
16 87 4
16 78 2
16 46 -6
16 50 -10
16 95 0
16 67 10
16 51 1
16 66 6
16 32 0
16 26 4
16 28 1
16 45 -10
16 41 -1
16 35 -5
16 54 -4
16 22 0
16 82 -10
16 23 10
17 49 8
17 76 -1
17 66 7
17 56 -5
17 43 -8
17 74 -3
17 71 -1
17 63 -4
17 87 7
17 68 -5
17 94 5
17 86 2
17 91 10
17 38 4
17 30 -5
17 34 8
17 36 -1
17 64 5
17 50 -7
17 82 -1
17 54 -9
17 69 -2
17 95 9
17 45 10
17 58 1
17 42 -4
17 46 3
17 32 7
17 18 -5
17 88 3
17 89 -10
17 99 -9
17 39 -2
17 33 0
17 35 -8
17 72 -1
17 80 8
18 57 -5
18 87 -3
18 24 -10
18 97 -2
18 55 4
18 61 -9
18 94 7
18 99 10
18 66 9
18 54 9
18 100 7
18 38 5
18 65 -3
18 95 -8
18 98 -2
18 92 -4
18 23 -4
18 52 -4
18 56 -1
18 63 -1
18 41 10
18 33 6
18 75 6
18 58 -8
18 27 8
18 29 -8
18 44 8
18 31 0
18 89 10
18 32 -5
18 48 1
18 39 8
18 47 -6
18 70 4
18 28 -6
18 22 6
18 21 4
18 90 2
19 28 6
19 93 7
19 39 8
19 79 2
19 67 1
19 38 -10
19 89 10
19 21 2
19 37 -1
19 49 -5
19 81 4
19 98 -6
19 88 -9
19 100 6
19 35 8
19 44 -1
19 22 1
19 63 7
19 78 -7
19 76 -4
19 52 -5
19 25 10
19 80 0
19 41 8
19 29 -2
19 30 4
19 97 -7
19 84 -2
19 82 -10
19 71 -4
19 68 6
19 32 -3
19 66 9
19 40 -2
19 26 -1
19 59 -9
19 43 -9
19 50 -6
19 99 6
19 87 -1
19 85 0
20 47 -9
20 42 -3
20 23 -5
20 71 2
20 55 6
20 97 2
20 66 -10
20 95 7
20 80 -5
20 38 -7
20 63 -1
20 89 6
20 86 -1
20 94 -5
20 57 -3
20 91 -3
20 87 -2
20 51 -2
20 69 -2
20 54 -2
20 35 6
20 50 -10
20 64 -3
20 49 5
20 72 7
20 92 8
20 85 5
20 83 9
20 48 -6
20 39 4
20 100 1
20 84 -9
20 61 -9
20 29 1
20 22 8
20 31 -8
20 56 -3
20 67 -1
21 47 1
21 51 2
21 58 2
21 83 -4
21 44 -5
21 41 3
21 87 -6
21 59 2
21 55 -8
21 49 3
21 65 8
21 42 -7
21 24 10
21 64 0
21 100 -8
21 36 10
21 57 -8
21 38 7
21 45 1
21 35 2
21 43 8
21 33 -3
21 77 -3
21 63 10
21 76 7
21 94 1
21 29 8
21 46 -5
21 67 -1
21 82 4
21 26 7
21 91 3
21 99 -10
21 72 -9
21 39 3
21 85 9
21 80 -6
21 62 7
21 79 6
22 96 0
22 86 -2
22 90 -3
22 92 7
22 75 4
22 93 7
22 33 1
22 85 -3
22 65 -9
22 56 -10
22 61 5
22 51 -2
22 73 -4
22 25 -1
22 97 6
22 70 -1
22 94 5
22 50 -3
22 43 -1
22 74 8
22 41 0
22 32 -4
22 45 -9
22 95 -3
22 99 8
22 26 -3
22 36 2
22 84 -2
22 29 -2
22 67 -10
22 47 -9
22 55 -3
22 37 -10
22 38 -1
22 40 8
22 46 8
22 89 1
22 44 9
22 39 -9
22 88 -10
22 60 3
22 71 -5
23 38 -7
23 59 7
23 33 -3
23 67 -3
23 100 -3
23 87 7
23 92 -8
23 93 0
23 54 9
23 98 6
23 29 2
23 83 2
23 48 -9
23 45 3
23 81 -6
23 86 -2
23 51 6
23 61 7
23 77 -3
23 58 1
23 36 -2
23 76 -9
23 34 -4
23 70 -4
23 43 7
23 37 -1
23 55 -8
23 30 -1
23 74 2
23 89 9
23 31 9
23 69 2
23 73 5
23 78 -7
23 27 3
23 91 -3
23 49 5
23 75 10
23 60 -4
23 82 -9
23 97 1
23 66 -6
23 28 -1
23 72 -10
24 84 2
24 41 5
24 95 -6
24 36 2
24 67 -1
24 83 -8
24 35 -1
24 69 -8
24 60 -9
24 26 6
24 43 7
24 38 -8
24 82 7
24 93 -7
24 39 10
24 90 6
24 68 -1
24 44 1
24 96 -9
24 94 -10
24 48 10
24 47 -4
24 72 2
24 85 -7
24 74 8
24 56 -4
24 75 -3
24 33 -2
24 52 -1
24 28 -1
24 99 0
24 40 -9
24 64 -9
24 51 8
24 58 1
24 100 -9
24 50 -10
24 54 -4
24 25 -2
24 59 2
24 62 -2
24 37 4
24 98 1
25 68 -10
25 52 9
25 100 -2
25 89 -8
25 96 -10
25 90 8
25 55 9
25 77 -7
25 99 -3
25 45 -3
25 49 -4
25 84 -1
25 48 -7
25 78 -4
25 57 -10
25 71 5
25 43 -6
25 81 -8
25 92 8
25 29 3
25 82 5
25 30 -10
25 79 8
25 76 0
25 98 -10
25 28 -4
25 87 4
25 56 -5
25 46 7
25 85 4
25 26 3
25 41 9
25 67 -4
25 50 8
25 38 -5
25 65 2
25 44 1
25 64 1
26 43 -6
26 81 10
26 72 -3
26 53 -8
26 94 2
26 54 0
26 99 -3
26 44 6
26 95 10
26 69 5
26 31 9
26 93 8
26 46 -2
26 75 3
26 79 5
26 66 8
26 90 -1
26 32 -6
26 50 6
26 89 -1
26 74 -3
26 78 2
26 48 -1
26 58 8
26 55 -7
26 92 3
26 86 -5
26 28 -9
26 49 5
26 70 0
26 36 -8
26 62 -9
26 59 -8
26 68 -6
26 33 -4
26 52 7
26 96 -6
26 84 2
26 30 -5
27 97 3
27 96 10
27 90 -6
27 50 -4
27 67 9
27 78 -3
27 99 -6
27 39 4
27 82 2
27 68 5
27 47 7
27 53 -6
27 48 -5
27 98 5
27 41 4
27 63 -6
27 60 -9
27 69 3
27 92 -10
28 32 7
28 68 -7
28 36 -1
28 82 -7
28 69 8
28 46 -3
28 75 3
28 31 7
28 90 -10
28 43 6
28 86 9
28 94 5
28 49 -10
28 79 -9
28 59 -6
28 60 0
28 55 6
28 71 -8
28 34 8
28 88 8
28 41 -3
28 51 -5
28 87 -8
28 33 9
28 81 4
28 44 4
28 37 -10
28 98 4
28 47 1
28 35 -10
28 29 -1
28 53 1
28 30 -2
28 80 -5
29 76 3
29 38 -1
29 73 -4
29 95 1
29 35 4
29 36 -10
29 82 -3
29 53 -10
29 84 5
29 79 -6
29 61 0
29 87 5
29 89 1
29 93 -3
29 83 0
29 100 -7
29 41 0
29 57 1
29 47 1
29 69 -8
29 48 8
29 56 8
29 78 -1
29 42 -9
29 77 -9
29 68 7
29 45 -3
29 90 -1
29 30 3
29 96 -4
29 86 4
29 34 -1
29 43 0
29 91 0
29 51 -6
29 44 -8
29 37 -4
30 37 10
30 72 8
30 91 4
30 31 -4
30 93 6
30 88 1
30 46 6
30 54 -4
30 62 -7
30 86 2
30 32 3
30 79 -1
30 71 7
30 33 -10
30 77 0
30 82 -1
30 47 3
30 68 -6
30 55 -5
30 89 -7
30 56 10
30 76 1
30 42 2
30 39 -8
30 94 9
30 67 -6
30 95 6
30 48 9
30 49 7
30 75 -4
30 61 -3
30 41 5
30 66 3
30 73 -6
30 70 -2
30 90 -5
30 100 5
30 74 -8
30 80 10
30 60 -6
30 59 6
30 57 -9
30 65 0
30 63 -2
31 69 -1
31 86 -8
31 34 -8
31 44 -10
31 79 1
31 90 7
31 97 -9
31 81 -4
31 78 4
31 63 1
31 48 -4
31 95 3
31 53 8
31 55 -9
31 59 -8
31 38 -4
31 77 9
31 60 3
31 33 -2
31 98 -8
31 99 6
31 36 -1
31 94 4
31 46 5
31 66 4
31 62 7
31 65 -4
31 57 -1
31 100 6
31 51 -8
31 96 0
31 87 1
31 76 9
31 56 7
31 82 5
31 88 2
31 83 3
31 54 6
32 56 4
32 64 4
32 66 -3
32 34 -5
32 54 9
32 52 -9
32 72 9
32 53 -6
32 58 6
32 88 -8
32 93 -1
32 100 6
32 87 -7
32 96 -4
32 94 1
32 70 -7
32 45 4
32 86 -1
32 37 3
32 51 6
32 35 -2
32 99 -3
32 67 4
32 98 -10
32 48 -3
32 62 -5
32 83 -9
32 76 -6
32 36 7
32 46 4
32 61 -4
33 77 -4
33 42 2
33 88 3
33 83 10
33 65 7
33 49 -6
33 68 2
33 37 10
33 60 7
33 79 -10
33 74 8
33 34 1
33 39 -3
33 95 9
33 52 4
33 67 5
33 75 3
33 87 4
33 78 -8
33 51 -1
33 84 4
33 41 9
33 53 -9
33 44 -5
33 80 6
33 50 -5
33 72 -8
33 86 4
33 85 4
33 97 -10
33 66 -4
33 55 2
33 63 8
33 48 7
34 81 7
34 98 -2
34 73 -9
34 59 1
34 85 -8
34 69 0
34 44 10
34 90 8
34 94 9
34 79 0
34 60 -9
34 91 4
34 43 2
34 41 1
34 66 9
34 56 -1
34 88 -5
34 53 2
34 74 -3
34 89 -7
34 36 3
34 96 5
34 35 9
34 87 -2
34 40 -8
34 77 2
34 55 -4
34 45 4
34 42 -3
34 52 3
34 39 2
34 65 -10
34 82 8
35 65 0
35 57 10
35 48 1
35 72 -9
35 70 2
35 49 4
35 55 3
35 92 -6
35 82 3
35 63 9
35 75 -6
35 64 -5
35 84 1
35 38 9
35 93 -4
35 91 8
35 58 -5
35 71 9
35 96 9
35 40 5
35 67 -6
35 51 1
35 47 10
35 94 4
35 53 10
35 89 -9
35 95 -7
35 59 6
35 76 -9
35 80 -8
35 60 0
35 79 -5
36 86 -7
36 60 -8
36 74 10
36 64 -10
36 73 -5
36 45 -1
36 77 9
36 48 9
36 61 1
36 80 -8
36 69 0
36 72 10
36 98 6
36 40 -2
36 83 3
36 96 -9
36 47 -2
36 79 -10
36 85 -9
36 71 -4
36 82 -5
36 67 -7
36 76 8
36 89 9
36 56 2
36 52 5
36 92 9
36 59 -8
36 90 0
36 51 -8
36 46 -1
36 68 -3
36 88 -1
36 43 -4
36 57 7
37 81 10
37 80 -6
37 83 2
37 44 2
37 79 3
37 99 -10
37 90 6
37 46 -4
37 70 -1
37 87 -3
37 42 8
37 93 -8
37 45 4
37 56 -2
37 55 9
37 49 -7
37 39 2
37 53 -6
37 50 3
37 43 6
37 95 -4
37 86 2
37 59 -10
37 72 1
37 62 4
37 38 7
37 64 5
37 77 -2
37 78 3
37 47 -10
37 51 -5
37 92 -1
37 69 8
37 84 -6
38 70 -8
38 98 3
38 57 -8
38 95 4
38 66 -5
38 99 3
38 85 1
38 60 9
38 92 5
38 56 3
38 94 -6
38 51 6
38 68 -9
38 77 6
38 63 -1
38 65 -3
38 41 2
38 58 3
38 84 0
38 73 -6
38 43 -2
38 76 6
38 89 0
38 93 -4
38 74 1
38 81 -1
38 75 -4
38 53 -3
38 48 7
38 90 6
39 100 7
39 88 -5
39 53 -7
39 79 -4
39 90 0
39 99 10
39 85 10
39 91 -1
39 42 -9
39 46 6
39 52 10
39 80 5
39 48 10
39 49 -8
39 95 -1
39 58 -4
39 59 5
39 72 -4
39 69 -9
39 41 -4
39 81 7
39 74 -1
39 57 2
39 83 6
39 71 3
40 91 -8
40 52 -8
40 46 -1
40 77 -2
40 94 -3
40 82 -7
40 99 -7
40 72 6
40 60 -4
40 62 -1
40 79 -2
40 58 -7
40 80 5
40 68 8
40 59 -2
40 93 -4
40 97 -7
40 44 -8
40 42 -2
40 74 -7
40 66 5
40 65 9
40 85 -8
40 45 0
40 57 -8
40 86 3
40 89 6
40 51 -2
40 69 -10
40 92 0
41 85 -2
41 60 -7
41 70 1
41 50 -6
41 71 7
41 58 5
41 64 -1
41 57 9
41 98 -7
41 99 -7
41 67 -1
41 90 3
41 49 -6
41 42 -7
41 45 6
41 48 8
41 44 0
41 55 7
41 83 -1
41 53 7
41 75 3
41 93 -9
41 96 9
41 65 -4
41 46 -1
41 82 -3
41 76 -10
41 77 -5
41 78 1
42 91 -3
42 74 -9
42 75 5
42 67 5
42 56 8
42 81 4
42 53 10
42 83 6
42 86 -1
42 100 -10
42 46 -10
42 54 -1
42 70 -5
42 76 8
42 49 -3
42 55 5
42 78 5
42 96 -1
42 66 9
42 73 7
42 90 6
42 61 -6
42 99 -4
42 69 10
42 58 -8
42 89 -6
42 60 -1
42 87 -7
42 65 -1
43 76 8
43 45 1
43 53 -2
43 64 -4
43 81 8
43 55 -2
43 77 8
43 61 -10
43 74 -3
43 75 -9
43 80 -1
43 48 -10
43 69 2
43 67 -6
43 78 6
43 94 -1
43 82 1
43 59 0
43 49 -1
43 87 -10
43 46 -4
43 58 -9
43 71 -5
43 98 -10
43 84 5
43 95 -4
43 57 9
43 73 -3
43 72 3
43 65 7
44 96 -1
44 87 -9
44 66 10
44 100 5
44 80 -6
44 51 10
44 84 -5
44 76 -1
44 74 9
44 79 0
44 89 -9
44 99 5
44 91 7
44 77 10
44 69 -7
44 64 -4
44 56 -8
44 50 -10
44 85 1
44 46 -5
44 90 1
44 70 7
44 47 -6
44 97 9
44 67 1
44 62 5
44 83 -10
44 93 -7
44 57 -3
44 61 -7
44 63 6
45 94 -8
45 68 -1
45 57 -2
45 85 -2
45 71 -8
45 55 -10
45 59 2
45 47 6
45 49 1
45 69 4
45 100 -6
45 72 6
45 63 5
45 48 2
45 87 0
45 80 -5
45 53 -3
45 50 -5
45 91 -5
45 74 -7
45 66 -10
45 95 8
45 64 -2
45 79 -5
45 56 9
45 88 -9
45 96 -5
46 89 0
46 66 -6
46 84 -1
46 60 -2
46 98 6
46 64 1
46 61 -9
46 67 -2
46 65 9
46 50 6
46 79 3
46 56 7
46 88 2
46 85 -10
46 92 8
46 47 0
46 94 -5
46 95 9
46 72 0
46 82 -5
46 99 4
46 80 1
46 86 -10
46 55 5
46 57 -3
46 76 -8
46 59 3
46 63 10
47 76 6
47 82 -2
47 81 1
47 87 6
47 77 9
47 73 -9
47 67 -3
47 59 -1
47 93 5
47 72 -6
47 95 -5
47 74 -7
47 62 -10
47 69 5
47 71 -3
47 80 -9
47 48 4
47 63 -5
47 60 -10
47 53 -7
47 84 -6
48 88 -10
48 66 5
48 99 -10
48 71 3
48 81 -4
48 51 2
48 87 -7
48 52 -9
48 65 -6
48 74 4
48 98 9
48 85 -6
48 97 6
48 82 -8
48 96 -6
48 73 -9
48 62 4
48 72 -9
48 64 -4
48 69 6
48 60 -10
48 91 -3
48 53 -10
48 76 7
48 84 10
48 59 6
48 61 -3
48 89 -4
48 80 8
48 68 4
48 67 -3
48 90 -5
48 86 -5
48 75 5
48 56 8
48 70 -1
49 70 -4
49 97 -4
49 71 5
49 91 5
49 50 -9
49 96 6
49 76 -4
49 52 -5
49 72 8
49 83 -5
49 82 -3
49 75 -8
49 69 3
49 85 2
49 58 -2
49 92 -8
49 87 7
49 56 1
49 60 9
49 73 3
49 100 -3
49 64 -3
49 65 4
49 86 1
49 93 -9
49 55 -8
49 57 7
49 59 4
49 74 8
49 89 6
49 62 -9
50 76 -9
50 82 10
50 62 -1
50 89 1
50 100 -4
50 73 -4
50 54 -6
50 80 -4
50 92 -5
50 85 -6
50 57 5
50 98 -2
50 84 -2
50 95 0
50 61 4
50 72 -9
50 81 8
50 68 3
50 65 -7
50 86 -5
50 79 1
50 55 7
50 69 -5
50 94 -7
50 52 7
50 99 -5
50 67 6
50 74 3
50 51 0
50 59 8
51 97 -6
51 89 0
51 78 8
51 86 -7
51 72 -4
51 95 1
51 96 2
51 63 -4
51 55 1
51 71 8
51 76 -3
51 87 2
51 52 6
51 92 3
51 62 10
51 81 -9
51 66 5
51 83 0
51 68 10
51 59 8
51 75 -6
52 82 0
52 87 0
52 58 -8
52 79 -1
52 64 -2
52 96 7
52 98 0
52 75 2
52 54 4
52 91 -6
52 74 -9
52 60 8
52 61 -3
52 67 2
52 57 10
52 53 -7
52 83 -8
52 66 -2
52 92 -2
52 97 -9
52 86 -9
52 94 -6
52 59 -3
52 76 5
52 69 -4
52 55 0
52 90 4
52 88 5
53 88 6
53 58 -7
53 80 -9
53 99 10
53 78 3
53 71 -6
53 83 -7
53 69 1
53 77 -10
53 90 5
53 100 8
53 61 -3
53 67 -4
53 57 -6
53 63 9
53 89 5
53 86 -8
53 97 9
53 79 -4
53 72 5
53 96 5
53 60 -6
53 74 1
53 59 4
53 91 -1
53 66 -2
53 56 -8
54 74 -7
54 75 10
54 83 -7
54 82 -6
54 78 2
54 79 1
54 63 1
54 95 -8
54 57 1
54 85 -6
54 89 -3
54 69 5
54 76 -7
54 94 -5
54 91 4
54 61 0
54 55 9
54 70 -3
54 84 8
54 73 -6
54 77 7
54 64 3
54 86 2
54 100 -8
54 66 -1
54 88 1
54 98 -9
54 90 -3
54 62 7
54 56 -2
55 60 10
55 98 2
55 58 -7
55 85 -8
55 81 7
55 82 -5
55 63 -6
55 76 -3
55 96 -4
55 70 4
55 83 -6
55 77 -7
55 56 10
55 87 -3
55 95 4
55 68 -1
55 84 10
55 71 9
55 88 -4
56 64 -5
56 63 -7
56 72 10
56 58 5
56 79 -6
56 96 5
56 76 -1
56 87 3
56 78 5
56 100 1
56 77 -8
56 94 1
56 93 4
56 65 6
56 71 -3
56 73 -5
56 70 5
56 85 -9
56 68 0
56 81 1
56 61 2
56 91 -1
56 67 9
56 84 -1
57 65 -9
57 92 0
57 85 7
57 69 5
57 87 -4
57 83 0
57 62 5
57 63 -3
57 67 1
57 64 4
57 61 0
57 68 -10
57 97 10
57 60 -1
57 74 -4
57 82 10
57 78 5
57 91 6
57 98 4
57 81 7
57 58 -6
58 71 -7
58 97 -8
58 62 9
58 81 2
58 91 -10
58 89 -2
58 86 -2
58 87 -1
58 83 10
58 73 -9
58 68 -7
58 99 9
58 66 9
58 75 1
58 67 8
58 60 -9
58 92 9
58 100 1
58 95 -5
58 76 7
58 72 -3
58 78 3
58 74 -1
58 80 4
59 72 6
59 92 9
59 75 1
59 97 -2
59 76 -3
59 86 -4
59 82 -9
59 98 1
59 83 -9
59 66 -5
59 65 -6
59 61 -5
59 100 -7
59 85 -4
59 78 -3
59 91 4
59 99 1
59 89 -6
59 68 0
59 62 5
59 79 6
60 86 9
60 90 -3
60 71 -8
60 64 4
60 78 -3
60 67 -6
60 63 4
60 72 -5
60 75 -5
60 85 1
60 89 9
60 80 10
60 100 -4
60 99 1
60 91 -4
60 66 -10
60 70 -4
60 77 -9
60 87 10
60 95 2
60 69 1
61 67 4
61 68 -7
61 100 3
61 86 10
61 65 -3
61 71 -1
61 74 -2
61 84 6
61 85 9
61 64 -10
61 76 2
61 75 -5
61 80 0
61 98 3
61 82 9
61 88 -7
61 96 -9
62 94 5
62 69 0
62 92 -6
62 90 -2
62 97 -10
62 95 2
62 63 3
62 68 -5
62 76 6
62 73 9
62 77 9
62 64 5
62 70 2
62 81 -7
62 66 2
62 75 9
62 91 -3
62 74 -7
62 89 -4
62 80 -6
62 82 -5
62 86 -8
63 90 -2
63 64 -3
63 99 3
63 91 9
63 72 10
63 87 -5
63 96 -9
63 88 6
63 98 7
63 79 5
63 69 -6
63 95 2
63 75 -4
63 66 -8
63 97 5
63 65 -3
63 86 5
63 73 -4
63 78 9
63 76 -8
64 65 2
64 88 -1
64 97 6
64 95 10
64 84 -7
64 86 -4
64 98 -2
64 79 -2
64 82 5
64 72 6
64 80 2
64 67 4
64 85 7
64 100 2
64 99 7
64 66 5
64 89 6
64 96 10
65 76 8
65 70 -6
65 96 -9
65 86 8
65 80 5
65 66 10
65 95 8
65 100 -10
65 99 5
65 89 9
65 92 8
65 91 7
65 94 -6
65 88 10
65 83 8
65 75 8
65 73 -3
65 90 2
65 67 -3
65 68 -7
65 77 4
65 87 0
65 85 3
66 74 -7
66 76 5
66 84 -7
66 100 -10
66 79 6
66 92 5
66 87 0
66 67 7
66 90 9
66 68 10
66 83 0
66 97 5
66 77 6
66 98 1
66 70 5
66 88 -7
66 95 0
66 85 6
66 80 2
66 75 0
67 90 -4
67 83 -10
67 95 -4
67 73 4
67 82 -8
67 85 -5
67 79 4
67 96 7
67 97 -1
67 98 10
67 74 9
67 75 -4
67 86 7
67 88 0
67 99 -3
67 81 4
67 94 -5
67 76 4
68 74 8
68 100 -2
68 90 -2
68 77 -6
68 92 2
68 70 9
68 87 -6
68 72 -2
68 78 -1
68 79 -8
68 83 0
68 93 -1
68 95 -7
68 80 8
68 86 -2
68 97 8
68 85 10
68 89 4
69 88 -7
69 85 -7
69 78 8
69 96 7
69 87 -3
69 70 8
69 94 -8
69 91 -10
69 81 3
69 71 -9
69 76 7
69 77 -5
69 89 -3
69 97 4
70 90 6
70 92 -7
70 91 10
70 85 5
70 84 -3
70 100 3
70 82 -3
70 94 -10
70 71 -9
70 93 -2
71 73 -2
71 100 -10
71 90 -5
71 84 -9
71 76 -2
71 89 3
71 99 7
71 86 -10
71 72 -3
71 91 -1
71 78 9
72 85 1
72 98 -4
72 77 -7
72 100 0
72 81 -1
72 84 7
72 95 10
72 94 -7
73 76 4
73 78 6
73 89 -4
73 99 5
73 90 7
73 75 8
73 93 4
73 92 4
73 87 0
73 77 2
73 96 -4
73 82 2
74 88 9
74 95 0
74 99 6
74 75 7
74 92 3
74 77 4
74 100 2
74 81 1
74 87 -1
74 91 0
74 86 5
74 93 -9
74 83 -10
74 96 3
74 85 -4
75 80 -3
75 82 -6
75 100 4
75 95 1
75 98 -6
75 83 -5
75 76 -2
75 87 -2
75 88 1
75 85 -5
75 97 4
75 93 -8
76 100 -10
76 91 7
76 95 -4
76 82 1
76 98 0
76 99 -4
76 85 4
76 79 -6
76 97 -4
76 81 -1
76 96 -9
76 93 2
77 90 7
77 96 6
77 92 -7
77 79 9
77 93 -1
77 95 -8
77 82 3
77 99 4
77 81 8
78 95 -5
78 87 -3
78 94 -7
78 98 -7
78 92 4
78 85 -3
78 96 -4
78 90 1
78 84 5
78 100 3
78 93 7
79 91 -8
79 81 -3
79 100 7
79 86 -1
79 85 3
79 94 4
80 83 -3
80 82 -2
80 95 -5
80 85 -7
80 93 -3
80 88 10
80 92 9
80 96 -5
80 86 4
80 98 6
80 100 8
80 94 -9
80 89 -7
80 81 8
81 92 4
81 99 8
81 83 -5
81 91 -8
81 84 1
81 97 -3
81 89 8
81 82 -6
82 96 7
82 97 9
82 83 -2
82 85 4
82 90 6
82 93 2
82 91 -9
82 86 0
82 89 -2
83 100 1
83 85 8
83 84 1
83 86 0
83 95 -1
83 88 -3
83 91 4
83 94 2
83 87 9
83 97 10
84 91 9
84 90 -4
84 85 -9
84 86 6
84 96 -2
84 88 -8
84 93 4
85 88 10
85 95 7
85 100 9
85 97 8
85 86 -9
85 87 -1
86 87 -4
86 100 6
86 91 7
86 88 5
86 95 -4
86 92 5
86 99 -8
86 93 -6
87 100 -9
87 88 -6
87 99 -2
87 92 -1
87 97 8
87 93 4
88 97 -8
89 90 -3
89 91 3
89 92 10
90 94 10
90 98 -4
90 96 -1
90 99 10
90 97 0
90 92 -6
91 95 -2
91 94 2
91 97 2
91 96 1
91 92 8
91 100 3
92 93 8
92 96 5
92 97 -6
92 99 0
93 98 -2
93 100 -1
93 97 -6
93 96 0
94 97 8
94 96 -1
94 99 -3
95 99 -4
95 100 -7
95 98 -5
96 99 9
98 99 9
98 100 5
99 100 5
