100 2475 
1 50 2
1 8 7
1 11 9
1 29 -2
1 68 2
1 43 7
1 79 8
1 35 -6
1 38 -1
1 98 0
1 89 -1
1 23 9
1 20 0
1 6 7
1 32 1
1 52 9
1 95 6
1 49 -6
1 2 -1
1 57 9
1 37 1
1 24 -2
1 61 -3
1 39 2
1 56 10
1 94 -4
1 10 -7
1 30 -3
1 62 -4
1 42 -8
1 54 -8
1 100 0
1 51 5
1 22 0
1 70 2
1 90 -6
1 31 3
1 36 -1
1 80 3
1 73 0
1 45 7
1 19 5
1 82 -5
1 74 2
1 66 4
1 99 -4
1 48 -3
1 72 3
1 13 2
1 17 -2
1 71 -1
1 65 1
2 15 1
2 73 -9
2 89 0
2 41 -10
2 78 2
2 86 0
2 94 10
2 8 1
2 75 -1
2 38 10
2 19 -4
2 81 1
2 72 9
2 32 -5
2 53 -6
2 55 4
2 20 -5
2 48 -8
2 6 8
2 42 -3
2 76 9
2 50 -8
2 33 7
2 10 4
2 40 3
2 44 9
2 90 7
2 16 4
2 21 -5
2 97 1
2 39 -1
2 67 -9
2 96 -2
2 3 9
2 79 9
2 59 -10
2 71 2
2 26 -4
2 12 5
2 13 9
2 24 2
2 51 1
2 36 -7
2 80 -1
3 25 -4
3 27 -1
3 54 -8
3 17 10
3 36 8
3 78 1
3 35 8
3 9 -2
3 20 -9
3 24 3
3 74 -10
3 86 -5
3 47 7
3 99 -6
3 97 7
3 30 -2
3 46 8
3 37 10
3 73 -8
3 4 -9
3 53 1
3 26 -2
3 52 -10
3 100 7
3 64 9
3 14 -8
3 98 -4
3 6 3
3 60 8
3 58 -5
3 15 7
3 39 6
3 21 8
3 90 -2
3 72 10
3 85 8
3 5 -5
3 84 -4
3 45 -6
3 19 -4
3 96 5
3 76 -8
3 61 -1
3 7 0
3 91 1
3 28 -10
3 42 1
3 92 -8
3 38 -3
3 8 -6
4 54 0
4 83 3
4 76 -5
4 28 3
4 34 3
4 81 -7
4 29 -5
4 77 -1
4 58 5
4 55 6
4 97 4
4 38 1
4 36 0
4 65 -9
4 79 7
4 72 -3
4 47 5
4 24 -10
4 25 3
4 100 -1
4 67 -4
4 37 2
4 64 -5
4 49 1
4 90 -3
4 32 -8
4 26 -6
4 59 8
4 8 2
4 93 1
4 12 -10
4 92 8
4 78 -1
4 44 -10
4 73 3
4 22 -10
4 50 1
4 20 5
4 91 -5
4 66 8
4 42 10
4 16 9
4 53 2
4 63 0
4 5 -8
4 35 -4
4 27 5
5 24 4
5 42 5
5 31 -1
5 22 -6
5 6 -5
5 52 -3
5 100 0
5 80 -8
5 81 -1
5 21 -6
5 45 10
5 18 5
5 92 7
5 38 -3
5 91 -5
5 58 -5
5 82 -6
5 77 9
5 47 -1
5 85 5
5 61 5
5 7 -6
5 84 1
5 49 -2
5 44 8
5 69 6
5 94 6
5 11 -5
5 36 6
5 70 4
5 50 -7
5 55 8
5 98 2
5 54 -4
5 96 1
5 74 -10
5 40 7
5 32 -6
5 71 -1
5 65 6
5 17 -3
5 95 -3
5 72 8
5 48 6
5 62 5
5 43 0
6 94 6
6 84 -10
6 97 -9
6 62 -8
6 33 8
6 30 -4
6 96 3
6 93 -10
6 26 -6
6 56 6
6 90 8
6 44 9
6 80 6
6 63 10
6 28 6
6 40 -3
6 59 2
6 99 -8
6 22 -8
6 41 6
6 88 8
6 67 -3
6 98 9
6 50 -5
6 11 0
6 13 8
6 23 -10
6 86 7
6 74 5
6 24 -4
6 89 2
6 32 -4
6 52 3
6 91 9
6 17 8
6 66 10
6 10 1
6 61 -5
6 73 -4
6 57 2
6 53 -9
6 46 0
6 55 -5
6 92 9
6 25 5
6 65 5
6 45 -10
6 85 5
6 78 -7
6 77 1
7 52 -8
7 45 9
7 95 -7
7 13 -8
7 38 4
7 81 -9
7 91 2
7 27 0
7 47 -9
7 39 9
7 29 5
7 28 1
7 98 0
7 31 2
7 93 7
7 88 -8
7 64 -7
7 86 3
7 50 -4
7 76 -6
7 34 -4
7 16 7
7 82 3
7 18 9
7 71 -3
7 89 10
7 36 3
7 72 5
7 10 9
7 77 7
7 80 1
7 56 4
7 35 -9
7 68 -9
7 12 2
7 65 -8
7 51 3
7 46 3
7 78 10
7 19 8
7 85 10
7 69 -2
7 57 -5
7 67 -2
7 15 -5
8 49 7
8 27 -4
8 96 10
8 84 7
8 87 6
8 20 7
8 19 -2
8 67 10
8 75 -10
8 82 8
8 16 4
8 44 6
8 11 -5
8 69 -2
8 31 -2
8 77 0
8 53 2
8 37 7
8 93 9
8 89 -10
8 98 -5
8 62 -8
8 58 9
8 56 -1
8 47 -3
8 59 -4
8 15 -4
8 24 -8
8 32 -9
8 42 9
8 38 5
8 39 6
8 71 -5
8 40 6
8 25 -1
8 68 -5
8 88 -10
8 81 5
8 86 -4
8 80 4
8 74 -10
8 100 4
8 97 -5
8 52 9
8 9 2
8 61 1
8 70 2
8 51 -7
8 85 2
8 65 7
8 17 3
9 55 -3
9 68 -6
9 95 6
9 49 -4
9 63 -7
9 70 9
9 72 3
9 39 -8
9 37 8
9 62 -4
9 45 9
9 35 -10
9 47 -9
9 16 -9
9 11 -9
9 21 -6
9 73 -9
9 27 -9
9 50 -7
9 33 7
9 10 -1
9 69 9
9 14 -1
9 100 -3
9 54 -7
9 64 -9
9 90 5
9 86 10
9 32 4
9 97 -2
9 74 -1
9 94 7
9 24 9
9 17 1
9 26 2
9 52 -9
9 84 10
9 99 7
9 80 3
9 77 2
9 46 -4
9 58 -1
9 43 -3
9 56 4
9 76 -5
9 89 -10
9 20 0
9 93 6
10 36 -6
10 43 -7
10 52 -6
10 89 2
10 21 6
10 78 -10
10 93 -10
10 20 -3
10 25 -5
10 33 -3
10 59 2
10 79 -3
10 44 -8
10 64 7
10 34 3
10 83 -5
10 42 -1
10 18 3
10 82 -6
10 75 -10
10 46 8
10 31 1
10 95 2
10 38 -9
10 26 1
10 11 7
10 91 -4
10 35 -3
10 19 -9
10 70 -7
10 77 5
10 48 -10
10 81 -9
10 27 -1
10 90 7
10 28 7
10 53 9
10 15 7
10 51 0
10 100 5
10 45 8
10 55 -4
10 49 9
10 98 -7
11 22 -4
11 76 3
11 93 5
11 17 -10
11 71 1
11 18 -3
11 58 3
11 29 -6
11 62 10
11 23 -2
11 61 5
11 37 -7
11 28 -10
11 32 -2
11 38 -7
11 59 8
11 87 2
11 100 -9
11 60 10
11 98 0
11 70 -6
11 84 4
11 65 -1
11 56 5
11 51 -8
11 94 0
11 90 6
11 88 9
11 83 9
11 49 3
11 27 -9
11 97 -2
11 86 1
11 82 -10
11 57 0
11 79 3
11 45 2
11 64 4
11 80 -10
11 36 1
11 15 -3
11 34 10
11 47 0
11 42 6
11 77 -5
11 48 9
12 44 -10
12 80 0
12 66 7
12 55 -5
12 76 2
12 20 3
12 89 7
12 91 2
12 52 -9
12 79 0
12 46 -8
12 86 2
12 21 4
12 75 -10
12 61 -5
12 99 3
12 19 -3
12 58 1
12 17 9
12 43 6
12 98 3
12 81 -4
12 85 -6
12 27 9
12 63 9
12 39 1
12 88 -2
12 78 2
12 34 -1
12 93 2
12 68 4
12 45 7
12 30 1
12 69 -3
12 49 -6
12 67 4
12 96 0
12 33 6
12 15 -2
12 38 5
12 40 9
13 39 9
13 53 -6
13 57 5
13 61 1
13 83 8
13 49 -10
13 47 -9
13 69 1
13 24 -1
13 68 4
13 98 0
13 70 -7
13 14 5
13 44 -10
13 58 3
13 88 -4
13 90 6
13 81 -4
13 94 -8
13 73 -1
13 16 -5
13 26 -5
13 85 -3
13 38 0
13 48 3
13 75 9
13 19 8
13 36 -6
13 31 5
13 100 4
13 21 -9
13 27 -8
13 15 9
13 54 -2
13 95 -8
13 84 5
13 29 3
13 33 -10
13 45 -2
13 77 -6
13 67 0
13 71 4
13 20 -5
13 64 0
13 92 3
13 28 -7
13 63 -6
13 55 10
14 34 0
14 32 -10
14 45 3
14 100 -6
14 98 10
14 94 9
14 15 6
14 66 0
14 67 10
14 40 -3
14 83 -10
14 72 1
14 85 -7
14 49 -10
14 27 -1
14 60 3
14 31 -10
14 93 9
14 89 -4
14 38 -8
14 44 -9
14 52 6
14 23 -1
14 29 -2
14 73 7
14 47 4
14 86 10
14 65 2
14 59 -1
14 25 9
14 26 -5
14 50 1
14 82 -5
14 99 -2
14 92 1
14 58 -1
14 96 10
14 55 -7
14 22 -6
14 97 7
14 88 4
14 63 2
14 68 8
14 56 3
14 30 10
14 84 10
14 19 8
14 42 7
15 48 -1
15 59 -2
15 75 10
15 33 3
15 100 -10
15 93 -10
15 71 10
15 30 -3
15 84 2
15 87 -7
15 37 -3
15 97 4
15 94 -6
15 29 0
15 54 -1
15 72 5
15 17 2
15 55 4
15 85 -7
15 46 -8
15 44 3
15 34 3
15 31 6
15 35 4
15 49 -5
15 80 10
15 67 1
15 77 -10
15 78 -5
15 56 -6
15 96 -10
15 50 -7
15 90 1
15 18 0
16 48 10
16 49 -2
16 64 5
16 52 -2
16 40 -7
16 67 -5
16 21 8
16 94 -3
16 78 0
16 51 -9
16 79 -2
16 56 7
16 39 10
16 93 -1
16 81 4
16 65 -3
16 100 2
16 17 -9
16 92 3
16 44 -5
16 84 -10
16 47 -6
16 58 5
16 32 9
16 86 -7
16 42 6
16 37 -2
16 74 4
16 99 3
16 75 -3
16 80 1
16 31 -10
16 30 -6
16 89 0
16 83 -9
16 69 3
16 19 10
16 85 8
17 97 4
17 84 -3
17 28 -5
17 66 3
17 64 -5
17 22 1
17 85 7
17 69 -3
17 32 4
17 51 -9
17 71 2
17 82 -5
17 41 3
17 67 -4
17 56 5
17 38 -5
17 89 3
17 63 -3
17 80 0
17 48 7
17 21 -1
17 52 7
17 35 6
17 25 7
17 78 -8
17 46 9
17 74 10
17 90 -10
17 93 0
17 95 -5
17 26 8
17 34 -10
17 57 -4
17 81 2
17 24 1
17 83 -10
17 20 2
17 65 -6
17 55 -4
17 62 -8
17 58 -4
17 37 2
18 21 -6
18 20 7
18 87 -2
18 55 -8
18 71 9
18 84 9
18 93 7
18 50 0
18 63 -7
18 99 -4
18 82 -1
18 30 3
18 76 2
18 40 2
18 58 3
18 95 6
18 31 4
18 94 0
18 56 -5
18 43 7
18 92 -10
18 83 5
18 46 5
18 78 4
18 38 2
18 22 4
18 35 -2
18 100 3
18 45 1
18 88 5
18 74 -4
18 91 7
18 19 -1
18 97 6
18 98 -4
18 54 -1
18 53 -4
19 64 -6
19 46 5
19 26 0
19 78 -9
19 58 8
19 92 -4
19 40 -8
19 59 -1
19 55 -9
19 90 -1
19 70 -10
19 25 6
19 66 -9
19 21 -10
19 89 -7
19 56 7
19 93 -5
19 99 -3
19 47 -10
19 75 -9
19 22 -4
19 43 6
19 54 -2
19 41 0
19 87 -8
19 52 8
19 53 1
19 86 9
19 85 -5
19 79 -10
19 29 -6
19 83 -6
19 44 -4
19 60 -1
19 84 9
20 77 -9
20 85 0
20 70 -4
20 42 -7
20 44 -4
20 63 -9
20 92 -5
20 69 -4
20 95 8
20 46 -6
20 57 -1
20 80 1
20 99 -1
20 33 5
20 100 3
20 51 3
20 89 0
20 36 -6
20 39 3
20 48 0
20 53 -2
20 52 -3
20 62 -1
20 90 6
20 72 -1
20 88 6
20 41 1
20 94 8
20 55 -1
20 40 4
20 56 -1
20 82 -2
20 27 9
20 28 -7
20 29 4
20 30 6
20 96 1
20 50 3
20 91 -9
20 64 3
20 22 -8
20 76 0
20 58 4
21 92 -4
21 45 7
21 96 -7
21 88 10
21 28 5
21 84 7
21 36 4
21 89 -4
21 74 9
21 23 7
21 25 1
21 64 10
21 75 8
21 56 5
21 68 10
21 98 0
21 62 -7
21 67 7
21 47 5
21 78 10
21 32 -1
21 90 -6
21 95 -4
21 27 7
21 52 -6
21 41 -2
21 59 5
21 86 2
21 70 -6
21 33 1
21 43 -3
22 90 -10
22 47 -4
22 67 2
22 91 9
22 98 10
22 72 -4
22 51 8
22 82 -1
22 28 6
22 95 -7
22 58 -3
22 48 1
22 81 -3
22 26 -1
22 74 -3
22 30 -7
22 59 10
22 87 3
22 53 2
22 63 6
22 88 -10
22 78 10
22 31 8
22 41 1
22 36 3
22 86 -9
22 61 2
22 54 -10
22 85 3
22 66 6
22 73 -10
22 34 2
22 40 -3
22 52 0
22 35 4
22 83 7
22 96 -2
22 23 1
22 43 7
22 49 3
22 44 7
22 94 -10
23 83 -7
23 37 -2
23 88 5
23 86 -7
23 46 3
23 90 -7
23 58 6
23 63 6
23 32 4
23 69 10
23 67 -6
23 92 -7
23 97 6
23 75 5
23 85 2
23 43 -1
23 47 10
23 81 -5
23 82 0
23 87 -6
23 73 -7
23 94 8
23 51 -1
23 89 7
23 61 4
23 30 2
23 56 7
23 95 -4
23 50 10
23 70 -6
23 38 10
23 27 -4
23 79 2
23 68 0
23 91 -5
23 42 -4
24 77 -1
24 85 0
24 27 6
24 96 2
24 52 -9
24 89 0
24 87 0
24 34 6
24 83 -2
24 93 7
24 25 1
24 67 5
24 78 -6
24 98 4
24 55 -3
24 74 -7
24 36 -6
24 58 6
24 86 6
24 51 -2
24 92 -6
24 46 1
24 38 7
24 40 2
24 57 -6
24 64 -7
24 39 -4
24 84 -10
24 94 -9
24 60 -5
24 68 -4
24 97 -5
24 42 -6
24 80 3
24 91 10
24 45 10
24 37 5
24 32 7
24 61 -4
24 66 4
24 73 1
24 70 -9
25 54 -5
25 73 8
25 69 -4
25 32 -4
25 72 -3
25 64 2
25 28 10
25 62 5
25 94 4
25 58 -10
25 55 -10
25 84 3
25 30 4
25 37 1
25 29 -4
25 39 4
25 38 -7
25 93 -2
25 40 -2
25 96 0
25 86 -9
25 79 6
25 53 10
25 82 -5
25 59 7
25 26 10
25 49 -3
25 52 9
25 87 10
25 41 0
25 63 -3
25 91 -5
25 78 3
25 35 4
26 63 2
26 49 3
26 88 5
26 32 -10
26 45 -4
26 82 -8
26 65 1
26 42 4
26 61 -8
26 66 -10
26 100 7
26 86 5
26 31 8
26 98 -2
26 44 -10
26 84 -5
26 96 -3
26 28 1
26 29 -4
26 53 7
26 87 1
26 75 3
26 67 6
26 64 3
26 40 -9
26 94 -8
26 95 10
26 68 -10
26 71 -2
26 76 8
26 37 5
26 69 4
26 62 -3
26 91 1
26 59 0
26 30 5
26 33 -5
26 83 3
27 62 7
27 57 9
27 73 -7
27 74 4
27 80 -5
27 61 6
27 56 9
27 92 -6
27 81 -8
27 49 0
27 44 -3
27 66 -3
27 93 3
27 77 -9
27 33 -1
27 82 7
27 55 -4
27 35 -1
27 54 -4
27 32 -7
27 41 -9
27 84 4
27 72 1
27 60 3
27 40 4
27 53 2
27 51 -1
27 63 -2
27 97 1
27 86 -6
27 88 -3
28 83 3
28 100 8
28 88 8
28 84 2
28 63 3
28 52 8
28 40 -2
28 94 7
28 96 9
28 58 -2
28 59 -5
28 98 -9
28 81 1
28 86 -1
28 85 2
28 44 8
28 37 -3
28 56 -7
28 75 -9
28 33 -1
28 95 -1
28 79 -1
28 97 4
28 80 5
28 42 7
28 93 6
28 60 -5
28 35 6
28 31 -1
28 99 7
28 36 -6
28 91 -2
28 46 -7
28 92 6
28 32 1
28 71 -9
28 39 1
28 89 2
28 73 7
28 53 -8
28 38 0
28 55 1
28 78 -4
28 61 -6
28 50 -7
29 35 -4
29 98 4
29 67 9
29 89 -10
29 87 -5
29 34 9
29 49 9
29 72 9
29 74 -9
29 79 7
29 96 9
29 62 10
29 43 7
29 60 9
29 51 -2
29 76 -8
29 63 0
29 61 5
29 30 7
29 55 9
29 92 9
29 65 -9
29 86 -2
29 33 -7
29 46 -6
29 93 1
29 54 -8
29 48 -8
29 52 9
29 91 4
29 53 5
29 47 5
29 37 8
29 66 -9
29 82 10
29 40 2
29 75 4
29 73 -4
29 84 8
30 98 -1
30 81 -8
30 65 -2
30 57 8
30 41 -8
30 40 -4
30 42 -10
30 39 -5
30 60 -4
30 44 0
30 43 -1
30 72 -5
30 62 -7
30 64 -5
30 79 6
30 38 7
30 36 7
30 82 7
30 48 4
30 32 8
30 47 -6
30 73 2
30 59 2
30 51 2
30 99 -2
30 52 -8
30 93 -8
30 56 -4
30 86 4
30 83 -5
30 35 -9
30 49 -2
30 84 -2
30 75 -3
30 78 6
30 77 -5
31 82 0
31 63 -5
31 79 -6
31 45 -7
31 74 8
31 56 -10
31 37 -10
31 67 -7
31 92 5
31 57 -4
31 47 -9
31 51 -8
31 58 2
31 96 0
31 34 -6
31 41 -4
31 81 8
31 62 -3
31 90 -10
31 43 9
31 99 -9
31 36 -5
31 93 -5
31 71 -6
31 61 -3
31 77 9
31 84 -4
31 87 -8
31 83 -1
31 54 1
31 68 -6
31 66 10
31 95 -6
32 91 -2
32 69 4
32 93 3
32 84 -2
32 95 4
32 36 8
32 72 -2
32 51 9
32 63 10
32 67 10
32 33 3
32 57 -7
32 34 -7
32 79 5
32 35 -10
32 77 -9
32 90 -6
32 44 10
32 59 -4
32 85 -9
32 54 9
32 74 -7
32 99 -6
32 75 3
32 78 -9
32 71 -2
32 76 -5
32 56 -7
32 94 6
32 60 -9
32 86 6
32 58 -8
32 87 3
32 83 -3
32 48 -6
32 97 5
32 46 2
33 92 3
33 59 -5
33 43 -1
33 35 -7
33 74 8
33 46 -4
33 50 -4
33 64 7
33 66 -9
33 70 5
33 76 3
33 51 -7
33 53 6
33 96 3
33 58 10
33 39 -5
33 36 -6
33 37 -9
33 41 -4
33 49 1
33 88 8
33 38 -2
33 77 6
33 63 5
33 67 4
33 61 5
33 87 9
33 98 8
33 34 -7
33 95 6
33 82 -9
34 67 1
34 40 -5
34 48 5
34 82 -4
34 89 -7
34 95 -3
34 49 9
34 51 4
34 63 10
34 66 8
34 90 -7
34 84 -4
34 98 4
34 96 -3
34 79 -5
34 59 3
34 50 -8
34 76 -3
34 39 6
34 100 0
34 80 7
34 78 10
34 47 5
34 54 9
34 57 3
34 36 3
34 71 -9
34 58 3
34 85 9
34 37 -5
34 65 7
34 45 9
34 53 -9
34 60 -1
34 69 2
34 75 6
34 87 7
34 77 -10
34 68 -10
35 85 -5
35 100 -9
35 43 -1
35 46 -3
35 64 -7
35 91 3
35 51 -3
35 79 -10
35 36 4
35 71 -10
35 60 3
35 70 -2
35 45 3
35 82 10
35 56 -9
35 68 0
35 84 9
35 87 -8
35 67 -4
35 97 -7
35 52 -2
35 78 -9
35 50 3
35 73 10
35 76 -10
35 94 -5
35 83 -4
35 61 -10
35 72 6
35 53 -5
35 57 -4
35 47 -3
35 62 8
35 40 -7
35 86 7
35 75 -10
36 59 1
36 88 8
36 51 -3
36 100 -5
36 67 -9
36 61 6
36 94 -7
36 90 7
36 62 -10
36 86 9
36 39 -7
36 99 3
36 97 2
36 85 -6
36 46 10
36 54 -2
36 84 -10
36 72 -8
36 69 10
36 42 -4
36 49 -5
36 95 -4
36 68 -9
36 57 2
36 77 -4
36 43 -8
36 98 0
36 44 4
36 82 4
36 37 10
36 96 -10
37 63 7
37 47 -10
37 93 -3
37 72 4
37 73 -4
37 42 0
37 67 -3
37 85 3
37 56 0
37 87 7
37 38 9
37 65 -7
37 79 10
37 98 7
37 60 -7
37 97 -6
37 82 4
37 75 9
37 48 10
37 46 -1
37 68 -3
37 64 -9
37 96 6
37 66 -6
37 86 -2
37 54 -9
37 76 -8
37 62 -1
38 85 -1
38 74 3
38 72 -7
38 48 -1
38 61 8
38 49 9
38 44 7
38 47 -2
38 80 6
38 42 -10
38 88 -7
38 83 7
38 68 -8
38 94 -1
38 78 -1
38 92 9
38 45 3
38 60 -8
38 91 -9
38 90 7
38 75 -7
38 63 9
38 46 -5
38 52 9
38 77 3
38 56 -7
38 87 -8
38 54 -2
39 46 -7
39 59 -8
39 98 -1
39 56 -3
39 65 7
39 63 -6
39 47 7
39 69 2
39 55 9
39 94 6
39 92 1
39 77 0
39 83 5
39 64 -2
39 54 -6
39 86 6
39 60 1
39 44 6
39 51 -3
39 78 -1
39 73 -8
39 67 -10
39 97 -9
39 90 -7
39 81 -8
39 42 -2
39 80 10
39 100 10
39 58 -3
39 48 -5
39 99 -1
39 87 6
39 75 9
39 85 5
39 84 0
40 64 2
40 50 10
40 42 6
40 98 -8
40 59 -10
40 86 -2
40 96 -4
40 74 -6
40 49 9
40 57 -9
40 56 8
40 60 -7
40 44 -3
40 68 10
40 47 7
40 95 2
40 83 2
40 72 -2
40 90 -10
40 79 -10
40 75 -6
40 87 -10
40 93 -8
40 99 9
40 97 -4
40 88 -7
41 97 0
41 47 5
41 74 -8
41 59 -9
41 66 -5
41 63 5
41 70 5
41 82 4
41 85 -9
41 96 10
41 60 0
41 71 -3
41 84 -4
41 51 -2
41 91 -1
41 52 -5
41 92 2
41 45 -3
41 98 9
41 83 9
41 46 7
41 93 0
41 48 8
42 52 -4
42 89 2
42 57 6
42 60 -6
42 82 2
42 80 1
42 93 3
42 92 -9
42 74 7
42 61 -7
42 77 7
42 66 -7
42 48 1
42 100 -9
42 83 -7
42 86 4
42 64 6
42 69 0
42 46 7
42 56 -4
42 96 2
42 79 -7
42 91 0
42 73 0
42 95 10
42 90 10
42 55 -8
42 88 5
42 76 -5
43 96 -9
43 57 -9
43 95 -10
43 90 -9
43 92 -9
43 72 -4
43 53 -3
43 86 8
43 84 -5
43 68 8
43 100 -3
43 54 -4
43 50 -3
43 82 -6
43 85 -5
43 98 8
43 97 -9
43 79 -1
43 89 1
43 77 -7
43 63 -10
43 48 8
43 49 3
43 46 10
43 99 -1
43 80 3
43 73 9
44 53 10
44 45 2
44 99 -4
44 63 -5
44 55 10
44 98 -1
44 62 -3
44 78 -3
44 57 8
44 59 5
44 79 -2
44 61 -6
44 68 -1
44 69 -3
44 66 -8
44 89 5
44 81 1
44 84 -1
44 64 -9
44 93 -4
44 92 8
44 80 -7
44 52 -3
44 75 -2
44 50 3
44 47 -4
45 80 9
45 65 -1
45 63 2
45 83 -6
45 62 5
45 77 0
45 58 -4
45 55 -6
45 67 6
45 96 -3
45 82 3
45 59 7
45 68 1
45 81 -5
45 100 3
45 48 -1
45 47 1
45 56 5
45 60 -4
45 57 2
46 56 -8
46 96 10
46 88 4
46 75 10
46 77 -6
46 72 -7
46 53 5
46 91 9
46 50 4
46 79 -3
46 59 -7
46 80 -10
46 49 4
46 76 7
46 93 8
46 90 1
46 78 7
46 62 -9
46 52 7
46 94 6
46 71 5
46 99 -5
46 98 6
46 51 8
46 63 1
46 68 -6
46 54 -3
46 73 9
47 95 -1
47 99 7
47 89 5
47 48 7
47 79 -3
47 64 5
47 94 -1
47 100 -2
47 81 2
47 60 -5
47 97 4
47 67 7
47 70 1
47 51 7
47 73 9
47 54 3
47 88 0
47 50 -6
47 80 2
47 53 -10
47 56 10
47 91 5
47 57 3
47 76 2
48 73 7
48 67 4
48 60 -3
48 95 7
48 79 -4
48 57 6
48 99 2
48 51 0
48 50 3
48 54 2
48 93 -8
48 63 -6
48 88 -4
48 56 4
48 81 9
48 64 -5
48 94 -4
48 90 -8
48 77 -4
48 91 3
48 85 -2
48 59 -10
48 72 7
49 60 -9
49 97 9
49 50 5
49 78 -3
49 51 -4
49 58 4
49 69 9
49 68 0
49 74 7
49 66 3
49 72 -5
49 65 7
49 93 0
49 100 -7
49 79 0
49 92 -6
49 75 -1
49 54 1
49 62 8
49 81 -5
49 59 -4
49 98 6
49 94 9
49 84 10
49 90 6
49 89 -1
49 71 -7
50 96 0
50 84 2
50 64 7
50 98 3
50 63 -10
50 71 -7
50 81 7
50 69 9
50 97 -2
50 53 -5
50 93 0
50 95 4
50 90 -2
50 99 4
50 78 4
50 88 -8
50 100 -10
50 79 9
50 59 6
50 62 -6
50 65 -1
50 74 -3
50 91 -1
50 54 -5
50 60 1
50 86 -2
51 71 9
51 55 -8
51 68 2
51 60 4
51 79 8
51 84 -1
51 78 -1
51 75 -9
51 98 -2
51 53 9
51 58 -8
51 90 -9
51 87 -10
51 70 -10
51 91 -6
51 52 -2
51 74 -10
51 93 5
51 73 9
51 100 -9
51 95 6
51 82 -7
51 56 -8
51 65 -8
51 99 -8
51 57 7
51 89 0
51 94 -3
51 86 8
52 99 -5
52 70 1
52 90 7
52 98 9
52 69 4
52 95 -2
52 79 2
52 55 10
52 73 1
52 68 -10
52 59 5
52 53 6
52 54 -1
52 77 -1
52 75 2
52 67 0
52 89 -9
52 71 -10
52 78 1
52 72 8
52 94 -8
52 65 8
52 61 8
52 76 -6
52 81 -3
53 71 -7
53 82 -10
53 80 5
53 99 -3
53 91 8
53 98 -5
53 62 10
53 97 10
53 65 -3
53 92 6
53 60 -10
53 90 -9
53 85 -5
53 75 -8
53 66 5
53 61 -9
53 76 9
53 70 -3
53 69 -1
53 89 -3
53 95 0
53 83 4
53 84 -7
53 67 -6
53 81 -3
53 100 -10
53 64 -2
53 96 -5
53 63 9
53 79 5
53 74 -8
54 92 -4
54 100 10
54 73 2
54 96 5
54 57 6
54 77 8
54 67 -7
54 84 -8
54 63 0
54 87 8
54 75 1
54 69 8
54 93 4
54 64 -1
54 86 -4
54 60 -10
54 55 7
54 94 10
54 80 8
54 97 -6
54 70 -9
54 78 2
54 74 -8
54 98 -7
54 66 -3
54 62 8
54 61 -1
55 98 -9
55 87 5
55 83 5
55 90 7
55 71 -1
55 69 1
55 91 10
55 89 -3
55 59 4
55 66 6
55 80 -5
55 95 -6
55 84 -9
55 79 -4
55 76 2
55 75 -10
55 65 -10
55 70 9
55 63 -4
55 56 -8
55 64 -4
55 86 7
55 57 -7
55 81 -2
55 61 -2
55 97 -7
56 70 3
56 94 -1
56 87 9
56 83 0
56 84 -5
56 82 -6
56 72 3
56 89 4
56 71 -1
56 68 10
56 96 9
56 88 0
56 75 9
56 97 8
56 58 6
56 90 -1
56 66 -6
56 86 -1
56 65 -2
56 78 9
57 65 5
57 73 10
57 95 2
57 87 4
57 100 -10
57 74 4
57 68 0
57 91 2
57 97 -3
57 62 3
57 59 -7
57 86 -4
57 85 7
57 77 -5
57 92 2
57 84 0
57 94 3
57 89 -10
57 66 9
57 76 -8
58 90 -8
58 71 4
58 69 -1
58 72 -7
58 100 -5
58 77 -3
58 78 0
58 86 -10
58 94 -8
58 92 0
58 63 8
58 76 -4
58 85 -6
58 64 -1
58 95 2
58 81 1
58 79 8
58 80 0
58 68 0
59 83 -5
59 96 -1
59 87 0
59 89 -10
59 99 -7
59 74 3
59 97 7
59 82 -3
59 66 -2
59 67 0
59 80 1
59 84 6
59 60 -9
59 100 6
59 91 -1
59 92 2
59 63 -3
59 73 -2
59 95 -1
59 64 8
59 77 -3
60 64 2
60 81 -1
60 80 -10
60 100 -8
60 96 6
60 85 -5
60 99 6
60 93 -2
60 89 -3
60 88 -6
60 94 -5
60 70 1
60 61 0
60 63 -3
60 62 4
60 92 -5
60 79 6
60 69 -9
60 98 -3
60 91 -2
60 65 2
61 77 -7
61 82 7
61 79 6
61 86 -8
61 88 -9
61 71 4
61 81 -3
61 75 8
61 66 -10
61 92 1
61 63 -9
61 87 3
61 69 7
61 89 -8
61 65 -8
61 83 -2
61 90 -1
61 100 5
61 73 6
61 67 -8
61 68 -3
62 74 -4
62 67 0
62 86 -6
62 92 -7
62 81 1
62 95 7
62 97 3
62 100 3
62 90 -1
62 64 -3
62 65 -9
62 72 -10
62 68 -1
62 84 9
62 91 10
62 87 6
62 66 -7
62 78 -3
62 83 -8
62 94 2
62 96 1
62 71 10
62 82 7
63 76 -10
63 72 -6
63 87 -10
63 81 -1
63 97 3
63 92 3
63 84 10
63 89 7
63 83 10
63 75 -10
63 71 -7
63 86 0
63 77 8
63 82 -10
63 78 6
63 66 2
63 64 -3
64 94 10
64 79 1
64 75 -7
64 78 -6
64 67 0
64 74 3
64 69 10
64 72 4
64 73 -3
64 76 1
64 85 5
64 88 -5
64 90 1
64 93 -8
64 66 -3
64 92 -6
64 71 8
65 66 -6
65 95 -5
65 78 6
65 87 8
65 97 -7
65 69 10
65 96 9
65 68 -4
65 98 5
65 81 4
65 72 -5
65 92 4
65 79 -10
65 90 8
65 88 1
65 80 8
65 76 10
65 75 5
66 100 0
66 81 -3
66 67 -10
66 73 -10
66 84 -8
66 69 5
66 75 -10
66 76 -10
66 68 8
66 97 10
66 91 2
66 82 6
66 93 1
66 74 -9
67 73 -3
67 99 -1
67 82 -4
67 98 -5
67 69 10
67 93 9
67 90 5
67 86 2
67 83 -7
67 76 8
67 91 9
67 88 5
67 94 -6
67 96 2
67 81 -1
67 100 -9
67 72 5
67 68 -5
67 71 5
68 91 10
68 97 -10
68 85 1
68 95 4
68 98 7
68 96 0
68 69 -3
68 78 -10
68 99 -10
68 83 -2
68 73 -5
68 75 -1
68 92 3
68 94 -10
69 83 7
69 76 4
69 88 -10
69 85 8
69 80 -6
69 70 9
69 92 0
69 95 -8
69 100 -8
69 77 7
69 93 -7
69 79 -1
69 86 6
69 99 -6
69 87 -2
70 87 6
70 98 -1
70 77 10
70 99 -5
70 89 4
70 81 6
70 94 10
70 76 -6
70 73 6
70 93 -1
70 83 -8
70 85 -8
70 75 -10
70 95 -1
70 96 10
71 92 0
71 96 5
71 76 -1
71 98 1
71 87 -6
71 91 -2
71 86 8
71 80 -9
71 89 3
71 75 -9
71 94 5
71 73 -10
71 90 -7
71 84 -6
71 85 1
71 97 -7
71 100 10
72 95 5
72 85 -10
72 86 6
72 79 -5
72 74 -7
72 81 -2
72 97 9
72 83 4
72 76 -2
72 82 0
72 77 -6
72 91 -10
72 73 -6
72 92 4
72 87 -10
72 88 -8
72 80 -4
72 94 -8
73 80 -9
73 92 8
73 86 -3
73 76 -5
73 84 4
73 90 3
73 74 5
73 75 -10
73 98 -5
73 89 -7
73 81 -8
73 82 -7
74 96 5
74 88 -1
74 90 1
74 81 -6
74 78 7
74 95 8
74 99 -10
74 92 -3
74 77 2
74 82 -10
74 76 0
74 87 -10
74 91 9
75 93 7
75 96 7
75 81 10
75 95 -7
75 82 -6
75 84 -7
75 97 -7
75 80 4
75 77 5
75 94 -3
75 85 -8
75 78 -4
75 98 5
75 91 -10
75 92 6
76 96 -6
76 98 0
76 91 0
76 80 -9
76 88 10
76 97 8
76 93 -9
76 77 3
76 85 -4
76 95 2
76 89 -7
76 94 -6
76 84 2
76 78 8
77 78 4
77 94 10
77 82 2
77 90 0
77 95 -6
77 86 -7
77 93 4
77 100 -8
77 98 -10
77 84 -8
77 83 -9
77 80 4
77 97 -10
77 88 8
78 83 7
78 82 1
78 85 1
78 97 4
78 88 7
78 84 3
78 87 1
78 99 9
78 92 3
78 100 -6
78 89 6
79 96 8
79 94 0
79 93 -7
79 82 7
79 83 -1
79 81 7
79 88 0
79 87 -8
79 84 -10
79 100 -9
79 92 -8
79 95 -8
79 91 9
80 82 6
80 92 -7
80 86 -3
80 99 10
80 85 -7
80 90 4
80 93 0
81 83 8
81 93 -3
81 92 -4
81 98 -5
81 99 -9
81 89 -1
81 95 4
81 86 -7
82 91 5
82 88 -2
82 90 4
82 93 -7
82 95 6
82 89 6
82 92 -5
82 84 -10
82 99 0
82 97 10
82 86 10
83 86 -1
83 93 -3
83 98 -1
83 84 9
83 92 2
83 100 -8
83 87 3
84 86 6
84 88 0
84 99 -3
84 85 -5
84 93 0
84 92 -9
84 94 8
85 87 -1
85 93 -7
85 94 -8
85 95 5
85 91 2
85 98 8
85 99 -5
85 88 3
86 94 2
86 100 9
86 95 5
86 87 1
86 98 4
87 91 1
87 96 -5
87 89 -4
87 94 -4
87 98 9
87 90 4
87 99 7
87 93 8
88 90 5
88 89 1
88 99 8
88 95 8
88 91 5
89 93 8
89 98 8
89 97 4
90 100 -9
90 98 -4
90 92 -6
90 96 -10
90 93 -4
91 98 -4
91 92 3
91 99 -1
91 93 4
91 97 4
91 95 2
92 94 10
92 95 1
93 94 -4
93 100 -3
94 97 7
95 99 6
95 100 -1
95 97 0
96 98 -1
96 99 1
96 97 -6
96 100 4
97 98 -8
98 100 -6
98 99 1
99 100 -8
