100 2475 
1 11 -4
1 70 8
1 28 2
1 77 -7
1 46 -8
1 80 6
1 79 -1
1 15 -2
1 89 -8
1 52 -1
1 12 -8
1 73 2
1 75 -4
1 87 0
1 57 -4
1 47 -8
1 14 10
1 27 10
1 94 9
1 37 -10
1 92 4
1 50 4
1 68 -1
1 96 -8
1 36 -3
1 60 10
1 5 8
1 32 -7
1 53 -10
1 33 3
1 3 -8
1 72 0
1 54 0
1 34 -9
1 65 0
1 24 9
1 62 7
1 22 -3
1 82 -4
1 100 2
1 4 -3
1 56 9
1 7 3
1 74 -2
1 76 -1
1 61 -1
1 78 -6
1 66 -8
2 67 -8
2 6 -10
2 38 10
2 25 6
2 22 -10
2 70 -10
2 55 4
2 94 -6
2 8 -10
2 85 4
2 14 -8
2 52 1
2 90 7
2 78 -9
2 34 -6
2 95 0
2 33 8
2 64 6
2 41 6
2 29 -3
2 17 2
2 30 -4
2 5 3
2 72 -9
2 43 -7
2 13 8
2 61 -10
2 9 5
2 24 -1
2 76 -5
2 39 -9
2 91 -6
2 53 8
2 75 9
2 86 -9
2 83 4
2 21 -9
2 57 0
2 42 -6
2 49 5
2 37 2
2 40 -1
2 35 7
2 18 -9
2 99 9
2 73 -10
2 45 0
2 92 -10
2 7 9
2 46 -9
2 54 -8
2 27 10
2 84 -5
2 19 -6
3 51 -7
3 36 -5
3 26 -6
3 19 10
3 65 -8
3 71 -3
3 49 4
3 25 5
3 15 -8
3 41 0
3 32 7
3 53 1
3 64 6
3 82 -6
3 28 -7
3 87 -6
3 96 4
3 17 -9
3 94 -1
3 95 0
3 6 -8
3 85 5
3 30 2
3 60 3
3 74 9
3 86 -10
3 11 2
3 52 -3
3 8 -3
3 72 2
3 50 4
3 67 10
3 20 -8
3 48 1
3 73 10
3 99 2
3 84 6
3 38 3
3 88 9
3 75 -8
3 14 7
3 31 9
3 21 -3
3 39 -2
3 42 -3
3 89 10
3 61 7
3 55 -8
3 24 -7
3 100 -7
3 47 -4
3 43 6
3 40 -2
3 35 10
3 79 4
4 28 -8
4 77 -8
4 61 -3
4 96 10
4 76 0
4 69 9
4 97 -1
4 17 8
4 60 -8
4 31 9
4 78 2
4 34 -6
4 23 1
4 72 -3
4 71 10
4 41 -4
4 86 -1
4 21 10
4 90 5
4 24 10
4 58 10
4 13 7
4 45 10
4 85 -6
4 36 9
4 67 -4
4 59 6
4 29 4
4 83 2
4 43 -8
4 82 3
4 93 8
4 56 -10
4 92 4
4 33 -3
4 51 -1
4 47 -3
4 52 8
4 38 -4
4 42 -10
4 79 -3
4 63 -6
4 64 7
4 19 3
4 80 -7
4 94 9
5 91 3
5 72 -1
5 15 -8
5 20 5
5 46 9
5 44 4
5 41 6
5 21 0
5 60 -9
5 31 -6
5 40 -6
5 7 8
5 52 5
5 67 -5
5 79 -1
5 30 8
5 54 0
5 35 -10
5 16 -3
5 94 -4
5 57 -3
5 98 1
5 56 7
5 95 1
5 37 -2
5 68 -10
5 97 -3
5 10 -10
5 83 8
5 29 -7
5 96 8
5 12 3
5 43 -6
5 8 4
5 26 -6
5 36 7
5 38 10
5 39 3
5 45 2
5 78 4
5 6 0
5 61 -6
5 9 2
5 74 -4
5 14 8
5 92 -10
5 81 3
5 87 -1
5 88 -10
5 66 1
5 82 5
6 50 5
6 86 -8
6 76 9
6 66 -9
6 26 -1
6 61 -8
6 81 -5
6 71 -8
6 65 10
6 73 5
6 10 10
6 37 3
6 94 10
6 75 -2
6 9 9
6 92 -6
6 96 -9
6 70 4
6 60 -1
6 69 -3
6 64 3
6 12 1
6 77 -5
6 63 -4
6 80 3
6 7 0
6 46 10
6 44 2
6 14 -2
6 42 7
6 53 9
6 35 3
6 91 -4
6 82 -7
6 8 -3
6 19 0
6 27 -8
6 48 6
6 21 -6
6 13 5
6 34 0
6 67 1
6 30 2
6 100 9
6 22 8
6 54 0
6 84 -6
6 62 -8
7 45 7
7 68 -7
7 24 10
7 47 -9
7 25 -10
7 42 -6
7 70 -1
7 80 -2
7 76 4
7 72 -8
7 93 1
7 18 -7
7 95 -8
7 74 -10
7 79 -8
7 53 -6
7 29 2
7 94 -6
7 86 -10
7 19 8
7 33 5
7 55 5
7 83 0
7 32 -6
7 98 -9
7 48 8
7 63 4
7 61 7
7 85 4
7 21 7
7 77 9
7 59 -1
7 81 3
7 26 6
7 75 -7
7 8 9
7 27 6
7 60 6
7 31 8
7 14 -8
8 51 -10
8 29 -2
8 48 5
8 83 7
8 94 6
8 44 3
8 97 7
8 79 10
8 76 6
8 100 -9
8 88 -5
8 85 9
8 77 10
8 42 -1
8 52 -2
8 9 -4
8 25 8
8 19 -6
8 81 -1
8 72 0
8 71 -9
8 34 -5
8 96 8
8 26 -6
8 49 -5
8 66 -9
8 27 8
8 53 -2
8 23 -8
8 22 2
8 11 9
8 41 1
8 50 8
8 31 3
8 40 6
8 65 -9
8 39 3
8 59 6
8 64 5
8 37 3
8 63 -4
8 21 6
8 17 -4
8 68 7
8 36 -1
8 90 -4
9 73 -8
9 11 -8
9 66 -6
9 33 1
9 58 -8
9 89 3
9 67 -1
9 52 -1
9 88 -1
9 12 3
9 31 0
9 40 8
9 53 -6
9 32 -1
9 96 -10
9 37 -10
9 55 -1
9 97 -6
9 25 -7
9 57 -6
9 69 3
9 81 10
9 86 0
9 60 3
9 95 -3
9 13 3
9 41 4
9 71 5
9 78 9
9 84 -5
9 28 -1
9 17 1
9 39 4
9 44 0
9 76 -10
9 70 10
9 93 3
9 49 -3
9 34 5
9 45 9
9 83 1
9 15 2
9 59 9
9 38 -9
9 42 -4
9 51 -10
9 75 -9
9 85 8
9 36 10
10 76 -3
10 99 3
10 55 3
10 87 8
10 65 -10
10 38 -8
10 98 -1
10 50 4
10 21 -9
10 85 -8
10 17 -10
10 33 5
10 30 -4
10 22 9
10 18 8
10 27 -3
10 36 -10
10 83 9
10 39 -6
10 88 1
10 60 3
10 94 3
10 73 -1
10 31 -6
10 47 -8
10 96 -1
10 95 4
10 45 10
10 89 -1
10 58 -4
10 35 4
10 61 -1
10 24 -5
10 92 -1
10 100 -6
10 93 9
10 57 -7
10 16 1
10 23 4
10 42 -4
10 62 0
10 74 10
10 75 -8
10 20 -10
11 67 -2
11 22 0
11 34 -10
11 87 -8
11 91 -7
11 74 8
11 31 10
11 25 -8
11 48 -9
11 29 -1
11 15 6
11 44 -6
11 13 -1
11 69 0
11 82 -2
11 18 -10
11 98 9
11 80 -1
11 100 -1
11 61 9
11 50 -4
11 59 4
11 23 5
11 41 -7
11 57 9
11 99 6
11 83 -10
11 24 5
11 62 10
11 92 5
11 86 7
11 49 -5
11 97 -10
11 17 4
11 93 -8
11 28 8
11 96 4
11 78 -5
11 56 2
11 89 -10
11 54 -4
11 40 -8
11 42 -5
11 66 -7
12 95 9
12 62 -3
12 53 -10
12 63 -7
12 33 -8
12 80 -8
12 65 -3
12 88 -2
12 50 -9
12 78 0
12 15 5
12 84 0
12 27 5
12 64 6
12 13 -8
12 55 -5
12 20 6
12 28 1
12 85 0
12 40 1
12 30 -10
12 98 4
12 22 -6
12 66 -8
12 96 -9
12 42 -7
12 99 3
12 82 10
12 57 -10
12 39 3
12 79 -4
12 58 8
12 24 7
12 69 5
12 97 9
12 87 -5
12 26 -6
12 48 2
12 90 3
12 21 4
12 76 -9
12 37 -5
12 19 4
12 23 -9
12 45 9
12 92 3
12 29 0
13 77 3
13 59 -1
13 85 -3
13 62 0
13 23 10
13 29 1
13 70 9
13 72 5
13 31 -1
13 26 10
13 71 -10
13 91 -3
13 87 6
13 17 4
13 56 1
13 94 -8
13 55 -2
13 20 6
13 37 4
13 21 4
13 25 10
13 33 8
13 53 0
13 46 -2
13 73 -9
13 61 7
13 57 -5
13 58 3
13 98 -3
13 19 4
13 24 -1
13 35 1
13 88 -6
13 30 0
13 67 3
13 83 3
13 97 1
13 38 4
13 66 0
13 50 0
13 81 9
13 16 -3
13 92 3
14 79 0
14 98 -7
14 65 -3
14 92 -2
14 62 -8
14 94 -8
14 61 0
14 93 -5
14 41 -2
14 21 3
14 57 4
14 63 6
14 43 3
14 44 8
14 20 4
14 87 -10
14 86 -1
14 42 0
14 81 10
14 31 7
14 91 0
14 64 9
14 25 0
14 37 -2
14 67 6
14 54 -9
14 49 -5
14 55 -5
14 48 4
14 100 -9
14 99 6
14 33 -1
14 24 6
14 22 -2
14 82 10
14 90 7
14 96 -8
14 84 4
14 72 4
14 30 2
14 19 1
14 15 -9
14 38 10
14 47 9
14 45 3
14 68 -5
14 88 -10
14 89 -8
15 74 1
15 89 -10
15 80 -9
15 39 -6
15 30 0
15 25 0
15 59 6
15 78 -5
15 61 8
15 20 2
15 82 1
15 47 -1
15 35 -4
15 34 -3
15 87 -4
15 65 6
15 24 4
15 81 -8
15 66 -9
15 88 3
15 18 4
15 45 -5
15 95 5
15 44 1
15 63 -8
15 62 6
15 37 1
15 28 -4
15 52 -1
15 19 10
15 51 8
15 23 -3
15 40 -2
15 58 6
15 100 8
15 71 6
15 98 7
15 91 -5
15 31 -9
15 42 3
15 43 -9
15 83 4
16 56 5
16 45 -10
16 66 -6
16 86 1
16 18 -4
16 71 9
16 62 -2
16 37 -4
16 98 -4
16 20 9
16 25 -5
16 70 7
16 67 9
16 22 5
16 48 0
16 92 -6
16 60 1
16 24 -4
16 53 1
16 19 -10
16 100 -3
16 52 -2
16 97 8
16 80 10
16 93 -7
16 73 10
16 35 8
16 75 0
16 76 9
16 96 -6
16 44 -9
16 78 4
16 85 9
16 41 7
16 88 -10
16 72 -6
16 54 -4
16 84 7
16 58 3
16 38 8
16 36 6
17 78 -6
17 53 10
17 72 8
17 67 9
17 79 0
17 23 7
17 36 4
17 81 -4
17 38 -1
17 62 0
17 22 9
17 19 8
17 69 0
17 34 -7
17 49 -2
17 82 7
17 84 10
17 96 -5
17 54 3
17 52 -3
17 86 -2
17 60 -5
17 42 6
17 68 -4
17 75 -8
17 28 -3
17 29 6
17 93 -3
17 63 -1
17 65 -6
17 90 2
17 50 -3
17 24 -4
17 57 -9
17 20 -5
17 73 -2
17 44 -5
18 80 7
18 74 -5
18 64 -9
18 27 -4
18 59 9
18 46 -1
18 50 2
18 92 8
18 48 -1
18 31 -9
18 37 3
18 20 -5
18 62 0
18 58 -7
18 84 -2
18 35 -9
18 60 -10
18 38 10
18 79 -9
18 26 -5
18 51 -9
18 86 -6
18 61 -8
18 66 5
18 65 -5
18 100 -10
18 97 -10
18 41 2
18 23 2
18 29 0
18 32 5
18 40 -4
18 34 -3
18 95 8
18 47 -6
18 70 8
18 45 5
18 68 -7
18 71 -1
18 72 2
18 96 8
18 54 4
18 63 7
18 22 -7
18 30 -2
18 73 3
18 67 1
18 39 -8
18 99 9
18 89 0
18 36 -2
18 42 6
18 52 0
19 49 5
19 97 7
19 32 -7
19 51 4
19 76 -3
19 60 6
19 79 4
19 53 -3
19 29 -8
19 82 -2
19 23 -1
19 62 -7
19 66 5
19 70 -4
19 48 -6
19 22 0
19 35 7
19 92 -10
19 77 -6
19 74 4
19 88 10
19 26 -10
19 61 -4
19 28 8
19 85 4
19 56 1
19 25 4
19 83 4
19 86 5
19 65 3
19 41 -3
19 45 -6
19 20 2
19 37 0
19 64 -8
19 43 9
19 38 9
19 58 10
20 82 -2
20 77 4
20 96 4
20 44 -7
20 41 9
20 58 -6
20 78 9
20 45 -10
20 35 0
20 67 -10
20 93 -3
20 22 4
20 47 7
20 79 -3
20 63 1
20 38 8
20 61 -7
20 43 2
20 26 -2
20 65 0
20 97 -2
20 83 9
20 60 -10
20 75 5
20 34 10
20 37 -3
20 42 -9
20 53 9
20 51 2
20 95 2
20 74 -10
20 59 -5
20 28 9
20 32 3
20 50 -6
20 52 1
20 71 -8
20 46 -7
20 81 8
20 70 -10
20 40 -3
20 86 -5
20 66 -1
20 89 6
20 72 -4
20 94 -1
21 26 8
21 76 10
21 46 0
21 35 8
21 48 -1
21 79 1
21 40 4
21 24 -5
21 33 -2
21 91 -9
21 39 4
21 36 -4
21 47 7
21 89 6
21 60 10
21 45 2
21 28 10
21 84 9
21 93 7
21 72 -7
21 44 -1
21 62 9
21 56 -10
21 22 4
21 41 -3
21 64 9
21 87 4
21 81 1
21 55 1
21 43 1
21 25 -8
21 92 -10
21 59 -10
21 70 -9
21 82 8
21 58 -10
21 34 6
21 90 7
22 93 -5
22 49 -3
22 56 -9
22 80 2
22 100 -4
22 28 -4
22 96 -5
22 42 -10
22 26 -3
22 65 10
22 64 1
22 53 -3
22 39 9
22 70 8
22 76 10
22 92 10
22 94 9
22 83 -10
22 86 7
22 97 9
22 55 0
22 30 -9
22 99 -7
22 90 6
22 61 -3
22 40 4
22 91 -6
22 67 -3
22 44 -3
22 79 -10
22 23 -4
22 59 10
22 52 9
23 74 -9
23 69 9
23 51 8
23 43 -10
23 38 4
23 59 6
23 46 -7
23 88 4
23 56 5
23 90 -2
23 40 7
23 68 -8
23 41 -2
23 78 0
23 30 8
23 42 -1
23 94 -10
23 32 5
23 73 9
23 34 0
23 67 -9
23 66 -9
23 58 -10
23 63 4
23 65 9
23 71 -8
24 62 10
24 61 -7
24 79 6
24 34 -7
24 45 8
24 26 -10
24 65 5
24 96 3
24 53 8
24 33 1
24 31 -7
24 63 -9
24 27 -5
24 28 4
24 86 -10
24 97 -3
24 100 10
24 70 1
24 82 5
24 76 6
24 66 -3
24 37 6
24 58 -5
24 55 2
24 52 -3
24 48 -5
24 29 2
24 32 10
24 85 -10
24 80 6
24 46 2
24 40 8
24 39 -7
24 51 -1
24 44 4
24 90 -6
24 54 7
24 69 9
24 47 5
24 94 10
24 78 -5
24 57 -8
25 84 4
25 70 -4
25 85 -2
25 38 -2
25 64 -6
25 52 10
25 69 -3
25 34 7
25 65 -7
25 36 -8
25 43 -10
25 29 -2
25 75 -1
25 50 -8
25 48 10
25 93 -3
25 46 -6
25 59 -9
25 57 10
25 45 7
25 92 6
25 33 10
25 79 10
25 81 -2
25 54 9
25 94 2
25 76 -9
25 86 3
25 44 3
25 66 10
25 78 -7
25 27 -3
25 40 -10
25 62 -10
25 42 6
25 71 1
25 98 4
26 68 10
26 69 -6
26 75 1
26 85 2
26 32 -2
26 74 5
26 86 8
26 47 -2
26 96 2
26 36 2
26 29 -1
26 77 -7
26 39 1
26 63 2
26 54 7
26 76 -7
26 97 5
26 42 -4
26 89 10
26 87 -1
26 64 -3
26 41 0
26 93 1
26 45 -5
26 83 -4
26 79 -7
26 58 -1
26 33 0
26 40 3
26 71 -9
26 82 5
26 55 2
26 72 2
26 46 8
26 91 -5
26 78 -9
26 84 -4
26 38 -3
27 28 9
27 41 9
27 45 1
27 35 7
27 30 5
27 78 8
27 48 -7
27 72 -10
27 40 4
27 50 7
27 93 -7
27 55 4
27 39 5
27 79 3
27 77 -2
27 62 -1
27 64 5
27 98 3
27 44 -2
27 95 0
27 87 -2
27 86 4
27 75 4
27 85 5
27 65 -7
27 46 -5
27 58 8
27 96 6
27 38 0
27 53 10
27 43 -8
27 84 -4
27 31 7
28 70 6
28 32 9
28 31 -2
28 52 -8
28 75 6
28 33 -4
28 59 9
28 35 -5
28 76 -1
28 42 -1
28 73 -7
28 34 -6
28 43 5
28 54 -7
28 61 -5
28 46 -5
28 64 -1
28 67 7
28 93 6
28 66 6
28 55 2
28 88 2
28 96 3
28 99 -3
28 92 -9
28 47 -2
28 91 2
28 84 -1
28 38 2
28 78 -4
28 48 3
28 72 -8
28 57 8
28 98 7
28 65 -4
28 83 -4
28 44 -10
28 89 -10
28 97 2
29 69 -3
29 77 -5
29 50 -7
29 53 5
29 88 6
29 57 3
29 33 7
29 64 9
29 42 5
29 39 -9
29 37 -4
29 85 -2
29 84 10
29 72 -5
29 93 7
29 83 3
29 38 2
29 66 -4
29 70 -4
29 91 5
29 96 -4
29 35 -4
29 58 -8
29 54 9
29 55 0
29 81 -10
29 34 10
29 99 4
29 56 -10
29 60 -9
29 78 9
29 94 -3
29 74 1
29 86 9
29 61 0
29 43 -8
29 68 -10
29 63 8
30 64 0
30 66 -6
30 57 -4
30 40 5
30 42 -6
30 53 0
30 47 2
30 52 -10
30 61 9
30 33 -1
30 82 10
30 55 -1
30 100 -4
30 95 1
30 89 7
30 51 -8
30 88 -3
30 45 -10
30 32 9
30 73 -10
30 43 -4
30 78 -4
30 84 2
30 39 1
30 46 -8
30 58 -8
30 99 -6
30 74 3
30 70 -9
30 63 2
30 79 -6
30 80 -7
30 50 -9
30 87 -3
30 35 8
30 54 0
30 86 -6
30 77 -9
30 36 -8
31 93 7
31 91 -9
31 77 5
31 37 8
31 57 -2
31 45 -1
31 53 0
31 49 -9
31 32 -2
31 81 7
31 36 5
31 89 8
31 99 6
31 54 -1
31 58 0
31 63 -9
31 70 4
31 79 2
31 95 -5
31 59 -1
31 84 7
31 98 1
31 78 -3
31 64 -4
31 73 -4
31 61 8
31 51 6
31 86 -5
31 94 2
31 76 -3
31 71 1
32 75 -8
32 81 1
32 76 1
32 53 9
32 90 -9
32 69 -7
32 33 -5
32 64 7
32 63 3
32 45 -10
32 36 1
32 77 -8
32 35 -9
32 100 -10
32 44 6
32 78 4
32 39 2
32 86 2
32 99 -4
32 49 10
32 87 7
32 38 -5
32 65 -10
32 84 10
32 89 2
32 60 -1
32 54 7
32 70 -8
33 94 9
33 39 -5
33 56 -9
33 97 6
33 91 9
33 71 -8
33 85 2
33 46 -6
33 60 2
33 78 -7
33 73 9
33 42 3
33 44 4
33 82 2
33 70 -7
33 100 9
33 40 6
33 77 -9
33 36 -7
33 49 -7
33 50 -3
33 62 3
33 63 -10
33 66 6
33 64 0
33 83 -4
33 87 1
33 53 -4
33 79 2
33 55 7
33 69 -7
33 75 4
33 76 -4
33 65 6
33 95 8
34 44 -9
34 95 -8
34 67 -10
34 69 4
34 68 3
34 40 -8
34 98 4
34 88 4
34 48 9
34 72 1
34 43 -5
34 84 -8
34 71 10
34 89 10
34 75 -1
34 57 -2
34 61 7
34 47 -8
34 81 4
34 54 -7
34 79 4
34 78 8
34 83 0
34 66 -9
34 100 4
34 64 -10
34 49 3
34 97 -1
34 73 1
35 98 9
35 71 -8
35 67 -10
35 63 4
35 91 -7
35 40 -9
35 75 8
35 79 8
35 56 -4
35 100 2
35 96 4
35 45 6
35 43 -1
35 74 -7
35 84 -9
35 72 -3
35 94 -2
35 49 2
35 83 7
35 41 -5
35 93 -8
35 65 -9
35 99 8
35 86 -4
35 64 0
35 44 9
35 66 1
35 47 1
35 73 -2
35 88 1
35 69 -2
35 90 10
36 97 -3
36 99 3
36 51 -5
36 66 -2
36 52 8
36 40 8
36 64 -6
36 58 -5
36 45 1
36 70 3
36 72 0
36 90 9
36 38 5
36 53 -9
36 85 -6
36 61 -10
36 95 -4
36 47 -9
36 63 1
36 89 2
36 83 3
36 37 -5
36 73 -5
36 71 -7
36 55 -3
36 84 -9
36 77 4
36 41 -7
36 80 -2
36 91 -5
36 86 8
36 60 5
36 50 9
36 88 6
37 56 -3
37 67 -6
37 57 -9
37 50 -8
37 44 0
37 54 10
37 53 -6
37 41 -8
37 89 -5
37 64 -1
37 43 -10
37 91 -6
37 95 7
37 74 8
37 98 0
37 68 -5
37 58 8
37 48 7
37 86 -2
37 100 1
37 94 -4
37 72 9
37 93 -10
37 40 -6
37 92 3
37 70 9
37 65 -8
37 97 -6
37 85 10
38 44 -5
38 71 -8
38 63 1
38 92 0
38 77 1
38 81 -9
38 74 -9
38 88 2
38 96 5
38 90 -1
38 53 -4
38 75 6
38 82 4
38 48 -5
38 56 10
38 64 4
38 55 1
38 62 3
38 69 -7
38 76 8
38 42 10
38 89 8
38 50 -10
38 61 -2
38 57 -2
38 49 1
38 94 -9
38 58 -1
38 51 -6
38 79 -10
39 65 -5
39 98 -1
39 84 4
39 78 3
39 57 -3
39 45 7
39 79 -9
39 54 -8
39 73 -1
39 62 3
39 70 -7
39 91 9
39 81 -2
39 66 -5
39 97 -6
39 40 -4
39 43 -2
39 56 8
39 86 5
39 92 7
39 74 2
39 67 -3
39 96 4
39 51 2
39 49 0
39 95 10
39 41 6
40 94 -8
40 50 -9
40 59 -1
40 81 -5
40 41 4
40 49 -2
40 64 -5
40 82 -1
40 88 -1
40 56 0
40 77 4
40 73 -6
40 47 -5
40 52 9
40 95 -9
40 54 -2
40 74 -2
40 99 -9
40 90 4
40 63 -1
40 76 5
40 68 0
40 45 -2
40 53 -1
40 87 1
40 78 1
40 83 -6
40 97 9
41 59 -2
41 52 -4
41 79 2
41 54 -8
41 93 10
41 69 -2
41 87 -8
41 90 -7
41 43 -2
41 57 -4
41 63 7
41 97 0
41 92 8
41 89 1
41 74 2
41 96 0
41 67 -6
41 53 10
41 85 -5
41 68 7
41 99 6
41 77 8
41 44 1
41 94 -5
41 76 8
41 72 -4
41 84 -7
41 81 -7
41 58 6
41 80 9
41 88 9
41 64 8
42 94 -9
42 45 -3
42 67 -3
42 52 1
42 71 1
42 53 7
42 84 5
42 51 7
42 66 -4
42 61 -10
42 64 0
42 87 -8
42 60 9
42 95 0
42 62 -5
42 69 -3
42 47 3
42 56 6
42 82 5
42 77 10
42 65 -4
42 49 3
42 44 -3
42 46 9
42 70 -3
43 52 9
43 47 -8
43 69 -10
43 85 10
43 97 8
43 57 0
43 74 0
43 53 7
43 51 -1
43 88 -6
43 77 0
43 80 4
43 54 2
43 78 -9
43 84 -6
43 67 6
43 90 -7
43 61 2
43 68 -2
43 66 10
43 58 6
43 86 -10
43 96 -8
43 79 6
43 93 -5
43 92 10
43 65 -1
44 90 7
44 52 7
44 50 7
44 64 -10
44 48 2
44 69 -2
44 93 -4
44 84 0
44 53 8
44 85 -8
44 49 -1
44 60 -10
44 74 -6
44 73 -8
44 75 -5
44 87 0
44 70 -10
44 80 6
44 91 -5
44 63 6
44 66 1
44 57 9
44 88 -6
44 59 -1
45 60 -6
45 76 -6
45 65 -9
45 90 -7
45 98 8
45 57 10
45 47 -5
45 62 -7
45 52 -9
45 70 5
45 92 8
45 54 8
45 59 -9
45 55 7
45 48 -1
45 66 -7
45 96 -2
45 58 -8
45 82 9
45 64 -10
45 67 -3
45 72 7
45 97 4
45 77 1
45 63 -9
46 80 10
46 61 -8
46 50 -2
46 99 9
46 95 -7
46 85 10
46 48 -2
46 66 5
46 91 8
46 100 3
46 94 10
46 67 -2
46 96 0
46 65 -9
46 68 3
46 81 -6
46 82 -9
46 71 -4
46 90 6
46 88 9
46 52 8
46 76 7
46 83 1
46 93 5
46 86 -7
47 93 -8
47 51 -2
47 72 -3
47 74 9
47 99 2
47 59 -1
47 92 -6
47 91 10
47 82 -2
47 81 3
47 86 -10
47 58 9
47 53 -1
47 54 -5
47 67 -10
47 87 -5
47 89 3
47 73 3
47 97 -4
47 62 -1
47 80 -7
47 61 -1
47 63 7
48 85 2
48 56 -4
48 83 -5
48 65 -2
48 58 -10
48 57 -2
48 78 -1
48 82 7
48 61 -10
48 55 -3
48 62 -2
48 77 9
48 63 9
48 50 -10
48 79 0
48 96 9
48 59 3
48 49 -5
48 86 1
48 70 1
48 90 -10
48 54 -10
48 75 -9
48 88 -4
48 68 -1
48 93 7
48 66 -8
48 51 1
49 86 4
49 55 -7
49 89 5
49 84 -5
49 97 -6
49 74 -7
49 73 3
49 52 -3
49 70 -9
49 91 -2
49 77 -5
49 99 10
49 95 -8
49 51 7
49 81 10
49 67 -9
49 90 -7
49 60 3
49 50 -7
49 71 0
49 85 9
49 75 -7
49 87 9
49 96 2
49 58 -4
49 76 3
50 83 8
50 66 6
50 85 -8
50 62 -1
50 75 -4
50 58 0
50 57 4
50 87 1
50 89 -9
50 69 -8
50 73 -1
50 100 -9
50 96 2
50 99 -7
50 65 -9
50 76 -9
50 98 10
50 81 8
50 94 7
50 78 0
50 54 -2
50 97 10
50 93 10
50 88 7
50 92 -9
51 68 7
51 91 -6
51 72 9
51 94 -8
51 90 3
51 86 7
51 95 9
51 77 6
51 75 -10
51 59 9
51 84 -3
51 66 -3
51 57 6
51 80 -9
51 73 1
51 65 -9
51 98 8
51 74 -1
51 99 -9
51 89 -7
51 63 -7
51 55 -7
52 70 -5
52 71 -9
52 61 -2
52 78 -5
52 73 3
52 96 7
52 79 1
52 63 -8
52 55 -6
52 81 6
52 53 -9
52 62 -1
52 74 6
52 67 -9
52 82 -2
52 93 0
52 97 -9
52 99 -6
52 75 10
52 56 -8
53 62 5
53 98 -9
53 78 1
53 92 4
53 65 -10
53 84 1
53 79 1
53 93 -10
53 71 -2
53 55 6
53 87 6
53 67 1
53 72 4
53 100 -10
53 69 -9
53 96 -10
53 76 1
53 56 -1
54 99 -4
54 65 -7
54 84 -8
54 72 9
54 89 0
54 87 -9
54 58 10
54 88 -8
54 93 1
54 64 0
54 92 -9
54 60 -1
54 67 -2
54 55 0
54 81 -8
54 69 -6
54 80 -6
54 59 -2
54 57 -10
54 82 -3
54 66 -10
55 91 -6
55 97 5
55 64 -4
55 68 10
55 58 2
55 93 -7
55 62 -7
55 85 -9
55 90 -9
55 77 -5
55 60 -6
55 61 1
55 84 7
55 76 -3
55 73 9
55 67 7
55 71 7
55 99 -3
55 57 -2
55 98 -5
55 83 -7
55 74 -9
55 92 -7
55 86 -5
56 74 -1
56 70 -8
56 81 -5
56 93 -7
56 60 3
56 90 3
56 79 9
56 95 0
56 100 7
56 58 9
56 87 -4
56 88 10
56 89 -3
56 86 8
56 62 -7
56 69 -2
56 59 9
56 98 7
56 63 -7
56 76 -1
56 57 8
56 68 0
57 80 -2
57 74 8
57 87 -9
57 61 4
57 100 3
57 68 -2
57 71 1
57 88 6
57 66 9
57 92 -2
57 58 -10
57 90 -1
57 75 -7
57 70 10
57 79 6
57 97 -5
57 59 6
57 60 -9
57 69 3
57 89 10
57 93 -7
57 73 1
57 98 3
57 65 9
57 81 0
57 76 -7
57 67 7
58 65 6
58 63 3
58 96 3
58 59 2
58 78 2
58 74 -6
58 82 7
58 87 7
58 72 10
58 61 9
58 77 5
58 100 -2
58 76 -10
58 97 -4
58 88 -8
58 89 3
58 91 -3
58 73 -2
58 90 -4
58 86 7
59 78 -8
59 91 -3
59 81 6
59 66 3
59 64 5
59 70 5
59 98 3
59 61 2
59 86 4
59 92 -9
59 90 5
59 82 -2
59 69 -2
59 67 -3
59 95 5
59 65 0
59 74 3
59 76 0
59 100 7
59 94 -1
59 77 10
59 97 6
59 80 -7
59 71 -7
59 63 8
59 84 8
60 89 -1
60 66 4
60 84 5
60 91 -8
60 68 -9
60 67 0
60 69 -6
60 82 -8
60 96 -5
60 72 -6
60 87 -1
60 71 5
60 78 7
60 81 -2
60 62 -4
60 88 -10
60 76 -6
60 95 -8
60 80 -6
60 63 -6
60 100 3
60 93 -8
60 73 -10
60 79 -6
60 77 -6
60 92 -4
60 75 1
61 90 1
61 81 2
61 72 -1
61 73 -2
61 96 -7
61 77 4
61 95 4
61 93 -6
61 82 -10
61 99 6
61 76 -6
61 92 9
61 86 9
61 74 3
61 71 8
62 86 5
62 81 -6
62 66 -6
62 98 -7
62 75 -5
62 87 -7
62 77 4
62 93 8
62 92 -4
62 99 -10
62 83 2
62 76 -3
62 70 2
62 90 4
62 84 -3
62 94 10
62 88 5
62 96 5
62 80 9
63 94 4
63 88 -2
63 75 -5
63 68 -5
63 82 -3
63 100 6
63 97 1
63 67 -4
63 81 0
63 93 -3
63 64 6
63 87 6
63 70 -8
63 71 0
63 84 -5
63 86 2
63 99 1
63 72 -2
63 79 8
63 73 -1
63 69 6
63 77 -2
64 94 -1
64 81 4
64 84 1
64 79 5
64 83 -8
64 85 10
64 72 -8
64 98 10
64 67 -4
64 65 -8
64 82 9
64 73 6
64 95 1
64 99 -1
64 97 -8
64 93 -7
64 87 -1
64 70 -4
64 75 1
64 88 4
64 90 -10
64 77 -6
64 69 -10
64 74 10
65 81 -5
65 68 -9
65 93 -5
65 71 -2
65 89 8
65 78 2
65 94 -3
65 77 8
65 73 4
65 100 3
65 87 -3
65 88 0
65 74 -5
65 84 10
65 66 1
65 82 -7
65 67 8
65 90 10
65 97 7
65 72 0
66 80 4
66 92 6
66 73 -2
66 85 -9
66 87 -1
66 83 -4
66 77 -3
66 100 -4
66 78 2
66 71 0
66 79 0
66 72 8
66 98 -3
66 70 -9
66 76 -7
66 90 6
66 82 -8
66 74 -2
67 88 -3
67 79 0
67 89 1
67 96 1
67 86 3
67 74 -4
67 69 -8
67 70 -1
67 73 7
67 82 0
67 93 1
67 97 8
67 76 -3
67 71 0
67 92 -1
67 78 8
67 72 -5
67 81 -10
67 75 -4
67 94 2
67 90 -6
67 99 2
67 87 -6
68 82 9
68 73 -7
68 92 0
68 80 7
68 97 2
68 71 4
68 85 5
68 79 9
68 77 10
68 86 -3
68 98 -9
68 78 6
68 88 4
68 87 -3
69 73 3
69 86 8
69 100 -5
69 91 5
69 82 -5
69 78 8
69 84 6
69 95 -4
69 75 -2
69 92 0
69 77 1
69 74 5
69 85 -4
69 80 9
70 88 6
70 75 9
70 71 1
70 95 -7
70 92 2
70 97 7
70 91 9
70 94 -4
70 81 -7
70 82 -7
70 89 -7
70 73 -10
70 90 9
70 84 1
70 85 2
70 83 6
71 88 -1
71 99 -8
71 86 3
71 87 -3
71 96 -10
71 78 -4
71 94 -4
71 79 -7
72 74 -2
72 79 3
72 77 0
72 76 3
72 82 -1
72 78 0
72 93 0
72 75 -10
72 86 -5
72 88 -2
72 92 4
72 83 1
72 100 -10
72 98 10
72 81 -9
72 94 -6
73 99 -10
73 86 -2
73 98 7
73 93 1
73 100 -3
73 89 5
73 77 -10
73 94 -1
73 87 9
73 88 10
73 79 5
73 90 -4
73 83 7
74 81 -10
74 80 -1
74 92 2
74 77 -1
74 96 -1
74 78 -3
74 86 1
74 85 -1
74 88 -8
74 100 5
74 93 2
74 99 -1
74 98 -5
74 76 -9
74 90 10
75 78 -2
75 93 -3
75 91 9
75 81 2
75 95 -2
75 98 -1
75 90 5
75 83 -6
75 88 -7
75 100 -9
76 100 -5
76 77 4
76 83 -4
76 82 -8
76 87 -5
76 92 9
76 96 6
76 81 -4
76 80 7
76 88 -1
76 79 -1
77 86 10
77 99 -1
77 79 10
77 100 -5
77 90 -5
77 93 8
77 87 8
77 91 7
77 80 -4
77 96 5
77 82 7
77 97 -5
77 98 -3
78 97 -10
78 95 7
78 86 -3
78 96 -2
78 99 -2
78 92 1
78 85 5
78 80 -4
78 89 -4
78 91 9
79 96 10
79 84 5
79 85 -6
79 95 -9
79 94 5
79 99 7
79 88 -3
79 92 -7
79 81 4
79 90 1
79 91 -4
79 87 4
79 83 -8
79 100 10
79 86 -1
80 99 -4
80 100 -5
80 96 10
80 83 4
80 88 -3
80 84 3
80 98 7
80 86 -5
80 92 -4
80 93 -1
80 82 10
80 97 1
80 91 -8
80 90 -7
80 95 -6
80 87 7
80 81 2
81 96 0
81 90 -5
81 86 6
81 91 5
81 92 -3
81 85 10
81 94 -5
81 97 -6
81 95 -6
82 97 6
82 91 1
82 99 9
82 90 -1
82 88 -1
82 93 1
82 86 -10
82 84 6
82 94 -4
83 89 -2
83 97 6
83 96 -7
83 95 3
83 88 3
83 86 8
83 90 2
83 91 -4
83 92 -4
83 84 1
83 98 -10
83 85 -10
84 89 5
84 86 5
84 100 -6
84 97 5
84 95 -3
85 98 6
85 91 -8
85 94 -1
85 90 -3
85 96 -10
85 92 0
85 97 9
85 93 1
86 92 -7
86 93 7
86 98 -10
86 94 1
86 88 3
87 92 -1
87 94 -2
87 90 -9
87 91 9
87 88 5
87 99 0
88 98 -7
88 95 10
88 100 -2
88 89 2
88 91 -1
88 90 -1
89 92 8
89 100 -8
89 90 10
89 96 -5
89 93 2
89 94 8
89 91 7
89 99 2
90 95 -8
90 96 -5
91 100 8
91 97 7
91 98 3
91 94 -7
92 100 -7
92 99 -3
92 94 0
92 98 -1
93 95 1
93 98 3
94 95 8
94 98 -6
95 97 -2
95 98 9
96 98 -6
96 99 -7
96 100 -5
97 99 -9
98 99 0
