100 2475 
1 58 3
1 12 -8
1 7 0
1 99 -6
1 53 -4
1 42 -10
1 17 10
1 19 4
1 57 -1
1 22 5
1 98 10
1 69 -2
1 33 3
1 92 -9
1 79 -5
1 32 7
1 100 0
1 70 10
1 86 -2
1 72 2
1 15 -5
1 16 4
1 94 -2
1 96 5
1 71 2
1 44 -9
1 87 -8
1 97 4
1 56 -5
1 60 9
1 59 7
1 43 9
1 30 -4
1 18 -1
1 85 9
1 75 5
1 26 5
1 21 -5
1 63 -6
1 62 4
1 34 -10
1 37 10
1 77 -10
1 66 3
1 52 -8
1 5 7
1 29 4
1 41 2
1 76 7
1 51 -7
1 3 -5
1 91 -9
1 20 -9
1 48 -6
1 64 10
2 53 7
2 7 9
2 57 -7
2 16 -3
2 66 -1
2 61 -10
2 62 3
2 14 -2
2 88 -5
2 10 8
2 23 -5
2 82 10
2 17 9
2 52 6
2 28 7
2 83 2
2 92 -8
2 32 -9
2 98 4
2 69 2
2 13 -6
2 21 -6
2 5 1
2 80 1
2 6 7
2 18 -4
2 46 -1
2 95 10
2 43 8
2 58 -8
2 78 -1
2 15 -2
2 84 -4
2 90 10
2 73 7
2 12 -1
2 64 5
2 44 -2
2 60 1
2 19 -5
2 79 -2
2 40 -10
2 100 5
2 38 -8
2 39 -7
2 94 2
2 93 10
2 34 -6
2 56 8
2 50 6
2 65 6
2 59 7
3 74 0
3 79 9
3 88 1
3 11 9
3 44 5
3 40 9
3 82 -10
3 59 10
3 47 -4
3 51 -7
3 19 9
3 7 8
3 24 10
3 66 6
3 78 10
3 29 -6
3 99 -10
3 15 4
3 55 0
3 5 2
3 70 -4
3 22 9
3 17 -2
3 14 7
3 6 -3
3 35 -7
3 97 -1
3 48 -10
3 81 -6
3 68 -5
3 91 -3
3 4 2
3 30 5
3 45 0
3 94 2
3 36 -2
3 84 9
3 61 2
4 14 -10
4 81 7
4 86 8
4 21 -5
4 73 -8
4 61 3
4 19 6
4 80 8
4 15 -6
4 20 0
4 51 8
4 88 0
4 96 -8
4 87 9
4 44 -8
4 82 -4
4 9 3
4 74 -4
4 53 -2
4 100 5
4 34 1
4 66 7
4 49 4
4 35 2
4 24 -3
4 18 -10
4 41 -4
4 69 -5
4 28 -8
4 47 -9
4 72 -6
4 84 7
4 52 4
4 71 -2
4 43 -3
4 33 -7
4 50 -10
4 63 -4
4 62 -8
4 23 -2
4 68 -3
4 42 -7
4 39 -7
4 8 9
4 16 -2
4 13 -10
5 26 -3
5 54 -1
5 35 3
5 94 -2
5 37 10
5 71 6
5 22 6
5 29 -10
5 97 2
5 9 -7
5 82 1
5 87 5
5 27 -3
5 62 -3
5 74 4
5 25 -8
5 32 9
5 20 -8
5 40 2
5 77 -4
5 43 -10
5 83 3
5 34 3
5 11 -4
5 45 9
5 44 9
5 88 -9
5 48 -3
5 100 -1
5 79 2
5 98 -8
5 55 10
5 84 7
5 95 3
5 99 9
5 75 10
5 23 -10
5 51 -5
5 59 5
5 31 -6
5 73 -10
5 6 -9
5 36 10
5 81 -7
5 42 9
5 72 -2
5 90 -2
5 10 -10
5 38 8
5 66 -7
5 61 -6
5 70 -4
5 89 -4
5 30 -9
6 18 7
6 86 5
6 72 8
6 31 7
6 30 -8
6 80 -3
6 91 -5
6 99 10
6 28 -1
6 83 -10
6 74 7
6 32 3
6 20 -1
6 37 -6
6 96 -5
6 47 3
6 73 9
6 62 -8
6 87 1
6 88 -4
6 61 -9
6 10 8
6 16 5
6 68 -1
6 13 -6
6 7 3
6 52 4
6 81 9
6 54 -4
6 29 2
6 67 4
6 89 2
6 90 -10
6 27 4
6 43 3
6 100 7
6 38 -9
6 9 -1
6 26 -2
6 49 -5
6 34 -10
6 63 7
6 66 -3
6 14 -2
6 48 8
6 82 9
6 45 -2
6 79 6
6 21 9
6 85 0
6 78 7
6 24 -6
6 35 -3
7 55 10
7 76 -10
7 85 1
7 8 -9
7 46 -5
7 64 -10
7 22 -8
7 67 -10
7 77 4
7 11 10
7 35 0
7 52 -4
7 63 -4
7 18 7
7 19 2
7 58 -4
7 32 -8
7 98 -10
7 28 5
7 16 -8
7 81 0
7 59 -3
7 66 -10
7 50 10
7 99 -1
7 12 -9
7 70 -4
7 33 6
7 13 3
7 79 7
7 96 -8
7 17 4
7 53 -9
7 62 1
7 36 -3
7 91 -5
7 97 -7
7 27 0
7 9 3
7 54 -1
7 65 -10
7 94 4
7 75 -2
7 84 -7
7 80 -3
7 49 10
7 71 -8
7 23 -6
8 54 1
8 43 -9
8 72 3
8 9 -3
8 50 8
8 12 -7
8 22 -4
8 64 9
8 89 5
8 100 -7
8 81 4
8 45 -1
8 51 0
8 29 -1
8 88 -1
8 14 -8
8 69 -2
8 56 2
8 17 3
8 94 6
8 95 -10
8 71 1
8 44 8
8 75 7
8 58 8
8 47 5
8 65 -2
8 85 -5
8 11 10
8 99 -7
8 79 -7
8 97 -9
8 28 -2
8 27 0
8 13 -2
8 57 9
8 73 3
8 42 6
8 84 -2
9 75 6
9 64 -3
9 99 7
9 65 10
9 60 -7
9 18 3
9 14 8
9 100 -2
9 98 -7
9 21 -1
9 46 -10
9 23 3
9 94 7
9 85 -9
9 52 2
9 59 -2
9 66 -3
9 49 5
9 27 -4
9 91 -1
9 81 6
9 25 -8
9 45 -3
9 57 -2
9 71 -4
9 20 -4
9 55 3
9 38 -2
9 70 -10
9 76 8
9 40 6
9 47 -9
9 54 10
9 56 -3
9 16 0
9 80 3
9 44 3
9 63 9
9 62 1
9 43 7
9 92 -6
9 86 -1
9 72 -3
9 53 9
9 11 -8
9 88 -7
10 75 10
10 70 3
10 60 -1
10 34 10
10 77 -7
10 35 -9
10 97 0
10 12 2
10 49 -6
10 27 -6
10 69 5
10 44 9
10 93 10
10 47 3
10 42 -8
10 29 0
10 87 -10
10 18 -1
10 41 9
10 81 0
10 68 -7
10 74 9
10 90 -10
10 37 -1
10 40 5
10 13 2
10 45 -4
10 14 2
10 26 -1
10 83 3
10 99 3
10 82 6
10 19 -6
10 52 2
10 11 3
10 94 9
10 24 -10
10 46 3
10 48 3
10 66 0
10 16 -2
10 59 5
10 100 1
10 20 1
10 65 0
11 84 -10
11 47 -7
11 38 -7
11 28 6
11 21 8
11 37 -1
11 29 7
11 23 -8
11 83 -7
11 97 2
11 94 2
11 88 -4
11 59 7
11 18 4
11 31 5
11 71 -2
11 98 0
11 26 -3
11 69 7
11 41 -9
11 73 -6
11 16 -2
11 57 5
11 35 6
11 96 -9
11 15 -6
11 95 7
11 82 -1
11 92 -2
11 55 9
11 99 -4
11 50 -10
11 27 -3
11 45 -4
11 89 -2
11 64 5
11 61 -1
11 81 -10
11 34 -7
11 22 0
11 70 2
11 85 9
11 30 0
11 46 -7
12 27 3
12 35 3
12 25 -3
12 15 8
12 28 -7
12 94 -4
12 89 -4
12 87 -10
12 58 3
12 45 4
12 73 10
12 74 9
12 20 4
12 64 -5
12 55 -3
12 93 10
12 75 10
12 69 4
12 41 -4
12 17 -5
12 13 -7
12 78 10
12 19 5
12 71 1
12 59 -8
12 99 -2
12 22 6
12 23 8
12 86 2
12 16 -1
12 80 -10
12 56 4
12 76 -10
12 38 6
12 24 -4
12 82 4
12 65 5
12 67 4
12 37 3
12 26 -9
12 84 10
12 49 -6
12 29 -7
13 56 6
13 93 10
13 30 0
13 17 -9
13 80 -2
13 96 5
13 71 10
13 29 2
13 53 5
13 82 -3
13 34 0
13 77 -7
13 78 1
13 32 0
13 19 10
13 24 2
13 85 0
13 27 2
13 46 -5
13 51 9
13 67 -3
13 59 -9
13 36 -6
13 91 10
13 31 2
13 14 -1
13 69 -10
13 58 4
13 42 -9
13 62 -2
13 83 -4
13 64 -10
13 86 8
13 66 4
13 94 -8
13 54 -8
13 26 -8
13 21 -5
13 28 -2
13 70 -2
13 100 6
13 23 -10
13 95 4
13 76 5
13 49 7
14 80 3
14 94 0
14 68 3
14 63 0
14 91 -1
14 42 -2
14 53 5
14 84 4
14 52 -4
14 55 8
14 27 9
14 30 -8
14 43 -8
14 49 1
14 93 -4
14 29 -1
14 72 7
14 34 -3
14 38 7
14 32 -7
14 25 -1
14 99 -1
14 44 -9
14 79 -6
14 33 -7
14 88 9
14 87 -9
14 97 -5
14 36 -5
14 48 -5
14 60 -1
14 100 -4
14 76 9
14 20 -2
14 39 10
14 70 8
14 26 -2
14 16 3
14 46 -8
14 51 -4
14 19 -7
14 15 -5
15 55 -10
15 59 -6
15 29 -9
15 91 5
15 87 0
15 64 -4
15 75 9
15 19 4
15 50 -1
15 76 -6
15 43 4
15 56 5
15 81 -6
15 85 -9
15 61 1
15 34 -9
15 44 -5
15 30 8
15 28 6
15 21 -6
15 100 -10
15 27 8
15 51 -8
15 90 -1
15 48 6
15 96 -10
15 20 3
15 40 8
15 62 1
15 16 -1
15 83 -10
15 17 9
15 26 -9
15 41 9
15 47 -10
15 52 -10
15 98 5
15 77 2
15 53 10
15 99 4
15 79 -5
15 25 4
15 49 3
15 73 3
15 71 6
15 65 1
16 22 6
16 27 0
16 77 -1
16 72 -8
16 53 9
16 33 1
16 57 -10
16 60 -2
16 40 -1
16 25 9
16 45 -6
16 39 3
16 20 -1
16 75 -9
16 29 2
16 71 2
16 59 10
16 97 -2
16 34 -4
16 52 -5
16 24 -3
16 76 5
16 21 -7
16 90 3
16 95 5
16 81 -6
16 50 10
16 87 8
16 28 8
16 51 -4
16 48 8
16 49 -2
16 98 -4
16 66 -4
16 79 4
16 37 -10
16 78 -3
16 46 -2
16 31 -5
16 80 -10
17 37 6
17 44 8
17 46 9
17 35 -1
17 22 0
17 97 2
17 27 -10
17 28 9
17 88 -3
17 56 -7
17 49 -10
17 58 9
17 77 -1
17 45 5
17 52 -10
17 53 7
17 66 -5
17 62 2
17 21 -1
17 47 5
17 43 1
17 90 -7
17 36 -4
17 67 -10
17 92 -7
17 94 -6
17 69 -10
17 87 2
17 41 3
17 93 -7
17 50 4
17 20 -9
17 29 -1
17 68 0
17 38 -9
17 32 -6
17 89 -9
17 23 5
17 80 -10
17 86 -9
17 84 -1
18 20 -6
18 67 -4
18 50 -7
18 99 3
18 93 0
18 56 -2
18 21 -5
18 52 2
18 80 -6
18 34 -9
18 61 -8
18 82 -6
18 55 -5
18 100 -4
18 49 9
18 40 -3
18 94 9
18 69 -6
18 28 -5
18 47 4
18 36 -1
18 32 3
18 98 6
18 29 8
18 97 6
18 58 2
18 65 7
18 96 4
18 72 0
18 86 -8
18 26 -9
18 62 5
18 44 2
18 90 10
18 71 -3
18 19 -4
18 46 -10
18 84 7
18 45 10
18 70 3
18 33 -8
18 43 -5
18 41 -5
18 89 -10
19 100 4
19 78 -2
19 28 4
19 41 3
19 68 -8
19 92 -8
19 33 -7
19 86 6
19 67 8
19 43 3
19 75 10
19 77 -2
19 49 9
19 88 0
19 38 4
19 45 -8
19 57 -3
19 21 1
19 27 -9
19 81 9
19 46 -3
19 64 0
19 99 -2
19 53 5
19 59 5
19 56 1
19 22 9
19 62 8
19 54 -9
19 84 -8
19 35 -10
19 91 -9
19 47 -5
19 93 -1
19 72 0
19 82 7
19 30 0
19 76 6
19 37 10
19 34 0
20 24 -9
20 74 5
20 53 3
20 79 -4
20 51 7
20 59 5
20 73 7
20 50 3
20 76 2
20 88 -2
20 36 -1
20 87 -9
20 71 -5
20 38 -7
20 98 6
20 21 -2
20 49 0
20 95 -3
20 57 0
20 62 7
20 64 6
20 78 -4
20 54 -2
20 91 4
20 37 5
20 52 -8
20 94 4
20 66 -1
20 72 8
20 60 0
20 63 0
20 23 9
20 97 4
20 22 9
20 67 1
20 83 9
20 93 -1
20 81 2
20 96 -3
20 86 4
20 85 -6
20 34 -2
21 86 -7
21 88 -4
21 37 -3
21 49 10
21 82 -2
21 52 -4
21 85 -10
21 40 10
21 63 7
21 84 0
21 83 5
21 99 -4
21 36 3
21 59 1
21 76 8
21 35 -5
21 80 0
21 90 -1
21 69 -9
21 55 7
21 50 -2
21 78 -7
21 42 -1
21 56 3
21 92 7
21 57 6
21 66 8
21 96 -7
21 44 4
21 51 -9
21 29 1
21 67 -5
21 87 8
21 94 5
21 27 -7
21 79 -8
21 65 -5
21 98 -9
21 47 3
22 27 6
22 43 7
22 54 -1
22 52 4
22 53 -1
22 39 -6
22 36 -10
22 24 -3
22 100 2
22 31 -3
22 45 8
22 69 -3
22 74 8
22 62 -6
22 58 4
22 84 -4
22 41 -3
22 56 10
22 60 -7
22 51 -7
22 64 -4
22 68 -1
22 34 6
22 38 0
22 48 -10
22 79 5
22 49 -1
22 71 9
22 83 -9
22 23 7
22 77 6
22 42 2
22 67 -9
22 30 4
22 73 2
22 92 -3
22 44 2
22 35 0
22 40 3
22 59 -8
22 88 9
22 81 -1
22 91 -4
22 94 7
22 72 -8
22 55 8
23 53 -5
23 59 2
23 86 0
23 81 3
23 55 10
23 90 7
23 38 -8
23 30 -5
23 61 -2
23 39 3
23 94 7
23 48 -9
23 57 8
23 85 3
23 31 -3
23 25 8
23 100 1
23 75 -3
23 96 -8
23 54 10
23 43 -1
23 93 0
23 79 3
23 80 -2
23 29 4
23 78 4
23 56 0
23 50 -6
23 87 -6
23 95 -2
23 98 -5
23 92 7
23 46 -3
23 42 -5
23 44 -10
23 36 -2
23 37 7
23 89 9
23 69 8
23 99 -7
24 30 9
24 67 -3
24 32 -3
24 90 -10
24 63 9
24 78 0
24 100 2
24 70 -4
24 56 3
24 54 4
24 35 2
24 71 10
24 45 10
24 82 -10
24 34 -4
24 74 10
24 91 0
24 37 5
24 88 -9
24 42 -3
24 94 7
24 41 6
24 39 5
24 99 3
24 98 8
24 52 -1
24 50 3
24 80 8
24 51 7
24 76 5
24 68 -10
24 38 -5
24 65 7
24 40 7
24 27 5
24 75 -7
24 79 -1
24 72 7
24 81 3
24 57 -2
24 66 -8
24 48 8
25 54 4
25 44 5
25 98 -10
25 48 -3
25 71 1
25 32 6
25 46 6
25 51 0
25 78 1
25 40 -8
25 65 9
25 75 5
25 67 8
25 57 -2
25 37 1
25 68 -4
25 43 -5
25 86 -2
25 55 -7
25 36 7
25 39 6
25 49 -2
25 92 2
25 84 5
25 69 3
25 27 2
25 59 -2
25 99 9
25 53 -2
25 90 -7
25 76 8
26 43 10
26 84 8
26 95 -2
26 45 7
26 79 -6
26 57 -3
26 91 5
26 33 -10
26 31 -1
26 55 2
26 42 6
26 36 7
26 52 8
26 64 5
26 85 5
26 56 -5
26 70 -3
26 51 4
26 80 -10
26 96 -10
26 66 -8
26 88 7
26 53 -1
26 46 8
26 48 -6
26 58 2
26 89 -1
26 93 -9
26 38 1
26 27 -2
26 63 -7
26 75 -1
26 86 -6
26 47 -4
26 98 -7
26 65 -10
26 68 -5
26 94 3
27 100 -8
27 60 4
27 84 0
27 62 2
27 51 -1
27 57 7
27 58 3
27 61 2
27 40 6
27 96 -10
27 74 0
27 34 -5
27 35 2
27 68 -4
27 87 -8
27 81 -1
27 90 4
27 39 4
27 71 1
27 56 1
27 64 -9
27 92 -9
27 32 -8
27 46 -3
28 40 1
28 41 -10
28 61 2
28 94 -1
28 92 9
28 90 10
28 97 7
28 57 5
28 99 -10
28 77 -1
28 55 6
28 66 -2
28 35 -9
28 59 -6
28 79 8
28 37 7
28 32 -6
28 65 -4
28 54 -3
28 64 8
28 60 6
28 71 -5
28 83 -5
28 74 -2
28 53 2
28 29 -1
28 36 -10
28 51 -3
28 52 9
28 31 9
28 93 9
28 87 -8
28 62 -5
28 75 9
28 63 9
28 68 5
28 42 -9
28 67 -10
28 30 10
28 86 3
29 46 4
29 37 9
29 78 -5
29 53 2
29 31 -4
29 87 -2
29 35 -5
29 74 5
29 42 -1
29 91 -9
29 84 -4
29 39 0
29 41 -5
29 67 -4
29 48 5
29 40 1
29 83 -8
29 63 -6
29 62 -9
29 80 -9
29 94 -7
29 54 -5
29 57 -9
29 66 6
29 30 -6
29 69 -4
29 55 4
29 77 10
29 61 -10
29 34 3
29 93 -6
29 64 10
29 50 -5
29 73 2
29 89 -3
30 83 4
30 93 7
30 89 9
30 55 5
30 47 -10
30 41 -10
30 61 0
30 76 -2
30 75 10
30 62 7
30 77 4
30 90 4
30 38 -3
30 51 -3
30 46 0
30 67 7
30 43 -6
30 92 -6
30 86 -3
30 95 5
30 60 -5
30 96 -7
30 78 8
30 80 3
30 68 -6
30 59 1
30 63 -8
30 100 9
31 59 -7
31 90 6
31 70 5
31 93 -10
31 65 -5
31 61 3
31 51 5
31 64 -9
31 34 -9
31 56 9
31 55 -7
31 91 -1
31 96 3
31 62 -4
31 75 -10
31 41 1
31 66 10
31 79 8
31 68 9
31 58 9
31 48 -9
31 57 -1
31 80 -5
31 99 7
31 92 -2
31 52 -4
31 72 2
31 81 0
31 36 -10
31 71 4
31 46 -10
31 35 2
31 100 -9
31 74 -4
31 83 -10
31 94 5
31 67 3
31 98 -9
31 63 -7
32 98 -5
32 56 -5
32 84 1
32 86 6
32 64 -9
32 83 -9
32 57 -4
32 52 -9
32 61 -7
32 60 10
32 99 -4
32 97 6
32 70 -6
32 90 9
32 59 0
32 62 -2
32 37 10
32 66 8
32 53 -10
32 68 6
32 48 5
32 72 -9
32 94 3
32 75 3
32 41 6
32 33 -3
32 43 -7
32 38 10
32 71 3
32 55 10
32 100 7
32 76 -3
32 69 1
32 82 0
32 92 2
32 40 2
33 49 -4
33 68 -7
33 90 5
33 71 3
33 47 -4
33 98 9
33 43 5
33 44 -5
33 56 1
33 99 2
33 97 -8
33 78 -1
33 65 -4
33 53 2
33 51 -10
33 100 0
33 66 -10
33 63 -3
33 41 -6
33 46 -4
33 94 -1
33 74 -2
33 84 -1
33 34 -1
33 81 6
33 82 -2
33 96 1
33 50 -4
33 87 -8
33 76 -2
33 55 8
33 79 -5
33 72 0
33 77 -7
33 61 1
33 40 -4
33 69 8
33 60 4
34 71 0
34 56 3
34 65 10
34 62 9
34 88 -7
34 81 -3
34 51 6
34 64 9
34 52 -6
34 48 4
34 90 -5
34 35 -5
34 46 7
34 42 -1
34 73 -5
34 76 -8
34 53 6
34 59 0
34 47 2
34 54 -1
34 79 8
34 89 4
34 80 -8
34 55 -1
34 84 -4
34 37 -6
34 67 -6
34 66 7
34 91 2
34 40 1
34 70 4
34 85 -5
34 98 6
34 49 -9
34 94 7
34 87 2
34 83 1
34 92 -8
35 78 -3
35 37 2
35 70 9
35 50 9
35 39 2
35 81 -4
35 41 6
35 99 3
35 84 9
35 96 -2
35 92 10
35 46 -1
35 55 -6
35 71 -10
35 76 -8
35 64 2
35 42 8
35 59 6
35 53 -2
35 48 9
35 45 3
35 86 8
35 80 4
35 85 6
35 89 -7
35 83 -9
35 90 0
35 97 -5
35 100 7
35 93 3
35 56 -8
35 38 7
35 82 5
36 90 -1
36 42 7
36 92 -5
36 88 10
36 95 1
36 96 -6
36 59 -4
36 64 7
36 68 7
36 43 -3
36 37 -7
36 50 -4
36 38 -4
36 82 6
36 56 -8
36 83 8
36 73 -5
36 69 -6
36 52 -10
36 54 1
36 60 -6
36 70 -1
36 61 1
36 87 -2
36 44 -3
36 58 4
37 53 -3
37 76 0
37 41 -3
37 99 0
37 40 9
37 48 5
37 38 2
37 84 10
37 79 -6
37 64 7
37 55 4
37 43 2
37 78 -1
37 62 5
37 83 6
37 51 -9
37 74 -1
37 91 4
37 87 0
37 89 1
37 68 -9
37 85 -8
37 65 -6
37 44 10
37 100 -7
37 93 -8
37 47 -3
37 52 -1
37 69 -2
37 56 4
37 58 -2
37 97 5
38 72 -8
38 46 -4
38 66 1
38 95 -8
38 40 1
38 61 -7
38 60 3
38 63 10
38 98 -4
38 80 -4
38 39 -6
38 49 -5
38 67 -8
38 57 10
38 62 -2
38 71 -2
38 74 6
38 56 3
38 48 6
38 94 -2
38 96 -1
38 54 8
38 86 1
38 69 3
38 50 10
38 44 -3
38 77 6
38 53 -6
39 66 -4
39 82 6
39 58 5
39 67 -9
39 75 1
39 72 2
39 87 -4
39 40 1
39 76 -9
39 83 -5
39 44 -4
39 49 8
39 46 -9
39 65 8
39 84 5
39 63 2
39 79 9
39 74 8
39 70 9
39 93 -9
39 43 8
39 51 -8
39 42 -8
39 50 -9
39 91 -10
39 92 7
39 45 -7
39 97 -5
39 54 -4
39 81 -8
39 73 -4
39 41 9
39 88 6
40 45 3
40 65 6
40 67 2
40 100 3
40 42 5
40 46 9
40 95 0
40 99 -4
40 66 -1
40 62 -9
40 43 -8
40 92 -5
40 80 -5
40 50 -1
40 86 -3
40 77 4
40 53 2
40 64 2
40 90 10
40 59 -10
40 78 -1
40 68 9
40 74 5
40 51 0
40 87 -8
40 81 9
40 48 -5
40 79 7
40 47 10
40 96 -1
41 57 10
41 60 2
41 44 0
41 84 9
41 48 -10
41 63 -1
41 91 -1
41 64 -7
41 95 8
41 73 5
41 55 7
41 74 9
41 71 0
41 83 2
41 76 -3
41 89 3
41 58 -8
41 67 -7
41 77 3
41 99 -5
41 86 -2
41 93 6
41 51 -1
41 53 -6
41 88 -8
41 69 4
41 59 7
41 87 -9
41 82 -9
41 79 -1
42 63 -2
42 76 1
42 70 -9
42 65 -7
42 78 -6
42 90 -7
42 71 0
42 46 3
42 66 8
42 64 1
42 100 9
42 52 4
42 47 3
42 98 -8
42 45 -10
42 55 -1
42 94 10
42 44 5
42 57 4
42 75 10
42 59 -4
42 99 -4
42 86 -5
42 89 10
42 87 8
42 49 -4
42 67 -1
42 61 2
42 72 -10
42 91 6
43 68 10
43 99 0
43 71 0
43 61 -2
43 75 -9
43 79 -1
43 49 8
43 100 1
43 78 -2
43 55 3
43 60 10
43 97 -10
43 88 -6
43 51 9
43 58 3
43 56 -9
43 91 4
43 82 -8
43 59 2
43 76 4
43 92 -5
43 89 -10
43 45 9
43 64 -3
43 83 2
43 66 -9
43 62 4
43 57 2
43 87 4
43 77 -2
43 67 -7
44 47 -9
44 58 -6
44 64 5
44 59 4
44 92 -6
44 100 10
44 61 5
44 60 3
44 63 -1
44 75 -8
44 94 -3
44 86 3
44 98 1
44 96 -1
44 77 8
44 67 -4
44 90 -9
44 76 -3
44 78 9
44 71 8
44 82 5
44 50 10
44 89 -2
44 72 4
44 84 -3
44 87 -6
44 52 -8
45 94 -5
45 70 10
45 89 -7
45 79 2
45 53 -1
45 76 4
45 85 -2
45 97 4
45 74 8
45 62 4
45 51 -7
45 77 1
45 71 -10
45 78 -6
45 60 5
45 84 10
45 58 -1
45 49 5
45 81 5
45 73 5
45 75 -6
45 48 3
45 87 -4
45 95 0
45 96 -5
45 52 -6
46 87 -2
46 75 -2
46 78 -8
46 51 7
46 86 -3
46 94 -2
46 74 -5
46 57 3
46 89 8
46 66 -6
46 61 -9
46 79 2
46 84 0
46 97 5
46 47 -3
46 80 3
46 77 -8
46 53 6
46 69 -7
46 95 -1
46 50 -10
46 98 -6
46 91 0
46 65 -10
47 89 -9
47 76 3
47 91 -9
47 95 9
47 52 2
47 63 5
47 54 5
47 61 -7
47 69 10
47 87 4
47 78 -9
47 93 -7
47 82 1
47 56 2
47 92 -6
47 80 8
47 66 6
47 65 3
47 68 -10
47 48 9
47 97 -10
47 86 6
47 100 -5
47 58 10
47 72 -1
47 49 -7
47 81 -2
47 60 -2
47 98 3
48 51 1
48 97 -5
48 84 -10
48 61 5
48 76 8
48 73 3
48 95 -5
48 60 -7
48 57 -4
48 67 2
48 54 -2
48 96 6
48 77 0
48 99 -4
48 80 7
48 65 10
48 91 4
48 89 0
48 63 1
48 82 2
48 74 -2
48 53 9
48 52 -2
48 78 -10
48 50 -9
49 81 -5
49 99 -4
49 92 5
49 69 -8
49 60 1
49 93 -7
49 74 4
49 73 2
49 54 -8
49 85 8
49 55 8
49 59 -3
49 52 0
49 56 -8
49 82 -8
49 90 6
49 95 -1
49 58 4
49 87 -6
49 63 8
49 96 3
49 77 3
49 78 -4
49 91 1
49 72 8
49 67 6
49 76 -10
49 62 10
50 54 0
50 77 -1
50 58 -9
50 52 -5
50 53 -9
50 64 -8
50 89 7
50 87 5
50 78 6
50 73 1
50 76 2
50 91 -1
50 74 -1
50 65 -6
50 56 -1
50 68 -7
50 98 -4
50 55 -2
50 83 2
50 72 5
50 86 -6
50 96 -2
50 82 -8
51 59 2
51 94 -7
51 56 3
51 93 9
51 74 9
51 70 -8
51 52 -10
51 53 10
51 98 1
51 57 3
51 84 4
51 75 0
51 86 -3
51 97 -2
51 95 -9
51 91 -7
51 54 10
51 82 -3
51 100 -8
51 81 -1
51 76 6
51 96 -3
51 60 -6
51 89 -4
51 62 -3
51 80 -3
52 98 -2
52 84 -5
52 65 -1
52 93 -6
52 86 5
52 95 -7
52 69 -8
52 76 1
52 72 -8
52 81 -8
52 80 6
52 57 0
52 59 7
52 96 -4
52 56 3
52 87 8
52 91 -8
52 100 -1
52 68 4
52 66 -3
52 58 -8
52 77 4
52 99 -4
53 83 -2
53 57 9
53 54 -2
53 63 -5
53 78 -5
53 75 3
53 60 -4
53 71 -6
53 95 5
53 91 -4
53 84 4
53 97 -4
53 82 -2
53 99 -2
53 79 2
53 88 5
53 92 0
53 61 -6
53 94 6
53 86 9
53 59 -6
53 81 -4
53 76 10
54 85 -7
54 64 0
54 91 -1
54 58 2
54 97 -9
54 98 -5
54 75 0
54 90 -2
54 72 -9
54 99 -10
54 55 3
54 60 -5
54 81 9
54 61 3
54 69 4
54 78 10
54 73 -10
54 84 -4
54 67 -4
54 80 4
54 70 2
55 99 10
55 70 8
55 90 -10
55 58 -6
55 91 3
55 97 -8
55 87 -4
55 93 -2
55 84 -9
55 68 7
55 82 -9
55 69 -4
55 57 0
55 67 3
55 65 0
55 76 6
55 95 -10
55 89 7
55 92 10
55 79 10
55 66 9
55 80 6
55 62 5
56 66 -2
56 92 -10
56 93 5
56 61 -1
56 79 0
56 91 4
56 85 -4
56 88 7
56 69 3
56 96 -10
56 81 4
56 90 -3
56 62 -9
56 84 -8
56 75 -6
56 74 8
56 87 0
56 70 3
56 59 0
56 80 -5
56 64 8
56 67 0
56 73 -10
57 90 4
57 83 -10
57 94 -2
57 72 8
57 68 -4
57 61 -10
57 91 3
57 64 0
57 58 -6
57 97 2
57 86 -2
57 100 -2
57 88 7
57 95 1
57 62 -1
57 85 -2
57 80 -6
57 99 6
57 66 8
58 100 -10
58 98 9
58 97 -7
58 65 -7
58 95 -6
58 68 -7
58 75 4
58 81 -10
58 96 4
58 61 -5
58 77 -2
58 86 -5
58 90 7
58 93 -2
58 60 -1
58 94 7
58 84 -10
58 99 -2
58 76 7
58 79 1
59 65 -8
59 92 -7
59 60 -5
59 76 5
59 69 -10
59 67 -6
59 68 10
59 81 3
59 83 -4
59 84 5
59 99 -1
59 95 9
59 73 -2
59 93 5
59 78 1
59 100 3
59 89 9
59 82 -8
60 100 4
60 91 9
60 81 -1
60 99 -6
60 79 10
60 66 8
60 68 7
60 78 2
60 77 6
60 93 10
60 85 -3
60 73 8
60 75 -7
60 86 4
60 74 2
60 82 8
60 87 -4
60 61 4
60 90 8
60 94 -7
60 72 -9
60 64 -1
61 99 -9
61 87 9
61 63 8
61 73 -9
61 78 5
61 65 -4
61 72 7
61 96 10
61 91 -9
61 94 6
61 69 0
61 95 7
61 68 2
61 98 -8
61 74 0
62 86 6
62 88 9
62 68 -4
62 72 8
62 84 -9
62 96 -7
62 79 -3
62 69 -9
62 92 8
62 99 -6
62 89 6
62 94 -5
62 90 5
62 74 1
62 95 -8
62 65 1
62 100 8
62 82 -1
63 83 4
63 97 -3
63 91 -4
63 73 7
63 68 5
63 92 -9
63 96 -1
63 72 -5
63 87 -9
63 93 10
63 84 -9
63 88 -7
63 66 3
63 77 2
63 95 1
63 65 3
63 74 4
63 98 4
63 79 6
64 99 -6
64 78 -1
64 82 -4
64 87 -6
64 65 -9
64 68 -3
64 89 -9
64 92 -7
64 67 4
64 86 5
64 66 -7
64 94 1
64 69 10
64 73 -4
64 77 -3
64 79 10
64 74 -8
64 88 -2
64 96 -4
64 85 -1
64 80 7
65 69 3
65 92 2
65 77 -10
65 83 -6
65 66 -7
65 93 -7
65 67 8
65 88 10
65 75 3
65 90 -8
65 72 4
65 96 5
65 98 -8
65 97 9
65 78 1
65 80 9
66 94 -4
66 72 2
66 76 3
66 96 -10
66 90 -6
66 71 0
66 75 0
66 100 2
66 78 -5
66 79 2
66 99 -7
66 87 -5
66 91 9
66 81 5
66 83 -3
66 95 9
66 89 5
66 67 3
67 87 10
67 95 0
67 90 -3
67 73 10
67 83 -2
67 78 10
67 97 2
67 81 -5
67 80 -6
67 72 7
67 98 -1
67 74 -9
67 84 -2
67 93 10
67 91 7
67 79 -10
67 76 5
68 76 -3
68 98 -1
68 95 9
68 78 1
68 84 5
68 81 10
68 82 10
68 87 -3
68 94 3
68 77 10
68 97 -3
68 75 6
68 69 -2
68 72 0
68 92 9
68 74 0
68 79 9
68 86 7
69 75 2
69 89 4
69 78 -3
69 87 1
69 83 -9
69 90 -2
69 88 -7
69 96 10
69 71 3
69 86 -2
69 76 9
70 95 3
70 83 -9
70 94 8
70 92 3
70 97 -4
70 73 3
70 75 -4
70 78 -5
70 89 5
71 78 6
71 88 -3
71 84 6
71 77 5
71 90 -6
71 99 6
71 72 10
71 86 6
71 100 3
71 94 -5
72 90 2
72 82 8
72 74 4
72 92 -6
72 97 3
72 75 -5
72 78 -7
72 89 3
72 85 1
72 76 6
72 95 -8
72 99 3
72 96 -1
72 93 3
72 86 7
72 94 -3
73 83 4
73 76 -5
73 94 -6
73 84 -6
73 92 5
73 85 2
73 98 4
73 89 4
73 99 8
73 80 -4
73 93 5
73 90 6
73 82 -4
73 81 8
74 79 4
74 90 7
74 97 -10
74 86 -5
74 82 -1
74 99 -6
74 75 3
74 98 -1
74 92 3
74 94 -4
74 87 -2
74 100 -8
74 89 2
74 76 -4
75 86 6
75 97 -1
75 85 7
75 80 5
75 81 2
75 94 8
75 90 -1
75 83 -4
75 77 7
76 84 -3
76 91 -3
76 97 -1
76 99 6
76 89 5
76 78 -2
76 77 -10
76 94 9
76 87 5
76 83 -2
76 93 -2
76 79 -6
76 82 10
77 90 -7
77 84 -9
77 87 -1
77 96 7
77 100 4
77 89 -9
77 78 -5
77 94 -3
77 91 -3
77 82 4
77 92 10
77 86 -4
78 83 -10
78 99 -7
78 94 -8
78 81 -9
78 98 9
78 87 3
78 89 -3
78 80 -1
78 100 -5
78 88 -7
78 92 2
78 97 -5
79 96 2
79 97 0
79 86 -4
79 92 -8
79 88 6
79 99 5
79 91 -10
79 81 10
79 94 8
79 80 -7
79 83 5
79 89 0
79 85 -4
80 88 0
80 100 -1
80 94 -10
80 98 -1
80 87 8
80 86 10
80 83 -9
80 91 8
80 97 1
81 85 -6
81 86 6
81 98 -4
81 91 -10
81 89 1
81 99 2
81 93 -10
81 82 -3
81 100 -10
81 90 2
82 85 0
82 94 8
82 100 -8
82 89 -6
82 95 1
82 91 -8
82 96 1
83 100 1
83 88 10
83 85 -9
83 92 0
83 87 -4
83 95 4
83 90 -3
84 92 3
84 90 3
84 96 7
84 97 -10
84 91 -6
84 94 9
84 99 0
84 95 10
84 86 10
84 88 2
84 100 2
84 93 2
85 94 5
85 87 0
85 98 1
85 91 -7
85 95 9
85 99 9
86 93 7
86 100 9
86 98 9
86 96 10
86 92 1
86 88 -5
86 97 -10
87 94 1
87 100 3
87 99 -6
87 91 -9
87 95 4
87 96 3
87 98 2
88 99 2
88 100 -3
88 89 8
88 94 -2
88 95 1
88 98 -9
88 91 2
88 93 7
88 97 -6
88 90 7
89 90 7
89 97 10
89 99 7
90 95 -3
90 91 10
90 100 -6
90 92 -8
90 97 -10
90 98 -5
91 99 6
91 96 -8
91 98 -6
91 94 9
92 96 3
92 97 -4
92 95 -9
93 94 -7
93 96 -5
93 100 -9
93 99 10
93 98 6
93 95 -4
94 98 -2
94 95 4
94 97 -9
94 100 -7
94 96 0
95 98 -4
95 100 -5
96 99 -3
96 98 1
97 98 10
98 100 7
98 99 5
99 100 -1
