100 2475 
1 72 2
1 32 -6
1 79 -8
1 55 -9
1 51 5
1 49 -4
1 77 8
1 30 5
1 9 9
1 41 -1
1 54 -6
1 25 -1
1 40 2
1 8 7
1 94 3
1 12 0
1 84 -5
1 87 -7
1 19 9
1 10 6
1 48 -7
1 67 -6
1 95 2
1 35 -4
1 37 2
1 28 8
1 38 7
1 15 3
1 64 9
1 14 4
1 20 10
1 90 -4
1 21 -1
1 13 -9
1 34 -8
1 70 -4
1 75 -8
1 52 7
1 53 -5
1 92 6
1 58 -1
1 63 0
1 66 9
1 6 -6
1 36 -5
1 100 -2
1 83 -1
1 80 -7
1 23 2
1 89 -7
2 97 -9
2 57 1
2 66 2
2 71 1
2 62 -8
2 33 3
2 26 4
2 100 2
2 9 7
2 13 -6
2 80 4
2 54 -2
2 52 -8
2 58 6
2 59 -2
2 19 -7
2 48 8
2 68 6
2 7 10
2 44 -8
2 23 3
2 72 -5
2 78 8
2 50 -1
2 37 -7
2 32 7
2 74 -1
2 10 3
2 3 -2
2 34 -9
2 55 3
2 11 1
2 14 -3
2 67 1
2 47 5
2 82 2
2 65 5
2 96 -5
2 4 -9
2 69 -9
2 70 4
2 31 7
2 20 10
2 76 1
2 21 10
2 92 -8
2 63 -4
2 93 0
2 75 5
2 17 -1
3 36 8
3 51 -9
3 97 9
3 27 1
3 73 -3
3 75 -4
3 57 -2
3 33 0
3 83 -9
3 96 -2
3 85 -5
3 66 10
3 31 -6
3 86 -7
3 39 5
3 44 0
3 37 9
3 65 9
3 34 -8
3 29 9
3 9 9
3 62 -4
3 99 5
3 94 -2
3 14 4
3 8 -1
3 74 1
3 48 7
3 43 7
3 47 -6
3 64 -3
3 5 4
3 70 -6
3 35 5
4 55 -2
4 45 5
4 63 -2
4 48 4
4 6 0
4 20 -4
4 19 0
4 16 -6
4 90 4
4 89 2
4 77 -3
4 98 2
4 35 -7
4 5 2
4 64 1
4 42 -6
4 66 5
4 73 -7
4 87 5
4 58 10
4 86 2
4 71 6
4 36 -1
4 10 6
4 50 6
4 17 9
4 65 -7
4 97 4
4 75 -7
4 41 -1
4 22 9
4 72 7
4 32 -1
4 27 8
4 39 9
4 60 5
4 84 -3
4 69 9
4 62 10
4 92 -2
4 74 1
4 95 5
4 11 1
4 53 10
5 37 5
5 34 10
5 20 -3
5 70 5
5 29 2
5 99 0
5 65 10
5 9 -7
5 18 2
5 48 -6
5 43 2
5 74 -1
5 60 3
5 42 -1
5 19 -3
5 77 -8
5 63 -7
5 39 -8
5 86 10
5 94 5
5 79 -2
5 72 -6
5 10 8
5 78 6
5 51 4
5 11 5
5 27 -6
5 50 9
5 30 -3
5 67 -1
5 85 -3
5 47 -6
5 55 -6
5 26 -8
5 97 -5
5 49 10
5 69 -6
5 64 -9
5 17 -1
5 7 0
5 58 -5
5 73 10
5 25 8
6 84 1
6 76 1
6 24 10
6 91 1
6 80 -3
6 67 5
6 11 7
6 8 -8
6 78 -10
6 88 -1
6 12 0
6 85 1
6 71 8
6 26 -4
6 35 3
6 82 -1
6 9 10
6 46 2
6 18 2
6 29 4
6 60 -1
6 42 1
6 25 -9
6 45 10
6 53 9
6 23 -3
6 37 -9
6 92 -6
6 48 -8
6 56 -4
6 27 -5
6 39 -2
6 86 3
6 50 -2
6 57 -7
6 52 -1
6 15 8
6 77 6
6 31 7
6 22 -2
6 30 3
6 89 9
6 55 0
6 58 0
6 73 -5
6 74 6
7 49 1
7 48 0
7 62 5
7 68 -8
7 67 -4
7 74 9
7 86 -9
7 61 -8
7 88 1
7 58 6
7 60 5
7 80 3
7 45 7
7 76 6
7 40 -2
7 46 -1
7 59 -7
7 91 7
7 23 -10
7 71 8
7 24 -3
7 34 3
7 12 -3
7 84 9
7 9 10
7 82 6
7 39 -7
7 35 3
7 70 -9
7 28 0
7 69 -2
7 37 10
7 52 -1
7 73 6
7 21 7
7 64 -1
7 96 5
7 99 2
7 78 -3
7 85 -2
7 63 10
7 87 -6
7 41 -1
7 30 3
7 10 -6
7 54 -5
7 77 10
7 79 7
7 93 0
7 19 -4
7 36 1
7 31 10
8 41 5
8 89 10
8 95 -7
8 29 -6
8 45 3
8 80 -7
8 76 3
8 50 5
8 36 2
8 11 3
8 84 -2
8 42 10
8 43 -8
8 53 -10
8 46 8
8 26 -6
8 56 1
8 39 -9
8 68 0
8 18 10
8 96 -1
8 17 -6
8 32 -9
8 27 9
8 92 6
8 66 7
8 15 -5
8 60 -4
8 99 2
8 73 0
8 74 -8
8 85 -9
8 98 10
8 86 -9
8 23 5
8 71 2
8 37 6
8 83 7
8 81 6
8 44 5
8 87 -3
8 14 -3
8 100 10
8 20 -6
8 59 0
8 67 9
8 82 9
8 25 1
8 65 10
8 49 3
8 75 4
8 93 4
8 51 -4
8 48 6
8 91 3
8 13 -8
9 40 3
9 22 -3
9 86 -5
9 93 8
9 59 -8
9 57 -10
9 16 4
9 26 -8
9 72 -5
9 84 5
9 20 4
9 89 10
9 10 -6
9 18 7
9 27 3
9 79 -2
9 85 -8
9 14 -2
9 48 8
9 58 10
9 65 -5
9 90 -3
9 91 9
9 32 8
9 83 4
9 11 3
9 94 -9
9 63 2
9 15 6
9 29 -2
9 100 5
9 64 -9
9 35 -9
9 28 6
9 56 -4
9 55 -7
9 47 7
9 66 -7
9 99 2
9 25 -7
9 71 10
9 67 -8
9 73 -6
10 38 0
10 100 -9
10 51 5
10 44 -10
10 72 9
10 55 -7
10 75 5
10 46 -3
10 81 -8
10 49 7
10 61 5
10 98 -3
10 58 9
10 17 -8
10 66 10
10 20 -2
10 47 5
10 83 -10
10 12 5
10 39 -5
10 22 -4
10 95 8
10 52 -6
10 37 6
10 73 -6
10 11 2
10 63 -5
10 30 0
10 27 8
10 80 10
10 69 1
10 35 4
10 16 9
10 28 -5
10 48 -4
10 78 -9
10 59 9
10 82 6
10 34 4
10 89 3
10 53 -4
10 50 2
10 84 -5
10 36 7
10 15 2
11 37 8
11 80 0
11 53 -6
11 23 -8
11 100 -5
11 89 -2
11 96 9
11 51 -3
11 87 1
11 26 -3
11 52 -4
11 79 -3
11 32 -6
11 92 5
11 58 7
11 21 6
11 60 10
11 85 -2
11 29 10
11 90 0
11 35 7
11 94 2
11 30 -3
11 27 2
11 98 -10
11 49 9
11 91 10
11 17 5
11 15 -10
11 13 -6
11 62 -5
11 67 -3
11 46 -10
11 54 -3
11 68 -5
11 40 -6
11 28 -5
11 31 -3
11 78 0
11 83 3
11 57 -9
11 48 0
11 75 -7
11 36 -4
11 93 -7
11 41 -8
12 82 -8
12 64 -1
12 66 10
12 100 2
12 16 -9
12 78 10
12 38 7
12 13 -2
12 70 6
12 42 3
12 59 -4
12 43 1
12 91 10
12 65 0
12 27 -10
12 62 -5
12 20 0
12 26 -3
12 32 2
12 45 -6
12 94 6
12 57 10
12 23 -5
12 53 -9
12 52 9
12 34 -1
12 35 7
12 69 -9
12 49 -3
12 83 3
12 87 1
12 55 -1
12 18 7
12 37 -3
12 19 -4
12 85 6
12 80 -5
12 99 8
12 97 0
12 67 6
12 75 -6
12 40 -1
12 89 3
12 47 4
12 14 8
12 36 -1
12 77 -6
12 68 -3
12 95 -4
13 57 7
13 80 1
13 79 2
13 51 2
13 19 -5
13 33 1
13 58 7
13 91 -9
13 92 3
13 62 4
13 93 9
13 85 0
13 39 -2
13 54 -9
13 25 -4
13 71 -5
13 46 2
13 48 7
13 43 4
13 34 -1
13 31 9
13 50 -5
13 32 -7
13 52 -1
13 59 -5
13 29 10
13 24 2
13 28 5
13 14 9
13 55 2
13 60 -4
13 49 -2
13 30 -3
13 47 -10
13 86 -7
13 27 2
13 22 -1
13 56 -1
13 76 0
13 53 -2
13 41 5
13 17 7
13 37 -4
14 70 -9
14 84 -8
14 59 -8
14 69 7
14 98 -10
14 89 3
14 72 9
14 31 -4
14 51 2
14 93 6
14 57 -2
14 68 -4
14 95 -6
14 35 -5
14 40 8
14 99 -6
14 90 1
14 81 -4
14 79 5
14 50 0
14 71 9
14 75 -3
14 80 -1
14 60 -7
14 58 0
14 20 -3
14 91 8
14 37 0
14 92 1
14 52 -10
14 39 8
14 54 4
14 65 8
14 34 -1
14 41 -9
14 38 -10
14 19 5
15 29 -2
15 62 7
15 71 -2
15 32 5
15 53 -3
15 49 -8
15 23 2
15 63 7
15 44 -1
15 64 2
15 70 -3
15 66 9
15 45 5
15 91 1
15 55 6
15 79 -9
15 98 9
15 76 9
15 65 6
15 77 -7
15 56 7
15 75 -4
15 57 -6
15 19 -6
15 36 7
15 43 9
15 38 3
15 33 -4
15 58 -7
15 94 -4
15 42 -8
15 28 6
15 72 -1
15 95 0
15 85 4
15 37 -3
15 34 -10
15 61 -8
15 48 -5
15 59 8
16 18 -9
16 98 -1
16 40 8
16 31 -1
16 32 9
16 50 1
16 91 7
16 68 1
16 60 -8
16 97 -2
16 95 -9
16 41 2
16 48 -3
16 64 -8
16 67 -8
16 51 2
16 73 1
16 24 7
16 72 10
16 45 10
16 33 7
16 44 0
16 92 4
16 87 2
16 61 -2
16 96 7
16 43 5
16 57 -10
16 88 -9
16 21 10
16 100 7
16 75 0
16 27 6
16 93 -4
16 58 7
16 19 10
16 79 0
16 90 1
16 65 -8
16 86 -9
16 66 -9
16 77 10
16 63 8
16 35 -8
16 71 0
16 25 -8
16 74 -10
16 36 5
16 70 -6
16 34 9
17 30 -1
17 63 0
17 58 5
17 52 -3
17 70 5
17 31 -7
17 57 -6
17 25 0
17 43 -1
17 62 8
17 50 7
17 91 6
17 56 -6
17 38 6
17 20 10
17 39 4
17 49 1
17 88 -9
17 71 9
17 72 -10
17 54 6
17 85 5
17 96 -4
17 32 6
17 60 9
17 80 3
17 29 0
17 40 9
17 78 -5
17 69 -10
17 19 -5
17 77 -2
17 68 -10
17 18 -9
17 37 7
17 23 -9
17 93 -1
17 34 -1
17 64 1
17 90 -2
17 66 -7
17 74 -7
17 28 -8
17 35 -4
17 99 1
17 82 -7
17 42 -5
18 55 3
18 93 1
18 80 -10
18 100 -6
18 47 -4
18 40 -9
18 46 6
18 83 -10
18 34 3
18 28 -3
18 95 -1
18 54 -1
18 69 -6
18 79 -3
18 82 10
18 96 1
18 65 7
18 90 1
18 32 -1
18 71 -1
18 31 7
18 56 3
18 63 9
18 36 5
18 25 -5
18 62 2
18 39 0
18 64 -10
18 52 5
18 22 6
18 78 -1
18 87 -10
18 30 9
18 41 -7
18 73 -2
18 43 -10
18 77 1
18 84 9
18 37 -3
19 95 -9
19 83 3
19 87 -1
19 57 0
19 81 -1
19 67 -2
19 100 -5
19 34 -9
19 69 -9
19 20 -4
19 68 6
19 85 9
19 53 1
19 46 -6
19 82 8
19 54 6
19 39 -7
19 94 -8
19 29 5
19 64 0
19 38 -8
19 49 1
19 70 4
19 63 3
19 97 -5
19 26 -6
19 61 -5
19 89 7
19 96 7
19 66 -6
19 74 3
19 78 -8
19 22 1
19 25 1
19 80 0
19 30 -4
19 50 6
19 56 -3
19 62 -2
19 40 0
19 55 2
19 71 1
19 60 -2
19 24 7
19 59 -4
20 67 3
20 42 -6
20 59 -2
20 27 0
20 25 -5
20 43 -6
20 62 5
20 80 0
20 81 -7
20 96 -3
20 52 1
20 71 -2
20 50 -8
20 41 -9
20 94 -5
20 38 -7
20 29 -4
20 46 3
20 77 -5
20 24 6
20 57 1
20 98 -7
20 28 3
20 91 3
20 54 -8
20 61 -8
20 64 9
20 100 -3
20 36 -7
20 89 -6
20 56 -10
20 45 6
20 90 -5
20 65 -2
20 63 8
20 73 4
20 75 1
20 35 -6
20 95 6
20 82 5
20 99 9
20 48 7
20 44 -5
20 31 4
20 85 -5
20 60 8
21 56 9
21 35 2
21 38 8
21 71 6
21 29 -5
21 85 8
21 72 2
21 45 -4
21 44 -8
21 94 6
21 86 -1
21 36 -3
21 41 -2
21 73 1
21 55 7
21 99 5
21 37 -9
21 89 2
21 34 7
21 81 -2
21 27 -4
21 75 8
21 90 -5
21 67 1
21 43 10
21 98 6
21 60 1
21 74 7
21 88 -3
21 25 -1
21 78 -9
21 77 -9
21 62 -10
22 36 10
22 57 7
22 48 -3
22 85 -10
22 87 5
22 26 1
22 40 1
22 51 -10
22 66 9
22 63 8
22 61 5
22 94 -4
22 84 9
22 41 -2
22 30 0
22 71 -2
22 44 0
22 96 -4
22 60 3
22 100 -3
22 37 -6
22 39 -8
22 34 4
22 59 5
22 98 -7
22 95 -4
22 79 2
22 99 -3
22 93 1
22 50 4
22 88 0
22 77 6
22 46 -1
22 90 1
22 25 -7
22 47 0
22 73 3
22 69 7
22 70 -4
22 32 -3
23 57 1
23 29 1
23 52 5
23 87 -1
23 51 -7
23 92 6
23 44 -3
23 25 10
23 100 7
23 94 2
23 40 4
23 93 -8
23 91 -5
23 24 -1
23 33 8
23 82 -1
23 31 0
23 48 -6
23 68 -8
23 89 -5
23 96 9
23 70 10
23 30 -6
23 55 -4
23 74 6
23 26 0
23 95 1
23 64 7
23 85 -8
23 41 -6
23 84 10
23 90 7
23 61 0
23 50 -6
23 37 5
23 35 -1
23 78 9
24 37 5
24 42 -5
24 29 3
24 95 -1
24 93 -5
24 63 -10
24 82 0
24 75 5
24 76 2
24 62 7
24 96 3
24 98 -6
24 73 -5
24 72 6
24 45 -6
24 34 -2
24 60 -2
24 55 1
24 61 4
24 33 9
24 86 -1
24 91 3
24 100 6
24 89 -4
24 35 10
24 84 2
24 97 1
24 99 10
24 50 -1
24 52 -3
24 88 -1
24 40 7
24 43 0
24 39 10
24 31 7
24 79 6
24 57 -8
25 76 9
25 32 3
25 56 -5
25 73 7
25 81 -9
25 63 6
25 87 -3
25 72 9
25 59 1
25 64 6
25 55 -8
25 29 5
25 74 9
25 51 -9
25 52 -4
25 75 9
25 79 6
25 46 7
25 71 3
25 58 0
25 61 2
25 57 4
25 89 1
25 92 -10
25 37 -3
25 30 -4
25 83 5
25 88 0
25 66 -5
25 94 -8
25 98 -5
25 62 3
25 95 -4
25 77 -1
25 96 -6
25 42 -5
25 28 -10
26 28 -1
26 35 -10
26 55 9
26 92 4
26 99 -8
26 78 -8
26 31 6
26 43 -7
26 56 6
26 90 5
26 88 0
26 79 5
26 72 4
26 96 8
26 46 0
26 29 3
26 81 -9
26 77 -1
26 64 -10
26 38 -7
26 44 9
26 63 -4
26 60 3
26 82 -1
26 30 -4
26 54 -6
26 70 6
26 50 4
26 80 5
26 98 1
26 95 4
26 42 10
26 84 -6
26 34 3
26 48 8
26 39 7
26 89 -5
26 37 3
26 66 0
26 27 -6
26 91 5
26 49 4
26 100 -10
26 36 2
27 99 -3
27 63 3
27 90 1
27 64 -1
27 31 -7
27 28 5
27 86 6
27 97 -6
27 89 -2
27 98 -4
27 96 -5
27 51 -8
27 95 -6
27 40 -2
27 48 9
27 82 -8
27 43 0
27 94 8
27 55 -8
27 83 2
27 77 7
27 52 10
27 85 -4
27 61 -2
27 33 1
27 67 -7
27 54 7
27 88 3
27 71 -5
27 45 5
27 38 -5
27 91 -1
27 39 -7
27 73 3
27 37 -9
27 100 2
27 49 0
27 69 -7
28 51 -2
28 39 1
28 73 8
28 72 6
28 34 -7
28 99 -6
28 80 9
28 90 1
28 44 -1
28 98 -4
28 29 -1
28 47 -1
28 59 7
28 66 1
28 74 -4
28 85 -4
28 33 9
28 94 2
28 49 -7
28 57 -10
28 78 -2
28 89 5
28 96 7
28 82 5
28 36 -4
28 69 -6
28 77 6
28 81 9
28 46 9
28 54 -10
28 93 5
28 88 -3
28 100 -2
28 65 -9
28 83 -4
28 37 -7
28 76 0
28 40 -4
28 41 -2
28 53 7
28 48 -2
28 70 3
28 67 5
28 87 -6
28 56 2
28 61 9
28 97 5
28 86 5
29 49 0
29 68 -9
29 80 1
29 64 -6
29 54 -8
29 95 0
29 69 4
29 53 3
29 36 0
29 45 5
29 46 9
29 70 7
29 82 6
29 89 -1
29 86 2
29 97 2
29 42 -8
29 87 9
29 94 -1
29 62 3
29 60 -7
29 98 -3
29 34 -8
29 59 3
29 88 -9
29 40 -8
29 50 -6
29 55 8
29 41 2
29 83 -8
29 43 0
29 48 8
29 35 -7
29 92 -7
29 30 10
30 88 -1
30 81 1
30 61 2
30 80 -9
30 90 10
30 97 -4
30 46 1
30 40 -8
30 67 -4
30 35 -2
30 39 -5
30 58 5
30 85 8
30 62 -1
30 32 6
30 45 -6
30 52 0
30 72 10
30 51 -1
30 92 0
30 82 -9
30 99 4
30 64 1
30 43 9
30 91 -1
30 38 -8
30 63 9
30 33 -7
30 79 -2
30 66 -8
30 96 -7
30 55 0
30 75 5
30 69 1
30 94 -7
30 47 -8
30 53 1
30 31 -4
30 37 -9
31 78 -8
31 80 -8
31 85 -9
31 54 -2
31 62 -5
31 73 -1
31 36 -2
31 46 -10
31 75 -2
31 55 4
31 48 0
31 69 8
31 57 0
31 43 -6
31 72 5
31 88 6
31 64 -1
31 60 -9
31 84 9
31 96 1
31 91 0
31 76 2
31 38 5
31 34 -2
31 40 1
31 56 -9
31 45 0
31 81 7
31 39 7
32 78 7
32 84 3
32 39 9
32 49 -10
32 61 -7
32 96 8
32 33 -6
32 46 10
32 98 10
32 36 3
32 75 -10
32 35 3
32 89 -9
32 62 3
32 40 3
32 48 8
32 57 9
32 51 -6
32 93 0
32 91 4
32 85 1
32 54 8
32 88 -10
32 82 -7
32 71 3
32 94 -7
32 59 -4
32 65 2
32 87 7
32 44 4
32 66 -2
32 52 -8
32 70 5
32 92 9
33 74 9
33 87 7
33 75 -9
33 45 -2
33 42 1
33 62 1
33 84 -6
33 73 10
33 49 -10
33 71 -9
33 99 -8
33 57 -2
33 37 -6
33 34 0
33 70 4
33 39 -10
33 98 9
33 77 3
33 85 0
33 66 -5
33 93 -5
33 50 4
33 36 -10
33 91 8
33 53 1
34 97 7
34 52 -10
34 56 1
34 78 6
34 70 8
34 80 3
34 45 -10
34 72 10
34 51 6
34 84 -1
34 54 -9
34 35 -4
34 96 -3
34 88 -5
34 91 -8
34 37 4
34 41 -9
34 59 -8
34 46 4
34 44 2
34 75 -5
34 68 5
34 87 -7
34 69 0
34 47 -3
34 61 8
34 66 4
34 76 -4
34 60 -6
34 39 -8
34 40 -10
34 93 6
34 92 -4
34 50 -4
35 48 2
35 39 2
35 95 4
35 53 -9
35 65 0
35 38 -8
35 80 0
35 36 6
35 67 -3
35 71 2
35 47 0
35 91 1
35 50 -5
35 59 -8
35 49 -6
35 46 3
35 82 9
35 70 4
35 83 7
35 72 -4
35 87 -6
35 51 10
35 81 -2
35 55 -8
35 37 -7
35 43 2
35 93 -2
35 86 1
35 45 -10
35 56 0
35 79 6
35 73 -5
35 42 2
35 97 -4
35 40 -6
35 68 2
35 69 -1
36 57 -10
36 63 -2
36 82 3
36 93 -1
36 51 -10
36 46 -6
36 69 2
36 62 -1
36 84 10
36 43 5
36 95 1
36 71 5
36 73 -4
36 87 -3
36 81 0
36 56 10
36 91 -2
36 100 6
36 44 9
36 76 7
36 50 -9
36 39 -9
36 67 1
36 65 -3
36 60 -7
36 48 7
36 97 -9
36 42 -5
36 96 -5
36 47 1
36 75 2
36 80 -7
36 66 0
36 68 2
36 86 1
37 89 7
37 43 2
37 63 8
37 67 -10
37 72 -6
37 79 -4
37 100 0
37 76 -8
37 86 -8
37 81 -3
37 42 -5
37 65 -10
37 47 0
37 97 -8
37 73 -2
37 60 -3
37 66 1
37 57 6
37 50 -7
37 59 2
37 39 3
37 62 7
37 99 -7
37 78 0
37 51 10
37 70 -5
37 98 -1
37 83 -4
37 58 8
37 82 -8
37 55 3
37 54 -9
37 52 0
37 69 -9
37 53 -4
37 74 -8
38 73 -8
38 40 4
38 48 8
38 97 -3
38 52 6
38 88 1
38 98 1
38 46 8
38 42 0
38 80 2
38 91 2
38 100 -9
38 51 -9
38 47 10
38 74 -5
38 94 -7
38 85 10
38 95 6
38 78 2
38 72 -5
38 81 -5
38 71 -6
38 86 -3
38 75 7
38 61 4
38 70 -4
38 65 8
38 49 -6
38 68 -7
38 99 10
39 46 -8
39 87 4
39 75 -10
39 71 3
39 97 -8
39 40 -8
39 94 0
39 78 3
39 54 -6
39 52 -5
39 88 1
39 77 7
39 98 10
39 55 4
39 90 -1
39 91 6
39 85 4
39 82 -2
39 58 3
39 64 -6
39 67 -3
39 86 -10
39 76 -6
39 42 -2
39 62 -10
39 49 9
39 44 -6
39 68 6
39 83 -5
39 45 1
39 51 -4
39 56 1
39 95 0
39 92 -2
39 99 -4
39 72 -3
39 69 1
40 64 -2
40 88 9
40 82 4
40 100 3
40 42 -10
40 41 -6
40 53 10
40 44 2
40 84 -6
40 51 9
40 60 -7
40 48 -4
40 72 5
40 52 4
40 77 4
40 55 -1
40 66 -7
40 85 9
40 58 9
40 70 -1
40 69 -8
40 78 5
40 98 -7
40 46 5
40 67 -7
40 56 -8
40 49 -2
40 89 8
40 62 10
40 71 4
40 99 3
40 45 4
40 63 -9
41 59 -4
41 70 -4
41 50 1
41 74 10
41 91 5
41 99 -6
41 92 6
41 77 -8
41 95 -9
41 75 -6
41 89 -5
41 73 9
41 86 -10
41 55 -9
41 42 -2
41 66 -1
41 96 1
41 93 9
41 94 0
41 88 4
41 85 -5
41 82 -1
41 43 -10
41 62 -2
41 90 2
42 73 0
42 48 -8
42 61 3
42 94 -7
42 50 4
42 91 -1
42 72 7
42 85 0
42 97 8
42 93 10
42 56 9
42 95 -9
42 80 8
42 53 10
42 58 -10
42 92 -10
42 76 9
42 67 8
42 98 -2
42 54 1
42 66 0
42 46 5
42 55 2
43 64 9
43 93 2
43 48 -10
43 98 2
43 91 9
43 77 9
43 86 8
43 51 -8
43 71 4
43 96 1
43 44 8
43 94 8
43 79 5
43 68 4
43 87 -4
43 63 -10
43 58 9
43 99 1
43 54 -3
43 73 -3
43 57 3
43 92 -3
43 53 1
43 45 3
43 100 0
43 80 -2
43 56 -9
43 76 -6
43 75 5
43 90 8
44 47 -4
44 69 -4
44 85 3
44 88 6
44 46 5
44 89 0
44 83 -8
44 78 -2
44 45 -8
44 73 8
44 94 -3
44 98 5
44 71 -6
44 95 -10
44 60 3
44 51 0
44 91 2
44 84 8
44 81 -3
44 52 -1
44 96 -10
44 57 8
44 92 -8
44 61 -6
44 59 10
44 75 -3
45 99 -9
45 72 -3
45 69 -10
45 58 4
45 57 4
45 63 -9
45 86 7
45 67 3
45 46 1
45 66 -5
45 48 5
45 91 -9
45 70 -5
45 88 0
45 95 1
45 64 -7
45 84 4
45 90 1
45 53 -2
45 94 6
45 98 0
45 92 1
45 79 3
46 72 2
46 84 1
46 47 4
46 98 4
46 83 -3
46 81 -5
46 75 7
46 86 -2
46 76 -7
46 52 -8
46 70 3
46 71 -7
46 93 0
46 50 -4
46 92 -1
46 58 -5
46 61 0
46 91 -4
46 87 10
46 53 -9
46 85 6
46 65 -6
46 89 9
46 90 -9
46 68 0
47 53 -8
47 50 5
47 65 3
47 75 -8
47 83 -5
47 78 -6
47 56 -8
47 48 10
47 70 4
47 59 -6
47 89 -1
47 92 3
47 64 -6
47 66 6
47 84 3
47 54 8
47 88 1
47 58 -5
47 90 -9
47 57 10
47 67 -2
47 87 4
47 80 9
47 60 10
48 99 -3
48 56 -2
48 87 -5
48 97 -10
48 85 -9
48 86 6
48 50 -3
48 51 -6
48 67 4
48 57 7
48 68 -5
48 98 -9
48 100 10
48 82 -9
48 79 -8
48 74 0
48 65 5
48 93 6
48 92 6
48 69 10
48 76 1
48 81 6
48 61 7
48 80 -4
48 73 6
48 58 2
48 59 -6
48 72 -7
48 91 0
49 85 3
49 68 5
49 91 3
49 67 -2
49 86 -5
49 77 -4
49 56 -8
49 84 -2
49 99 -5
49 100 8
49 83 5
49 75 -10
49 63 -2
49 51 7
49 60 -3
49 64 9
49 79 2
49 65 6
49 61 -10
49 90 -6
49 72 2
49 93 4
49 71 -9
49 88 1
49 80 -1
49 66 6
49 59 0
49 95 -3
50 51 0
50 53 9
50 96 -7
50 61 7
50 74 10
50 63 -6
50 80 -9
50 73 -4
50 99 -7
50 55 9
50 71 8
50 93 10
50 56 -7
50 66 1
50 70 8
50 77 -3
50 92 6
50 64 -8
50 60 -1
50 78 0
50 76 1
50 79 -10
50 54 -3
51 56 6
51 75 2
51 76 5
51 100 5
51 66 -10
51 72 -3
51 96 9
51 99 1
51 92 10
51 98 3
51 91 -1
51 63 -6
51 89 -8
51 73 -2
51 61 10
51 88 10
51 93 1
51 55 -10
51 82 10
51 58 -6
51 81 -4
51 95 -4
51 65 -4
52 63 -1
52 100 9
52 98 5
52 75 1
52 93 8
52 77 5
52 97 0
52 79 5
52 67 8
52 73 -2
52 59 6
52 58 6
52 84 -4
52 64 -5
52 81 2
52 92 6
52 80 -9
52 91 8
52 74 7
52 72 0
52 90 7
52 62 -4
52 95 7
52 96 -8
52 57 -7
53 84 -7
53 98 -1
53 90 -9
53 66 -8
53 74 6
53 100 0
53 79 -5
53 78 3
53 99 10
53 83 3
53 80 -3
53 94 7
53 69 8
53 54 1
53 88 -1
53 63 -9
53 75 2
53 91 -4
54 73 -10
54 100 -8
54 59 7
54 93 7
54 62 6
54 76 -6
54 63 5
54 98 4
54 75 0
54 91 -2
54 88 8
54 60 1
54 82 -6
54 79 -7
54 71 3
54 57 -8
54 96 -2
54 69 -6
54 85 0
54 72 0
55 64 -6
55 63 9
55 97 -7
55 82 -7
55 89 -4
55 67 -10
55 99 4
55 56 -5
55 78 -6
55 66 -3
55 98 -2
55 74 -4
55 87 5
55 57 -10
55 88 7
55 76 0
55 91 7
55 96 3
55 73 -7
55 70 -4
55 86 -10
55 60 5
56 93 -9
56 88 -6
56 99 3
56 81 6
56 67 2
56 76 10
56 61 -2
56 59 8
56 83 -2
56 97 8
56 86 -8
56 79 -9
56 57 0
56 62 1
56 95 10
56 74 4
56 91 -8
56 90 3
56 65 -1
56 63 3
56 87 -2
57 63 6
57 65 -6
57 68 -9
57 58 1
57 85 -9
57 62 -8
57 83 -4
57 88 -9
57 75 -2
57 66 1
57 79 -10
57 70 -5
57 59 2
57 60 -9
57 61 1
57 80 9
57 73 2
57 81 -5
58 93 -7
58 89 7
58 76 -7
58 72 8
58 62 -6
58 66 -2
58 97 5
58 82 -4
58 71 4
58 79 9
58 63 -6
58 85 5
58 77 7
58 98 -4
58 92 -1
58 78 -2
58 67 9
58 84 10
58 68 -5
58 83 3
58 100 7
58 87 2
58 86 2
59 85 7
59 72 -3
59 100 9
59 69 7
59 96 -8
59 93 3
59 94 -3
59 80 2
59 76 7
59 65 -7
59 91 2
59 92 3
59 77 9
59 62 -1
59 87 -8
59 75 2
59 74 -3
59 90 -7
60 80 -3
60 62 0
60 69 -7
60 97 6
60 93 0
60 94 7
60 85 -9
60 90 -9
60 61 10
60 99 -4
60 84 -9
60 74 10
60 88 -6
60 89 -2
60 76 8
60 70 10
60 87 -7
60 75 7
60 68 5
60 98 10
60 64 6
60 67 3
60 73 2
60 77 2
61 73 -4
61 80 -10
61 100 -8
61 72 -2
61 68 6
61 86 5
61 82 4
61 85 7
61 95 0
61 88 -4
61 94 -3
61 84 3
61 62 -9
61 74 4
61 97 -7
62 85 -8
62 80 -7
62 67 8
62 83 -5
62 73 3
62 99 -10
62 63 -4
62 92 -8
62 72 -3
62 100 9
62 76 7
62 95 5
62 88 9
62 78 6
62 86 6
62 84 -3
62 90 -5
62 70 6
62 93 -3
63 78 2
63 84 -9
63 82 1
63 98 -7
63 85 -6
63 95 7
63 77 6
63 92 -5
63 76 -2
63 100 5
63 88 4
63 86 3
63 91 -9
63 64 -3
63 99 7
63 65 -6
63 70 5
64 100 -6
64 93 9
64 86 -1
64 79 -1
64 95 -1
64 90 -3
64 67 0
64 69 8
64 96 3
64 89 1
64 70 -10
64 71 8
64 66 5
64 88 -9
64 73 -7
64 76 -5
64 75 -5
64 98 -6
64 84 4
64 74 6
65 96 6
65 72 10
65 97 -2
65 80 10
65 100 -10
65 93 7
65 68 -5
65 66 -5
65 94 10
65 92 6
65 95 5
65 67 3
65 78 -7
65 79 -6
65 98 6
65 75 10
65 89 6
65 83 -3
66 80 -6
66 96 -2
66 72 9
66 67 2
66 68 0
66 82 -1
66 87 0
66 86 -10
66 95 8
66 94 4
66 81 -10
66 85 2
66 98 10
66 93 -6
66 69 10
66 89 -9
66 77 -8
66 84 -4
66 97 3
66 83 0
66 75 3
67 70 -2
67 80 -5
67 97 -10
67 76 1
67 89 -4
67 84 6
67 100 2
67 90 -3
67 96 -6
67 91 -6
67 77 7
67 87 0
67 75 8
67 88 3
68 80 -9
68 97 10
68 98 -1
68 82 -6
68 77 4
68 96 1
68 100 -8
68 94 9
68 85 10
68 72 7
68 71 -9
68 83 -8
68 73 2
68 88 -3
68 95 -3
68 90 8
68 87 -1
69 100 3
69 79 1
69 94 8
69 88 -1
69 92 8
69 87 0
69 80 4
69 75 3
69 84 7
69 76 -1
69 74 8
69 89 5
69 82 1
69 81 9
69 97 9
70 74 -4
70 99 -1
70 81 -10
70 75 6
70 91 -7
70 71 -2
70 77 9
70 93 8
70 88 9
70 96 -5
70 98 -5
70 84 -7
70 85 0
70 80 -9
70 97 0
70 73 8
70 82 -6
70 87 9
70 79 -3
70 100 9
71 74 9
71 98 -7
71 77 1
71 88 6
71 85 -1
71 96 -6
71 81 -7
71 82 -1
71 75 8
71 94 7
71 84 -9
71 97 5
71 80 5
71 87 -5
72 73 -8
72 88 8
72 87 -7
72 78 -3
72 74 -2
72 90 7
72 76 -5
72 89 -2
72 92 10
72 83 9
72 79 2
72 98 5
73 92 -8
73 87 -2
73 80 3
73 93 -5
73 77 -9
73 74 -3
73 94 6
73 100 -2
73 86 8
73 99 -3
73 82 -8
73 78 7
73 96 -8
73 79 5
74 99 -4
74 86 -10
74 78 -9
74 81 -6
74 100 6
74 92 7
74 88 -5
74 98 7
74 87 6
74 90 10
75 84 10
75 87 -6
75 80 6
75 86 1
75 100 0
75 81 -2
75 77 9
75 93 -4
75 97 2
75 83 5
75 79 -6
76 99 -10
76 81 -10
76 79 -5
76 91 -9
76 82 10
76 95 7
77 97 7
77 85 2
77 87 -1
77 100 9
77 80 4
77 91 -4
77 92 3
77 88 9
77 84 -10
77 98 -5
77 95 7
78 93 1
78 86 1
78 80 -3
78 94 -3
78 97 -4
78 96 7
78 84 -10
78 79 -5
78 89 -1
78 100 3
78 95 8
78 90 -6
78 81 -10
78 92 -10
79 94 6
79 88 4
79 82 10
79 85 0
79 91 -9
79 90 3
79 87 -8
79 98 8
80 92 -5
80 85 -7
80 97 4
80 91 2
80 89 0
80 81 -5
80 98 8
80 82 -1
80 95 10
80 90 6
81 92 3
81 86 -1
81 83 -10
81 93 0
81 96 4
81 99 5
81 95 -5
81 97 8
82 85 -1
82 83 0
82 92 -5
82 98 1
82 91 -8
82 99 9
83 86 4
83 87 -6
83 89 -7
83 91 -6
83 97 2
83 99 7
83 90 -3
83 88 -1
83 92 2
83 85 5
84 85 8
84 92 0
84 97 -2
84 96 -8
84 86 -9
84 94 2
85 96 6
85 87 -7
85 93 7
85 89 2
85 95 5
85 88 -2
85 99 7
85 100 6
86 88 6
86 99 7
86 96 1
86 94 -6
86 95 9
86 100 -6
86 90 2
86 91 -2
86 87 -5
86 98 4
87 93 -3
87 98 1
87 95 1
87 90 -2
87 99 -5
87 97 -1
88 95 5
88 92 -3
88 97 -1
88 91 8
88 93 -5
88 100 10
89 93 -6
89 92 -5
89 100 -3
89 95 -7
89 97 9
89 98 -8
89 96 7
90 96 -10
90 97 -2
90 93 8
90 91 9
90 98 -8
90 100 -3
90 99 10
90 94 5
90 95 0
90 92 -6
91 99 1
91 96 -9
91 100 -4
91 93 -8
92 98 -5
92 100 -3
92 97 5
92 95 3
92 94 -8
93 100 3
93 95 -2
95 98 4
95 99 -5
95 97 5
96 97 -8
96 98 1
97 98 9
97 100 -2
98 100 -7
98 99 10
99 100 10
