100 2475 
1 19 -5
1 80 4
1 67 5
1 61 10
1 54 -10
1 75 1
1 30 0
1 52 0
1 81 -5
1 77 -8
1 100 8
1 28 6
1 23 2
1 59 1
1 74 -10
1 95 0
1 51 -9
1 62 6
1 34 5
1 3 -6
1 18 4
1 72 5
1 7 1
1 99 -9
1 87 -1
1 73 -8
1 82 -9
1 53 3
1 76 -2
1 47 -1
1 9 10
1 35 -10
1 56 4
1 64 -4
1 36 2
1 21 -2
1 93 -1
1 55 -1
1 8 6
1 41 -4
1 43 6
1 29 2
1 65 -7
1 94 8
1 38 -1
2 60 1
2 68 -3
2 44 8
2 6 10
2 69 -9
2 31 3
2 24 3
2 79 -7
2 72 4
2 30 7
2 36 -8
2 13 -10
2 37 -6
2 25 -4
2 11 -7
2 35 -3
2 5 0
2 61 5
2 51 -5
2 18 1
2 8 -5
2 98 -2
2 63 4
2 40 2
2 59 5
2 34 -1
2 67 -2
2 21 -9
2 16 -3
2 9 9
2 46 6
2 73 -6
2 32 6
2 4 -3
2 53 -5
2 50 4
2 93 1
2 90 4
2 75 8
2 39 -6
2 10 -10
2 100 6
2 78 -10
2 83 4
2 58 5
2 91 0
2 47 -10
2 7 -9
2 38 -2
2 80 -7
2 3 4
2 19 7
2 42 0
2 84 -4
2 74 -10
2 64 3
2 22 8
3 4 7
3 52 -6
3 20 -1
3 89 1
3 42 -9
3 23 1
3 12 -5
3 83 -10
3 93 -8
3 91 1
3 30 -4
3 10 -10
3 73 5
3 32 3
3 64 -4
3 49 -9
3 14 -3
3 57 -7
3 19 9
3 11 -9
3 5 -10
3 92 -8
3 62 -7
3 50 3
3 95 -5
3 48 0
3 71 -7
3 63 -4
3 59 -3
3 17 -4
3 21 -3
3 41 7
3 9 -10
3 69 2
3 22 -10
3 16 -2
3 67 1
3 88 5
3 54 -4
3 61 6
3 8 -10
3 87 0
3 90 -1
3 46 -3
3 56 6
3 39 2
3 29 4
3 40 9
4 79 -5
4 70 2
4 97 -6
4 100 5
4 94 1
4 34 9
4 68 -1
4 93 1
4 78 -5
4 95 -6
4 5 3
4 26 -2
4 43 -1
4 72 2
4 21 0
4 22 8
4 89 -10
4 53 3
4 80 6
4 14 -3
4 19 -7
4 87 9
4 65 -2
4 45 8
4 85 10
4 67 -2
4 81 1
4 90 10
4 55 7
4 88 1
4 73 -9
4 61 -7
4 92 7
4 11 -8
4 74 2
4 33 7
4 52 1
4 42 1
4 76 1
4 56 -5
4 64 1
4 96 4
4 32 -3
4 71 -2
4 37 0
5 7 -2
5 98 6
5 23 0
5 54 -6
5 55 1
5 36 3
5 39 -7
5 60 -4
5 79 5
5 86 2
5 63 -8
5 13 6
5 40 -7
5 62 5
5 82 1
5 35 6
5 26 9
5 75 -4
5 91 6
5 71 -9
5 20 -3
5 99 -7
5 14 -7
5 53 -5
5 9 -8
5 19 4
5 17 -1
5 41 7
5 30 6
5 34 2
5 80 0
5 67 -10
5 45 0
5 81 -2
5 6 -2
5 89 3
5 48 -5
5 66 10
5 33 -1
5 46 -6
5 32 -3
5 78 -10
5 77 -1
6 26 0
6 52 5
6 19 -6
6 75 -4
6 51 4
6 28 -2
6 65 -4
6 20 2
6 97 9
6 32 -10
6 34 8
6 22 6
6 94 -10
6 92 9
6 33 2
6 61 4
6 27 8
6 62 -2
6 58 -10
6 11 -2
6 49 -3
6 63 7
6 95 -5
6 16 -2
6 35 5
6 79 8
6 98 5
6 7 -3
6 59 8
6 90 -5
6 55 -9
6 96 -9
6 53 8
6 68 -3
6 38 3
6 70 7
6 54 -9
6 29 -10
6 12 -1
6 78 -9
6 39 9
6 88 -9
6 8 8
6 80 -6
6 93 -5
6 91 -5
6 66 1
6 24 3
6 15 -1
6 42 -1
6 14 -9
6 74 -3
6 86 9
6 84 -7
6 67 6
7 57 -10
7 65 7
7 77 9
7 50 -7
7 66 -9
7 52 -7
7 87 4
7 17 -8
7 81 6
7 27 10
7 95 1
7 25 3
7 100 9
7 35 -3
7 20 -5
7 30 8
7 63 -8
7 40 7
7 96 3
7 94 -2
7 44 10
7 72 -1
7 62 10
7 38 6
7 83 0
7 31 -10
7 24 -2
7 49 -5
7 85 3
7 37 -3
7 61 3
7 58 2
7 14 -7
7 8 -7
7 53 -1
7 29 -7
7 43 -6
7 97 -4
7 16 9
7 45 3
7 15 -4
7 56 9
8 62 -1
8 53 -3
8 98 9
8 55 -3
8 75 5
8 100 -3
8 87 4
8 95 6
8 63 8
8 93 5
8 24 3
8 86 5
8 50 1
8 69 10
8 59 -3
8 97 2
8 32 -5
8 64 -3
8 77 10
8 27 7
8 15 1
8 21 1
8 14 3
8 51 -5
8 13 1
8 18 8
8 82 -3
8 72 9
8 57 9
8 89 -4
8 56 8
8 12 6
8 11 -4
8 70 5
8 29 -4
8 84 -1
8 81 -5
8 83 -7
8 66 2
8 36 -3
8 26 9
8 94 5
8 60 -4
8 67 10
8 90 2
8 34 -3
8 43 -3
8 44 -4
8 52 -8
8 10 7
8 20 9
8 48 -6
9 84 -6
9 74 3
9 50 5
9 77 4
9 89 4
9 86 8
9 32 -1
9 20 -1
9 13 -3
9 36 5
9 42 -1
9 95 -10
9 99 9
9 10 4
9 100 9
9 43 3
9 16 -2
9 40 1
9 27 -8
9 80 -9
9 98 -5
9 87 -2
9 72 -2
9 65 7
9 66 -1
9 69 6
9 85 -6
9 56 6
9 71 6
9 25 -7
9 34 -10
9 38 -4
9 93 -10
9 39 10
9 61 -3
9 97 10
9 24 7
9 18 10
9 48 7
9 96 -10
9 21 2
9 90 9
9 67 2
9 46 -4
9 45 -6
9 54 2
9 63 -1
9 58 5
10 25 -8
10 31 8
10 17 -7
10 44 8
10 13 -6
10 84 -1
10 33 5
10 85 -1
10 59 3
10 70 5
10 36 1
10 20 5
10 81 3
10 71 3
10 12 -5
10 98 8
10 51 0
10 32 6
10 63 5
10 48 10
10 18 -7
10 90 1
10 96 10
10 86 3
10 69 -9
10 21 1
10 78 2
10 95 5
10 42 3
10 97 2
10 92 0
10 67 8
10 43 -10
10 41 -8
10 74 -5
10 40 10
10 57 -5
10 64 9
10 61 -6
10 22 0
10 62 -5
10 75 4
10 39 -4
11 18 -9
11 87 3
11 45 0
11 92 4
11 95 8
11 93 0
11 13 2
11 69 0
11 51 1
11 59 6
11 17 9
11 16 -1
11 30 4
11 99 6
11 49 -6
11 85 3
11 75 9
11 27 5
11 25 -7
11 55 -6
11 91 8
11 77 -5
11 65 -4
11 60 10
11 14 5
11 82 -1
11 94 0
11 50 -10
11 54 10
11 35 3
11 58 -7
11 57 1
11 38 -7
11 68 -4
11 15 -5
11 62 -5
11 97 -1
11 31 4
11 22 -9
12 37 -5
12 79 -2
12 60 5
12 100 4
12 72 -5
12 17 6
12 49 2
12 13 -3
12 23 6
12 25 9
12 44 -6
12 20 8
12 98 10
12 16 3
12 27 -5
12 76 4
12 52 -1
12 36 -8
12 34 -5
12 28 7
12 46 -2
12 30 5
12 75 8
12 15 3
12 50 0
12 48 -3
12 18 10
12 38 9
12 66 3
12 65 -3
12 88 3
12 84 9
12 55 2
12 14 7
12 53 -7
12 80 -7
12 89 6
12 41 -5
12 29 5
12 61 -8
12 39 1
12 19 -2
12 92 7
12 95 9
12 56 4
12 81 6
13 21 1
13 52 5
13 47 0
13 28 1
13 65 -3
13 87 5
13 50 -3
13 42 10
13 96 -9
13 17 9
13 25 -1
13 62 -10
13 23 -10
13 27 -9
13 77 -6
13 70 -10
13 76 4
13 90 10
13 92 -4
13 69 -7
13 55 4
13 68 -8
13 53 -2
13 14 10
13 57 5
13 88 7
13 49 4
13 22 6
13 54 9
13 91 1
13 73 -8
13 61 7
13 44 -8
13 41 -1
13 71 -9
13 81 5
13 93 4
13 95 -4
13 86 4
13 36 2
13 58 6
13 63 4
13 100 -6
13 82 -6
14 74 -9
14 84 -4
14 31 6
14 63 -10
14 32 5
14 26 -9
14 64 -2
14 41 -4
14 50 2
14 22 -1
14 97 1
14 45 9
14 76 -1
14 20 -8
14 95 2
14 21 -3
14 40 8
14 96 -10
14 29 4
14 65 4
14 58 8
14 99 9
14 70 3
14 53 -9
14 54 -6
14 81 0
14 79 0
14 18 7
14 72 0
14 89 0
14 36 -10
14 80 3
14 85 -1
14 67 -5
14 28 -5
14 73 3
14 86 -4
14 37 -2
14 23 10
14 82 -10
14 62 10
14 38 -1
14 88 -4
14 93 -2
14 16 -9
14 33 1
15 71 0
15 80 -9
15 63 10
15 68 5
15 95 3
15 52 8
15 19 7
15 69 5
15 23 -3
15 55 9
15 85 10
15 83 -5
15 40 -4
15 74 -10
15 34 6
15 27 2
15 82 5
15 41 -1
15 77 -9
15 61 -4
15 44 -10
15 46 -6
15 45 -8
15 42 9
15 70 9
15 31 -1
15 54 -8
15 38 -4
15 33 5
15 21 -10
15 97 10
15 91 2
15 36 8
15 100 -5
15 51 -1
15 50 1
15 32 7
15 79 7
15 22 -2
16 39 7
16 65 4
16 57 -7
16 50 0
16 37 -3
16 22 -10
16 24 -3
16 63 -8
16 64 6
16 27 1
16 48 1
16 66 9
16 26 0
16 19 10
16 20 10
16 31 10
16 75 -7
16 84 -6
16 21 -9
16 54 -7
16 91 10
16 53 -8
16 32 -10
16 73 0
16 82 -5
16 83 3
16 29 0
16 49 -9
16 80 4
16 42 -10
16 18 -8
16 98 -8
16 61 8
16 76 -7
16 69 5
16 90 -5
17 78 9
17 87 3
17 33 4
17 23 6
17 50 5
17 88 8
17 75 0
17 73 7
17 63 10
17 39 -7
17 76 9
17 72 -5
17 84 -8
17 79 -4
17 85 2
17 67 -4
17 95 3
17 92 -10
17 26 4
17 99 2
17 69 8
17 40 -4
17 58 -3
17 90 -9
17 70 -8
17 82 4
17 86 1
17 31 -7
17 81 -6
17 53 2
17 60 5
17 77 2
17 27 8
17 93 8
17 80 -7
17 36 -3
17 19 8
17 100 10
17 54 10
17 37 -3
18 70 -6
18 76 0
18 78 8
18 20 -7
18 48 9
18 81 -9
18 42 -7
18 53 -8
18 94 9
18 50 -10
18 84 8
18 24 3
18 85 -3
18 92 -1
18 87 8
18 49 7
18 63 -9
18 55 -5
18 73 2
18 97 4
18 29 -8
18 41 -10
18 91 -7
18 95 3
18 65 8
18 30 1
18 98 5
18 83 -6
18 54 7
18 40 -1
18 72 9
18 71 4
18 26 -8
18 62 -6
18 36 -3
18 67 -5
18 22 9
18 79 -2
18 61 0
18 56 -6
18 66 2
19 77 -1
19 53 -4
19 72 -9
19 54 8
19 41 0
19 58 4
19 67 -3
19 74 -4
19 55 -2
19 65 3
19 42 -10
19 36 2
19 51 -7
19 35 0
19 37 -9
19 25 6
19 39 -6
19 79 6
19 24 2
19 56 5
19 46 -6
19 28 3
19 81 -4
19 98 4
19 30 2
19 23 -4
19 91 2
19 68 -4
19 94 0
19 47 1
19 83 0
19 63 4
19 32 9
19 92 10
19 78 4
19 27 0
19 40 -4
19 70 -3
19 20 9
19 80 5
20 62 4
20 69 -2
20 38 -3
20 61 -1
20 35 -9
20 49 0
20 36 3
20 93 -3
20 44 -4
20 78 -1
20 52 8
20 68 -5
20 81 -2
20 22 -4
20 99 2
20 33 4
20 54 4
20 26 7
20 42 -1
20 47 3
20 39 10
20 89 -4
20 31 -9
20 50 9
20 88 -9
20 51 9
20 71 2
20 76 -8
20 66 8
20 37 -6
20 58 -7
20 90 3
20 86 5
20 87 -1
20 43 -8
20 82 6
21 29 3
21 98 -1
21 37 3
21 28 -7
21 45 -1
21 49 1
21 57 -3
21 76 5
21 47 3
21 84 2
21 64 2
21 89 -1
21 70 5
21 50 3
21 23 -5
21 65 10
21 67 3
21 81 1
21 60 5
21 80 2
21 22 -7
21 56 -5
21 96 3
21 27 1
21 41 -8
21 62 10
21 99 -7
21 100 1
21 39 8
21 94 -7
21 97 -9
21 78 6
21 36 -10
21 93 9
21 86 -8
21 30 0
21 40 -5
21 90 -7
21 74 -5
21 24 -1
21 69 7
21 66 0
21 31 -10
21 38 -8
21 83 -5
21 75 -6
22 52 7
22 38 1
22 62 -2
22 64 -10
22 88 1
22 59 -4
22 60 -5
22 100 -1
22 37 -5
22 65 -2
22 61 3
22 49 -8
22 29 -3
22 96 -10
22 72 0
22 79 -9
22 98 0
22 41 -9
22 66 -4
22 43 5
22 48 -2
22 99 -10
22 27 5
22 26 5
22 30 -7
22 44 -2
22 33 5
22 54 -7
22 25 -6
22 70 -1
22 81 -4
22 42 6
22 80 1
22 28 -5
22 34 7
22 73 1
22 63 7
22 84 -1
22 58 -9
22 78 -2
23 69 -5
23 24 2
23 41 -2
23 96 10
23 82 -9
23 38 7
23 88 9
23 59 1
23 47 7
23 92 -3
23 61 9
23 48 4
23 93 0
23 81 5
23 70 10
23 36 8
23 29 -10
23 58 10
23 99 -7
23 44 5
23 97 8
23 76 -4
23 33 -2
23 62 -3
23 40 -2
23 89 7
23 68 -10
23 45 7
23 37 7
23 67 8
23 32 7
23 51 3
23 60 -8
23 52 9
23 79 -8
23 57 -1
24 88 6
24 49 8
24 43 4
24 79 -2
24 54 -3
24 51 1
24 25 10
24 27 7
24 77 1
24 84 -9
24 75 -9
24 85 9
24 44 -10
24 57 9
24 47 -8
24 67 1
24 28 -4
24 82 5
24 38 -5
24 97 10
24 83 -9
24 46 -2
24 37 3
24 32 -9
24 50 -3
24 78 10
24 36 -7
24 52 8
24 56 -9
24 29 -6
24 72 -4
24 86 0
24 68 -10
24 61 -3
24 30 7
24 35 5
24 70 -3
24 65 -7
25 91 5
25 89 0
25 59 9
25 94 8
25 99 9
25 43 -4
25 57 -7
25 66 3
25 28 -7
25 93 7
25 30 3
25 61 -10
25 71 -9
25 63 10
25 78 3
25 58 -4
25 49 -6
25 27 -4
25 77 7
25 98 -7
25 79 1
25 83 -8
25 87 -3
25 31 -8
25 84 -8
25 70 -2
25 96 -2
25 45 3
25 73 -1
25 39 -6
25 76 6
25 74 -2
25 41 6
25 33 -10
26 60 -3
26 83 9
26 86 2
26 89 -5
26 73 -2
26 81 7
26 67 -5
26 61 0
26 63 -7
26 96 3
26 62 8
26 65 -5
26 78 -6
26 74 10
26 69 7
26 51 -7
26 76 4
26 82 1
26 68 0
26 36 7
26 77 9
26 95 -5
26 88 1
26 56 -7
26 97 -5
26 30 8
26 29 2
26 100 1
26 32 10
27 68 8
27 73 5
27 63 -9
27 31 -10
27 56 6
27 48 8
27 51 8
27 61 1
27 72 6
27 82 -3
27 88 4
27 64 2
27 39 3
27 76 0
27 37 -3
27 96 -3
27 43 2
27 46 -9
27 53 8
27 69 3
27 32 -7
27 45 5
27 60 5
27 99 6
27 94 -4
27 79 -6
27 75 2
27 38 -10
27 67 -2
27 95 -8
27 66 6
27 91 6
27 62 1
27 87 10
27 93 -7
27 83 2
27 78 -10
27 65 5
27 97 -10
28 94 8
28 73 1
28 31 -1
28 77 3
28 64 -10
28 99 -2
28 44 2
28 42 6
28 37 8
28 38 -5
28 41 -3
28 75 -10
28 47 5
28 51 -8
28 33 5
28 66 -1
28 81 -10
28 89 4
28 39 7
28 83 8
28 34 10
28 91 -6
28 40 10
28 97 3
28 59 10
28 80 1
28 32 1
28 52 6
28 76 2
28 95 3
28 43 10
28 53 -5
28 29 -2
28 68 -4
28 78 7
28 82 -3
28 72 -5
28 92 0
28 54 7
28 58 3
29 78 8
29 88 -7
29 40 -3
29 69 -5
29 65 7
29 45 4
29 77 9
29 73 9
29 60 7
29 32 9
29 91 -5
29 80 9
29 62 -7
29 57 10
29 33 0
29 79 -6
29 94 -6
29 58 6
29 52 -9
29 70 -2
29 95 -10
29 38 -5
29 49 6
29 56 -5
29 43 -4
29 39 5
29 97 0
29 71 10
29 55 -10
29 72 2
29 90 4
29 68 0
29 84 6
29 31 -2
29 41 -3
29 74 -5
29 98 -5
29 96 0
30 97 5
30 35 5
30 94 -3
30 96 -7
30 83 9
30 79 1
30 45 5
30 47 -8
30 65 -10
30 82 3
30 61 10
30 31 3
30 91 1
30 66 6
30 59 -6
30 76 -7
30 95 6
30 86 3
30 56 9
30 52 -1
30 89 1
30 43 5
30 44 -9
30 81 2
30 90 9
30 68 -5
30 49 -6
30 87 -2
30 48 10
30 58 -9
30 85 -10
30 34 8
30 39 -5
30 69 6
30 38 -3
30 78 -4
30 74 9
30 53 0
30 46 -2
31 96 -2
31 51 -9
31 85 3
31 65 2
31 84 -1
31 64 10
31 62 -6
31 61 -6
31 45 -7
31 94 -7
31 49 4
31 32 1
31 71 6
31 80 1
31 33 6
31 76 4
31 100 -4
31 50 -3
31 52 3
31 67 -8
31 60 -6
31 68 7
31 89 -6
31 72 10
31 63 0
31 82 -6
31 55 6
31 48 -5
31 99 -7
31 87 -8
31 44 9
32 85 -2
32 76 3
32 97 -1
32 94 -6
32 89 10
32 55 4
32 63 7
32 47 0
32 51 9
32 81 1
32 36 0
32 45 7
32 43 -9
32 60 5
32 37 7
32 88 1
32 86 -7
32 62 1
32 35 1
32 68 -4
32 67 0
32 57 -2
32 77 6
32 96 -2
32 70 -6
32 98 8
32 52 -9
32 54 3
32 84 8
32 58 1
32 87 7
32 59 -6
32 64 2
33 67 -3
33 83 -9
33 58 9
33 99 -9
33 42 9
33 85 0
33 44 7
33 38 7
33 98 1
33 54 -3
33 36 7
33 34 -10
33 80 4
33 87 -3
33 66 -10
33 61 -6
33 62 -4
33 73 2
33 96 10
33 48 2
33 35 1
33 64 0
33 60 -8
33 88 2
33 89 7
33 79 3
33 63 3
33 94 5
33 37 3
33 78 -4
33 57 8
33 93 0
33 65 9
33 56 -2
33 76 -2
33 95 -4
34 60 -7
34 72 10
34 73 10
34 42 -4
34 84 9
34 49 -6
34 88 -4
34 47 4
34 43 4
34 56 -1
34 39 8
34 38 -7
34 98 10
34 52 -9
34 55 -4
34 81 -3
34 87 8
34 66 -4
34 90 8
34 61 2
34 96 -9
34 36 -5
34 65 8
34 51 -8
34 44 -4
34 100 1
34 83 2
34 95 4
34 68 10
34 70 0
34 78 3
34 48 -8
35 61 -4
35 68 8
35 76 -1
35 47 5
35 59 -8
35 98 4
35 83 2
35 44 -6
35 42 -9
35 100 9
35 86 7
35 79 8
35 55 -8
35 87 6
35 82 -4
35 41 9
35 97 -6
35 75 -4
35 37 -5
35 40 8
35 88 0
35 91 -3
35 50 -2
35 38 4
35 90 -7
35 66 -5
35 78 8
35 58 4
35 62 0
35 80 -2
35 84 -10
35 94 -3
35 36 1
35 95 5
35 49 -5
35 69 10
35 51 -7
36 89 5
36 56 -6
36 98 0
36 82 -7
36 69 -4
36 74 4
36 61 -10
36 93 6
36 96 9
36 53 10
36 64 -2
36 77 -8
36 58 9
36 95 8
36 86 5
36 72 -10
36 50 -3
36 94 5
36 87 4
36 49 -6
36 59 -5
36 78 -10
36 40 -8
36 79 9
36 76 4
36 92 -5
36 73 -2
36 44 -7
37 39 4
37 73 9
37 49 -9
37 60 0
37 71 10
37 45 -7
37 52 -10
37 69 1
37 64 6
37 67 7
37 38 -5
37 40 2
37 88 -2
37 78 -2
37 75 3
37 92 4
37 90 -4
37 84 7
37 54 -8
37 94 6
37 47 -10
37 58 -9
37 57 6
37 46 9
37 98 -1
37 68 10
37 66 6
37 70 -1
37 50 -1
37 87 6
37 86 5
37 97 8
37 77 5
37 44 -6
38 87 -10
38 92 -7
38 62 -4
38 52 3
38 83 8
38 69 7
38 55 -9
38 59 -5
38 46 -1
38 67 9
38 63 5
38 43 -7
38 75 -1
38 77 7
38 68 9
38 85 -8
38 84 0
38 80 -4
38 64 8
38 50 7
38 89 1
38 86 -1
38 53 -9
38 78 9
38 66 6
39 66 8
39 62 4
39 64 8
39 58 -3
39 53 -8
39 89 9
39 79 0
39 91 4
39 65 -1
39 86 -8
39 81 3
39 73 8
39 71 -1
39 94 -8
39 99 -8
39 90 1
39 54 -2
39 92 0
39 85 2
39 55 0
39 60 -2
39 56 3
39 82 -10
39 51 7
39 100 9
39 84 -6
39 46 -6
39 63 6
39 57 3
39 95 -9
39 48 4
39 42 5
39 75 -2
39 77 2
40 72 -2
40 42 -1
40 84 -3
40 71 6
40 60 9
40 48 6
40 80 -5
40 99 0
40 67 -2
40 43 -1
40 63 -9
40 66 -3
40 73 8
40 46 3
40 52 1
40 41 2
40 70 3
40 89 -8
40 76 -6
40 88 -7
40 91 -1
40 51 -1
40 98 -10
40 62 -7
40 56 0
40 83 0
40 79 7
40 58 0
40 44 1
40 49 -7
40 96 0
41 48 6
41 61 -9
41 64 -2
41 80 8
41 67 6
41 45 3
41 60 6
41 68 -3
41 81 -5
41 83 -6
41 52 1
41 88 -7
41 49 -6
41 100 5
41 57 -5
41 74 2
41 43 -7
41 95 -9
41 87 -9
41 91 9
41 89 -7
41 97 -6
41 72 4
41 53 3
41 71 4
41 46 4
41 47 2
41 55 10
41 73 -10
41 82 -10
41 70 -3
42 71 -8
42 58 6
42 93 -2
42 91 10
42 68 0
42 70 9
42 67 -6
42 80 4
42 86 5
42 87 -7
42 56 5
42 66 2
42 83 -5
42 46 3
42 65 3
42 45 7
42 61 10
42 97 7
42 64 8
42 63 6
42 47 9
42 43 9
42 48 8
42 73 -10
42 99 -2
42 60 5
42 84 -7
42 82 -6
42 81 10
42 79 10
43 64 1
43 48 8
43 97 10
43 99 0
43 86 7
43 63 1
43 90 -5
43 69 7
43 65 -1
43 50 -7
43 92 -6
43 100 8
43 44 3
43 91 6
43 61 -5
43 71 9
43 59 -1
43 83 5
43 95 -10
43 87 8
43 79 3
43 76 -6
43 89 -4
43 85 7
43 46 10
43 62 -2
43 54 3
44 60 7
44 100 5
44 77 3
44 63 10
44 73 -10
44 91 9
44 46 1
44 75 10
44 48 -4
44 94 1
44 72 -7
44 57 9
44 97 -2
44 90 -3
44 47 9
44 82 6
44 93 7
44 64 10
44 87 6
44 52 5
44 55 -6
44 51 0
44 66 5
45 93 -7
45 62 2
45 96 -5
45 54 10
45 92 -9
45 50 -4
45 78 8
45 67 -4
45 56 3
45 94 -5
45 68 2
45 52 -1
45 57 -5
45 74 -10
45 88 -4
45 90 3
45 64 -2
45 47 5
45 75 10
45 87 -9
45 81 10
45 73 -5
45 98 -10
46 70 -10
46 81 4
46 68 -1
46 71 4
46 50 0
46 84 -9
46 83 -6
46 100 4
46 49 -1
46 55 8
46 52 4
46 75 -9
46 78 7
46 72 4
46 96 -1
46 73 8
46 53 2
46 56 0
46 80 -10
46 92 9
46 62 -6
46 87 10
46 76 -4
46 77 5
46 82 -10
46 89 -4
46 98 -6
46 88 3
46 54 9
46 64 8
46 60 6
47 68 7
47 76 -4
47 62 10
47 73 -7
47 69 4
47 49 -5
47 84 -1
47 55 0
47 67 4
47 75 -4
47 71 -7
47 70 7
47 78 7
47 54 7
47 93 0
47 81 4
47 64 4
47 53 -7
47 87 -4
47 79 0
47 85 -8
47 89 9
47 86 -5
47 95 -10
48 100 0
48 82 -8
48 59 -8
48 94 -8
48 69 -1
48 90 -1
48 88 1
48 61 8
48 49 5
48 55 -3
48 81 -6
48 65 8
48 63 5
48 83 -1
48 62 3
48 91 3
48 60 -9
48 75 -3
48 86 -1
48 92 2
48 99 -9
48 56 -9
48 76 -10
48 70 -8
48 57 3
48 52 2
48 53 -3
48 79 2
48 87 -9
48 96 3
48 98 6
48 50 7
48 71 5
48 72 3
48 80 2
48 68 -4
49 95 -6
49 59 -5
49 68 9
49 63 -3
49 54 0
49 76 1
49 69 7
49 93 10
49 60 -8
49 89 9
49 94 4
49 81 -10
49 90 10
49 86 4
49 70 5
49 53 6
49 84 -3
49 66 9
49 64 0
49 91 9
49 97 7
49 50 -5
49 88 3
49 55 -4
49 82 -7
49 74 4
49 65 -1
50 87 -6
50 63 9
50 78 5
50 56 -10
50 68 10
50 80 5
50 64 2
50 62 -8
50 77 6
50 82 -6
50 58 5
50 83 6
50 99 -3
50 89 4
50 76 -1
50 66 1
50 98 2
50 79 -2
50 53 10
50 90 2
50 88 -5
50 61 -2
50 91 8
50 65 -1
50 69 3
50 59 1
50 55 0
50 74 8
51 99 6
51 79 5
51 56 -7
51 90 3
51 62 10
51 65 6
51 95 2
51 93 5
51 73 -1
51 54 -9
51 69 -10
51 55 5
51 84 -4
51 57 6
51 86 9
51 78 1
51 98 2
51 81 -7
51 61 -9
51 74 -4
51 75 -8
51 53 -10
52 73 7
52 92 -2
52 91 2
52 67 -2
52 80 -10
52 60 -4
52 59 3
52 66 6
52 94 -3
52 93 -3
52 90 6
52 97 10
52 75 4
52 79 -4
52 100 6
52 88 9
52 54 9
52 81 -3
52 95 6
52 70 8
52 63 1
52 87 3
52 53 7
53 87 -3
53 74 7
53 99 9
53 93 2
53 71 -2
53 70 1
53 62 9
53 65 -2
53 98 10
53 68 4
53 97 5
53 91 -9
53 90 5
53 100 -1
53 58 5
53 77 -5
53 79 1
53 72 1
53 96 -1
53 85 9
53 76 2
53 88 -4
53 69 -4
53 57 -3
53 67 5
54 65 1
54 94 8
54 88 -2
54 57 -7
54 77 10
54 60 -9
54 90 2
54 81 -1
54 58 -9
54 89 -5
54 100 -9
54 64 4
54 73 -2
54 75 -5
55 99 3
55 87 -9
55 90 -6
55 89 -10
55 68 -5
55 56 1
55 64 -1
55 66 -10
55 85 -1
55 72 -6
55 63 -10
55 93 5
55 92 8
55 100 9
55 77 -1
55 75 -9
55 98 -1
55 73 -2
55 97 -3
55 79 -1
55 58 -1
56 78 -3
56 77 9
56 85 0
56 84 -5
56 88 -2
56 72 -7
56 68 6
56 64 7
56 73 -5
56 100 0
56 66 1
56 94 9
56 58 -1
56 63 -5
56 90 7
56 74 9
56 69 4
56 97 1
56 95 1
56 60 -9
56 91 -9
57 85 -9
57 92 -10
57 66 3
57 83 7
57 84 -5
57 70 10
57 98 4
57 76 2
57 87 -8
57 82 6
57 93 -2
57 90 1
57 99 -3
57 61 7
57 95 5
57 77 -6
57 60 -6
57 94 -8
57 74 4
57 64 5
57 65 8
57 59 9
57 80 6
58 94 2
58 63 9
58 76 -2
58 77 3
58 97 -5
58 88 7
58 60 5
58 87 8
58 70 2
58 86 -7
58 62 -4
58 96 -2
58 85 10
58 74 9
58 80 7
58 98 -3
58 95 -10
58 99 7
58 66 -7
59 87 8
59 69 -8
59 96 8
59 89 -9
59 95 -7
59 77 -8
59 73 0
59 64 4
59 98 -3
59 88 -6
59 61 -1
59 91 5
59 72 5
59 60 10
59 74 3
59 75 4
59 99 -8
59 94 10
59 68 -4
59 79 8
59 93 -9
60 66 -9
60 78 -8
60 69 5
60 79 9
60 68 -2
60 65 4
60 90 8
60 62 -4
60 72 -7
60 73 -3
60 93 -3
60 63 -3
60 89 -3
60 64 -8
60 88 -1
60 100 -1
60 74 -8
60 70 0
61 72 -9
61 96 5
61 63 -2
61 94 4
61 87 9
61 91 1
61 88 -7
61 92 6
61 86 4
61 66 5
61 98 -9
61 69 -7
61 74 8
61 93 9
61 70 -7
61 77 6
61 83 -1
61 76 0
61 80 2
61 73 -8
61 81 7
61 95 -8
61 62 -4
61 65 8
62 67 -8
62 64 5
62 95 0
62 81 -1
62 68 -2
62 75 -3
62 96 7
62 94 -9
62 78 0
62 86 -8
62 92 -5
62 89 4
62 63 0
62 83 1
62 66 -10
62 93 -7
62 87 -7
62 65 3
62 88 -2
63 67 -9
63 64 -1
63 72 -8
63 86 -4
63 66 7
63 76 -3
63 78 2
63 80 -9
63 91 -4
63 71 -3
63 90 3
63 69 9
63 81 5
63 92 3
63 85 10
63 77 -9
63 83 -4
63 70 2
63 94 3
63 95 -8
64 100 4
64 81 6
64 77 6
64 72 -2
64 85 9
64 90 10
64 74 -7
64 73 -7
64 84 1
64 76 0
64 83 -10
64 92 0
64 66 9
64 79 -7
64 86 -8
64 68 1
64 71 -5
64 96 5
64 99 3
65 87 8
65 70 -7
65 80 -10
65 81 6
65 85 -1
65 92 2
65 94 3
65 77 3
65 93 6
65 84 -5
65 95 5
65 100 8
65 83 10
65 89 0
65 73 -8
65 91 2
65 88 3
65 79 9
65 90 10
65 78 -4
65 99 -1
66 85 8
66 83 -10
66 97 10
66 75 2
66 92 -3
66 88 -1
66 73 -9
66 91 3
66 70 -10
66 81 0
66 71 5
66 87 9
66 78 -3
67 96 7
67 89 -7
67 77 -6
67 84 6
67 81 3
67 88 7
67 97 -1
67 91 1
67 92 -5
67 85 -8
67 94 0
67 99 -2
67 95 0
67 69 -7
68 94 9
68 84 2
68 97 10
68 72 -6
68 93 6
68 100 5
68 88 -7
68 86 -6
68 96 10
68 87 2
68 80 -5
68 90 -9
68 85 -4
68 81 6
68 91 8
68 99 -10
68 70 9
68 78 4
69 89 -9
69 85 -3
69 77 -1
69 95 -8
69 71 3
69 83 -1
69 70 -8
69 86 2
69 92 -7
69 72 -1
69 81 0
69 78 -8
69 97 0
69 75 6
69 91 -6
69 100 -1
69 84 3
69 82 0
69 98 -4
70 85 10
70 98 8
70 93 6
70 73 -1
70 78 -7
70 84 7
70 75 3
70 92 -7
70 90 -10
70 100 -9
70 82 -6
70 97 9
70 88 -2
70 96 -7
70 72 -8
70 86 1
70 79 9
71 99 -10
71 80 -7
71 83 -3
71 74 7
71 90 1
71 76 4
71 93 -8
71 100 5
71 95 -3
71 78 -3
71 86 -8
71 77 9
71 84 -1
71 91 5
71 75 8
71 81 -8
72 77 -6
72 83 -9
72 88 6
72 93 -4
72 85 -10
72 76 10
72 82 10
72 86 2
72 97 -7
72 89 6
72 73 -3
72 81 -5
72 75 4
72 91 -6
73 84 3
73 97 -1
73 89 8
73 98 5
73 94 0
73 83 -1
73 78 5
73 81 4
74 79 9
74 82 6
74 83 9
74 80 8
74 99 9
74 96 8
74 89 -1
74 90 0
74 88 -5
74 84 -9
74 93 -2
74 98 -3
75 82 -3
75 89 9
75 76 6
75 77 5
75 84 -6
75 97 -6
75 93 10
75 80 -7
75 90 0
76 78 2
76 97 -10
76 83 -2
76 79 -4
76 84 3
76 85 10
76 90 -1
76 92 -10
76 80 -2
76 87 -7
76 96 6
76 93 6
76 82 5
76 100 -4
76 89 6
76 94 8
76 99 -4
76 95 -1
77 84 7
77 87 7
77 98 7
77 79 -4
77 96 -4
77 82 -3
77 89 10
77 91 6
77 81 5
77 83 1
77 92 5
77 97 -2
77 78 6
77 85 -10
78 99 -9
78 94 2
78 80 -6
78 89 -1
78 81 2
78 90 8
78 79 -8
78 88 1
78 83 7
78 84 3
78 100 -7
78 98 8
79 89 -3
79 85 2
79 82 -7
79 99 -10
79 97 7
79 91 -2
79 81 3
79 96 -1
80 87 2
80 94 -7
80 82 10
80 92 -10
80 89 10
80 93 8
80 99 -9
80 83 8
80 86 3
80 90 -7
80 81 2
80 98 -5
81 98 10
81 95 8
81 94 10
81 86 -10
81 82 8
81 99 4
81 93 5
81 97 3
82 94 2
82 86 -3
82 93 2
82 85 6
82 90 0
82 96 -10
82 92 3
82 98 4
82 89 -9
83 84 3
83 90 -3
83 85 8
83 94 -3
83 89 -4
83 86 -1
83 95 -7
83 88 -6
84 92 -10
84 93 7
84 95 5
84 97 1
84 89 -6
84 98 -7
84 100 4
85 97 8
85 89 0
85 100 -5
85 93 -9
85 98 7
85 94 -4
85 99 7
85 95 -2
85 92 2
86 90 -4
86 99 10
86 92 -3
86 91 5
86 95 3
86 87 -7
86 100 -2
86 89 8
86 96 -5
86 97 2
87 100 -1
87 90 7
87 98 -7
87 97 -9
87 91 1
88 95 9
88 94 -10
88 96 -10
88 90 0
88 89 -9
88 92 7
89 90 9
89 98 2
89 96 9
89 92 -1
90 93 2
90 97 -5
91 94 1
91 93 -1
91 92 8
91 99 4
91 100 -10
92 93 9
92 97 -2
92 99 -4
92 98 -3
93 97 -1
93 100 -6
93 99 -1
93 95 10
93 94 -9
94 100 -8
94 97 -2
94 98 3
94 99 -10
95 99 7
95 97 -8
95 98 1
95 96 -5
95 100 -4
96 99 -5
96 98 2
97 100 -6
97 98 7
98 99 -4
