100 2475 
1 72 -10
1 71 5
1 18 3
1 37 0
1 32 -8
1 84 -6
1 85 -4
1 90 5
1 7 -9
1 20 -4
1 10 3
1 58 10
1 16 -3
1 41 -2
1 35 -7
1 61 -3
1 80 2
1 56 1
1 25 6
1 14 -9
1 28 7
1 21 -8
1 48 -3
1 38 7
1 42 5
1 87 4
1 34 4
1 6 -6
1 96 0
1 54 -3
1 11 6
1 23 2
1 12 10
1 86 10
1 51 -3
1 77 -7
1 47 6
1 39 -1
1 99 -8
1 98 -1
1 4 -3
1 67 -6
1 94 -5
1 81 2
1 3 -10
1 53 2
1 57 7
1 22 -8
1 62 2
1 73 -6
1 31 9
1 33 -10
1 40 -5
1 97 -2
2 16 -8
2 59 -1
2 84 0
2 43 9
2 31 2
2 68 8
2 66 7
2 10 -10
2 81 -7
2 92 7
2 94 -9
2 6 6
2 86 9
2 54 6
2 38 -5
2 8 6
2 22 10
2 49 3
2 70 10
2 46 0
2 90 7
2 79 -6
2 93 4
2 36 8
2 53 -2
2 12 4
2 34 -3
2 87 5
2 40 9
2 91 -3
2 20 -2
2 32 -2
2 98 2
2 69 -3
2 7 -3
2 37 10
2 5 -7
2 67 2
2 96 -5
2 88 -2
2 47 -2
2 3 -9
2 14 2
2 27 -2
2 13 -5
2 99 3
3 45 1
3 20 2
3 88 1
3 70 -7
3 62 -1
3 13 10
3 66 -4
3 36 -5
3 79 -9
3 60 5
3 92 10
3 55 -6
3 35 -1
3 39 6
3 65 -8
3 21 3
3 51 5
3 80 -10
3 87 10
3 72 5
3 69 -2
3 67 3
3 28 -10
3 8 9
3 84 1
3 61 -4
3 9 3
3 63 -9
3 16 -10
3 25 -3
3 59 7
3 75 -10
3 99 -5
3 64 0
3 22 0
3 57 -4
3 48 2
3 98 9
3 86 6
3 19 -4
3 10 -4
3 53 -5
3 38 10
3 37 -1
3 71 -2
3 81 -4
3 23 8
3 33 -3
3 29 -5
3 56 4
3 100 -10
3 52 9
3 74 0
3 26 2
3 50 0
3 94 6
4 36 3
4 99 9
4 29 -6
4 96 -9
4 48 -5
4 59 -8
4 23 2
4 40 -6
4 28 3
4 90 5
4 62 -9
4 30 4
4 64 -5
4 44 9
4 12 -2
4 86 -7
4 50 5
4 95 -4
4 94 3
4 52 6
4 41 -3
4 57 6
4 66 -4
4 7 -6
4 46 2
4 38 -5
4 34 1
4 20 -9
4 83 6
4 68 -3
4 49 4
4 39 9
4 33 -6
4 88 -3
4 55 -7
4 13 6
4 6 3
4 92 -6
4 15 -3
4 27 4
4 81 -4
4 97 6
4 79 -8
4 73 3
4 93 -4
4 32 -5
4 82 3
4 8 -3
4 35 5
4 17 -2
4 45 3
5 77 10
5 51 2
5 94 2
5 68 -3
5 22 -1
5 44 -2
5 25 -5
5 55 -7
5 75 9
5 32 -4
5 24 4
5 57 10
5 66 2
5 97 -6
5 76 -8
5 17 -7
5 15 4
5 21 3
5 49 -8
5 95 -8
5 31 -7
5 11 2
5 54 -4
5 81 -2
5 70 10
5 33 7
5 38 7
5 39 2
5 23 -7
5 84 0
5 59 4
5 73 -1
5 41 10
5 52 -7
5 27 3
5 14 -7
5 47 -9
5 74 3
5 50 -9
5 61 3
5 88 2
5 96 -4
5 53 -4
5 12 -7
5 65 2
5 83 5
5 99 -1
5 100 0
5 9 0
5 69 10
5 29 2
5 89 5
6 79 1
6 70 8
6 71 8
6 34 3
6 33 9
6 21 -4
6 72 -7
6 49 8
6 29 -7
6 10 5
6 42 -6
6 48 -7
6 44 -9
6 53 -10
6 68 -9
6 51 -6
6 12 5
6 93 7
6 83 7
6 91 -8
6 86 5
6 43 5
6 54 1
6 94 6
6 27 10
6 66 -10
6 18 2
6 57 -8
6 69 10
6 75 -3
6 55 -8
6 95 -8
6 50 9
6 92 -6
6 14 6
6 40 8
6 35 4
6 39 -9
6 82 -1
6 32 -2
6 58 2
6 17 -2
6 80 -3
7 75 4
7 33 9
7 76 -2
7 17 2
7 27 0
7 86 5
7 89 -4
7 43 7
7 97 8
7 59 10
7 19 2
7 8 2
7 56 -9
7 28 4
7 82 2
7 74 6
7 58 -8
7 39 0
7 22 2
7 70 7
7 48 4
7 83 -7
7 37 6
7 31 -4
7 38 -10
7 78 -2
7 65 -10
7 99 2
7 66 -8
7 11 1
7 100 -10
7 92 8
7 40 -7
7 91 9
7 79 -7
7 80 9
7 47 -9
7 14 1
7 20 8
7 30 10
7 52 7
7 88 -4
7 60 -4
7 50 -10
7 41 -5
7 21 -6
7 10 -10
7 68 5
8 57 -1
8 94 2
8 51 7
8 72 3
8 34 3
8 100 -4
8 29 9
8 86 -5
8 39 4
8 95 9
8 60 0
8 40 8
8 16 9
8 89 0
8 56 7
8 30 -7
8 33 -5
8 27 -9
8 92 9
8 19 -6
8 49 4
8 81 -8
8 83 6
8 52 -5
8 96 -5
8 28 2
8 23 5
8 82 8
8 79 10
8 46 -8
8 84 1
8 20 -1
8 93 -3
8 87 2
8 80 4
8 64 -3
8 74 -3
8 68 9
8 48 3
8 78 -3
8 90 8
8 21 -5
8 88 -7
8 36 4
8 10 10
8 91 9
8 41 10
8 67 0
8 69 -2
8 65 -4
8 43 10
8 66 -10
9 83 10
9 65 -4
9 55 -4
9 61 2
9 73 -4
9 18 -8
9 80 -10
9 100 6
9 33 -6
9 11 -8
9 69 -3
9 45 9
9 78 -7
9 42 9
9 84 6
9 60 0
9 82 2
9 43 10
9 79 -8
9 21 -3
9 26 -10
9 56 -10
9 44 -7
9 89 -5
9 28 -5
9 47 7
9 70 1
9 62 10
9 22 -2
9 66 5
9 54 3
9 34 8
9 38 -8
9 72 7
9 68 -10
9 19 8
9 36 8
9 13 -4
9 35 0
9 59 -9
9 94 -3
9 52 7
10 59 -8
10 40 0
10 94 -10
10 65 5
10 58 1
10 17 -2
10 71 2
10 44 -6
10 42 9
10 12 3
10 46 -1
10 23 -2
10 66 7
10 56 3
10 83 -3
10 81 -5
10 33 9
10 84 -4
10 53 -5
10 13 -2
10 96 8
10 29 -2
10 52 2
10 21 7
10 19 -3
10 28 -2
10 26 -3
10 20 1
10 87 -7
10 49 4
10 24 -1
10 32 6
10 82 2
10 50 6
10 97 8
10 15 2
10 45 -4
10 93 -3
11 92 10
11 60 -7
11 51 4
11 50 -8
11 71 8
11 86 3
11 31 -10
11 40 9
11 46 3
11 57 1
11 99 2
11 93 6
11 100 7
11 67 -10
11 18 -5
11 80 -7
11 33 3
11 89 -9
11 32 5
11 39 10
11 27 6
11 42 -1
11 38 -9
11 82 -9
11 34 -1
11 29 7
11 72 6
11 48 -4
11 28 -3
11 19 7
11 70 8
11 37 2
11 66 -10
11 74 8
11 76 3
11 53 6
11 26 0
11 85 2
11 87 7
11 47 -4
11 90 -4
11 91 -9
12 63 8
12 62 -9
12 89 -9
12 70 -6
12 49 -3
12 45 3
12 71 6
12 19 -8
12 76 8
12 13 -5
12 50 -7
12 78 -10
12 20 8
12 74 8
12 100 -5
12 98 -9
12 59 4
12 92 2
12 58 9
12 84 -2
12 29 2
12 79 -2
12 86 3
12 69 -2
12 14 1
12 28 1
12 31 -9
12 87 1
12 43 -3
12 52 -8
12 18 8
12 17 5
12 77 5
12 34 5
12 93 0
12 33 8
12 56 10
12 60 5
12 55 -1
12 38 8
12 97 7
13 38 3
13 57 6
13 39 -9
13 74 -7
13 41 4
13 76 2
13 21 -5
13 70 1
13 25 -2
13 62 -9
13 54 7
13 80 9
13 42 1
13 99 -4
13 43 -8
13 28 -5
13 97 -9
13 34 10
13 67 -6
13 81 -8
13 55 5
13 37 0
13 63 9
13 22 0
13 52 5
13 32 -9
13 83 9
13 14 -1
13 75 -1
13 47 -2
13 100 -2
13 79 -5
13 31 -6
13 88 3
13 69 -8
13 23 -2
13 94 6
13 85 8
13 26 8
13 19 2
13 61 4
13 77 2
13 16 -3
13 92 6
13 50 -6
13 46 10
13 95 -10
13 93 3
14 94 -9
14 69 -10
14 63 -9
14 51 8
14 79 4
14 16 4
14 86 -9
14 82 -2
14 38 4
14 80 -6
14 89 -1
14 41 4
14 34 -7
14 91 4
14 66 9
14 52 10
14 96 0
14 88 10
14 32 -8
14 31 -3
14 85 4
14 98 6
14 78 7
14 87 -8
14 46 1
14 92 10
14 65 -10
14 64 10
14 99 8
14 71 -4
14 49 8
14 50 -5
14 81 -6
14 45 10
14 59 5
14 27 -10
14 17 1
14 29 4
14 54 5
14 74 -1
14 39 2
15 86 10
15 69 7
15 93 -6
15 25 3
15 89 -3
15 81 0
15 17 4
15 21 -7
15 63 -2
15 62 2
15 47 2
15 76 5
15 78 4
15 28 -6
15 26 -8
15 24 -2
15 65 7
15 74 -8
15 40 8
15 70 -2
15 56 7
15 42 -6
15 87 -2
15 46 -4
15 43 2
15 37 -3
15 99 -2
15 20 -9
15 41 2
15 45 -6
15 92 -10
15 29 1
15 51 10
15 38 -4
15 22 5
15 97 -5
15 33 -3
15 72 1
15 80 10
15 100 3
15 98 -5
15 48 6
15 91 9
15 59 -4
16 93 -5
16 60 -4
16 98 -4
16 75 -10
16 43 10
16 82 -1
16 76 8
16 74 5
16 37 -3
16 21 8
16 17 0
16 91 1
16 56 -5
16 49 -9
16 44 -9
16 90 1
16 52 6
16 86 10
16 30 4
16 71 -3
16 20 10
16 84 -9
16 47 -1
16 33 7
16 19 -1
16 55 -4
16 36 -7
16 61 -9
16 80 -10
16 79 4
16 53 6
16 72 6
16 32 9
16 25 2
16 65 -8
16 22 3
16 88 4
16 77 -10
16 66 -7
16 63 -1
16 67 5
16 57 5
16 28 0
16 64 -9
16 96 3
16 40 3
16 29 -2
16 34 10
17 21 8
17 36 7
17 93 -3
17 63 6
17 94 -6
17 71 -6
17 34 5
17 65 -7
17 73 -4
17 84 9
17 23 -6
17 25 10
17 74 4
17 60 0
17 46 9
17 47 -5
17 61 0
17 35 -4
17 95 -9
17 68 9
17 99 6
17 38 -8
17 51 10
17 26 10
17 24 1
17 50 1
17 31 3
17 45 -8
17 32 -2
17 29 6
17 27 3
17 66 1
17 53 -7
17 18 -7
17 56 -5
17 92 6
17 100 9
17 80 10
17 49 -9
17 70 -10
17 91 7
17 88 10
17 87 4
18 59 4
18 60 -2
18 82 9
18 25 -8
18 66 7
18 100 1
18 69 -7
18 43 7
18 50 8
18 88 4
18 76 6
18 21 -4
18 24 9
18 67 -5
18 53 -10
18 87 9
18 80 -5
18 75 8
18 42 9
18 47 5
18 72 -10
18 57 8
18 93 -7
18 86 -9
18 91 -8
18 55 5
18 97 -5
18 64 -3
18 90 -10
18 73 -4
18 30 -1
18 33 -3
18 63 6
18 78 10
18 34 3
18 38 -3
18 31 -3
19 32 -7
19 100 0
19 75 5
19 97 6
19 44 1
19 64 -2
19 22 -7
19 55 1
19 94 6
19 53 1
19 25 9
19 51 7
19 46 6
19 23 8
19 31 -7
19 82 -8
19 85 -9
19 42 0
19 35 0
19 27 3
19 78 5
19 76 6
19 88 3
19 83 -4
19 40 0
19 84 -5
19 91 0
19 30 3
19 49 -5
19 87 -3
19 34 0
19 63 5
19 98 0
19 65 7
19 96 10
19 62 -6
19 50 -4
19 54 -4
19 79 10
20 34 5
20 58 -10
20 59 -4
20 81 -6
20 100 6
20 65 -4
20 39 -3
20 78 -4
20 88 -3
20 28 6
20 60 4
20 32 0
20 55 -7
20 24 1
20 89 9
20 75 -1
20 99 10
20 84 -1
20 98 -6
20 97 2
20 95 -7
20 29 -2
20 72 -10
20 62 8
20 42 6
20 41 -1
20 57 3
20 53 -7
20 37 6
20 45 5
20 80 5
20 22 -7
20 86 0
20 85 -10
20 43 -10
20 70 1
20 71 -6
20 30 2
20 26 1
20 68 9
20 23 -6
20 49 -9
20 54 1
21 58 -6
21 31 0
21 86 -8
21 50 -5
21 53 4
21 36 -10
21 81 -8
21 66 -4
21 96 4
21 82 -10
21 25 -7
21 23 1
21 98 10
21 42 2
21 93 0
21 38 0
21 67 -8
21 49 1
21 78 -4
21 91 -6
21 29 -2
21 76 -4
21 56 -6
21 46 10
21 61 1
21 27 8
21 34 1
21 95 1
21 75 -7
21 44 2
21 80 -8
22 51 5
22 48 10
22 82 -6
22 44 -4
22 74 -5
22 34 -6
22 50 1
22 70 -10
22 87 3
22 75 -7
22 45 2
22 100 -7
22 40 10
22 62 -3
22 54 -5
22 76 4
22 36 -6
22 61 -2
22 35 -10
22 47 -2
22 83 -10
22 58 9
22 67 10
22 73 -6
22 81 10
22 23 -6
22 63 -6
22 96 7
22 37 5
22 86 4
22 41 9
22 99 5
23 98 3
23 47 5
23 55 -7
23 65 4
23 79 -4
23 27 -5
23 37 8
23 66 -1
23 36 -1
23 68 7
23 48 2
23 83 -7
23 28 9
23 26 -2
23 33 -6
23 96 -1
23 90 -3
23 61 -4
23 80 -3
23 74 -8
23 46 0
23 50 -5
23 92 -3
23 76 7
23 45 -5
23 81 1
23 71 9
23 78 4
23 58 -8
23 94 5
23 89 -10
23 24 -9
23 63 3
23 52 5
23 49 7
23 57 8
24 74 5
24 62 -4
24 100 10
24 42 9
24 39 -7
24 38 0
24 32 -4
24 63 -1
24 66 6
24 56 -1
24 87 8
24 96 9
24 94 7
24 82 4
24 41 -2
24 36 2
24 33 -8
24 77 7
24 49 -10
24 83 4
24 31 1
24 71 10
24 46 -1
24 59 -6
24 93 5
24 65 10
24 30 7
24 95 -4
24 51 -3
24 48 1
24 92 -6
24 86 4
24 85 -5
24 54 1
24 88 -3
24 28 -9
24 72 -2
24 45 0
24 53 3
24 81 2
25 39 0
25 35 9
25 27 7
25 94 -3
25 38 -6
25 73 3
25 51 2
25 40 -7
25 41 -7
25 63 7
25 82 1
25 93 3
25 30 4
25 69 -9
25 80 6
25 56 5
25 58 -1
25 91 -8
25 90 -7
25 59 1
25 71 6
25 33 8
25 29 0
25 98 9
25 44 6
25 89 1
25 86 -8
25 34 9
25 79 -1
25 64 -4
25 78 -6
25 37 10
25 50 2
25 84 -6
25 32 1
25 88 -8
26 36 -9
26 66 6
26 52 -8
26 48 -8
26 67 10
26 86 8
26 39 6
26 41 5
26 84 7
26 57 -1
26 28 10
26 94 10
26 62 4
26 50 -1
26 46 9
26 55 9
26 47 -2
26 60 0
26 75 -4
26 58 -2
26 29 4
26 34 -6
26 93 4
26 56 -5
26 64 10
26 96 10
26 63 2
26 35 0
26 92 -1
26 30 -1
26 83 5
26 89 -5
26 85 8
26 87 7
26 70 6
26 37 -4
26 69 6
27 51 -10
27 89 0
27 60 -10
27 100 -6
27 99 -7
27 90 -2
27 49 -6
27 65 -5
27 94 3
27 67 6
27 28 10
27 96 6
27 92 3
27 76 2
27 47 6
27 77 0
27 56 -6
27 43 9
27 98 -1
27 37 -6
27 74 -9
27 57 10
27 62 -7
27 61 -3
27 50 -5
27 72 -9
27 38 6
27 69 6
27 84 -3
27 58 1
27 83 4
27 42 -4
28 54 0
28 67 -5
28 78 -5
28 62 -10
28 90 -7
28 63 -8
28 57 9
28 38 2
28 64 -7
28 96 4
28 86 6
28 44 3
28 79 -2
28 95 -2
28 50 -7
28 88 7
28 40 -9
28 80 6
28 58 3
28 36 -3
28 30 -4
28 66 2
28 82 6
28 33 0
28 94 2
28 89 -6
28 52 -5
28 71 2
29 79 -7
29 57 -4
29 69 8
29 99 3
29 58 1
29 92 2
29 87 -4
29 73 -1
29 32 -4
29 94 -8
29 86 -4
29 61 3
29 91 4
29 64 2
29 67 -3
29 95 0
29 68 0
29 35 7
29 48 -10
29 71 1
29 82 9
29 90 9
29 72 -9
29 30 4
29 65 -3
29 80 9
29 31 -2
29 37 -8
29 33 -5
29 76 7
29 83 7
29 89 8
29 54 -9
29 39 8
29 53 0
29 50 6
29 46 -3
29 62 0
30 85 -3
30 69 -6
30 75 -6
30 34 -1
30 99 -3
30 94 -9
30 39 10
30 33 9
30 97 -7
30 82 -6
30 98 9
30 95 2
30 56 -10
30 71 -1
30 66 9
30 90 1
30 74 -4
30 70 -2
30 83 -7
30 62 -9
30 68 -6
30 81 0
30 47 -1
30 89 -4
30 49 -4
30 86 -6
30 79 -4
30 88 5
30 51 2
30 93 -8
30 92 7
30 72 5
30 57 -6
30 32 -6
30 50 6
30 53 -4
30 78 0
31 93 -5
31 54 -4
31 58 5
31 91 -2
31 96 6
31 41 -5
31 49 9
31 88 1
31 82 -7
31 87 10
31 67 7
31 50 -1
31 77 2
31 89 5
31 92 -2
31 79 3
31 37 5
31 72 -10
31 98 9
31 84 10
31 83 6
31 60 -6
31 34 1
31 66 -4
31 63 3
31 43 1
31 75 -9
31 39 -6
31 94 2
31 36 5
31 46 2
31 73 -7
31 90 -1
31 70 8
31 48 -8
31 80 -1
31 55 0
32 71 -5
32 36 -6
32 95 -5
32 91 5
32 67 2
32 37 1
32 90 -5
32 43 1
32 58 -3
32 65 7
32 75 6
32 81 -1
32 40 0
32 100 -8
32 46 -8
32 84 -3
32 62 10
32 83 1
32 56 -2
32 63 0
32 89 4
32 54 -4
32 35 10
32 55 4
32 98 9
32 93 -8
32 48 -3
32 72 5
32 76 7
32 42 -2
32 64 -9
32 45 9
32 33 -7
32 50 -4
32 96 10
32 41 -7
32 66 9
32 74 -4
32 57 10
32 51 -7
32 79 -3
33 55 -5
33 96 -6
33 43 -9
33 52 9
33 35 6
33 94 -1
33 99 -4
33 48 -1
33 56 -2
33 57 2
33 71 -3
33 47 -10
33 92 -9
33 97 1
33 84 9
33 59 -5
33 83 -3
33 90 6
33 64 8
33 78 -8
33 87 6
33 61 7
33 95 -9
33 79 -4
33 80 -7
33 41 1
33 91 2
33 49 -5
33 46 -1
33 54 -5
33 82 -1
33 100 -5
33 69 6
33 70 10
33 75 3
33 51 -8
33 45 0
34 78 -9
34 40 -3
34 54 -9
34 80 9
34 84 -6
34 71 -5
34 76 -2
34 41 -2
34 94 -10
34 35 4
34 85 -4
34 61 7
34 64 -6
34 46 -4
34 66 4
34 89 10
34 50 -5
34 75 -3
34 55 -9
34 82 7
34 38 -2
34 57 -9
34 43 -2
34 59 -1
34 83 -8
34 62 -1
34 48 5
35 99 2
35 91 3
35 49 4
35 75 -8
35 86 6
35 84 9
35 48 2
35 38 -8
35 62 -7
35 61 -9
35 41 5
35 89 5
35 52 -10
35 88 9
35 74 -8
35 64 -4
35 58 -2
35 69 4
35 87 10
35 78 0
35 36 -8
35 42 -6
35 67 -8
35 82 4
35 60 -10
35 73 5
35 77 -3
35 90 -9
35 92 8
35 81 -10
36 93 4
36 88 -3
36 64 -3
36 83 5
36 58 -10
36 47 -2
36 62 6
36 65 -9
36 41 -9
36 67 8
36 84 -2
36 75 10
36 38 -3
36 71 -9
36 74 -10
36 63 1
36 81 4
36 39 5
36 44 -10
36 85 4
36 87 8
36 97 2
36 91 -5
36 76 -2
36 51 8
36 79 -9
36 92 8
36 96 3
36 61 -2
36 53 -10
36 46 -5
36 90 3
36 70 -5
37 82 -9
37 95 7
37 86 -3
37 52 -3
37 51 -10
37 67 -3
37 40 7
37 89 0
37 58 -6
37 38 0
37 76 -2
37 84 3
37 46 8
37 39 10
37 87 -9
37 72 8
37 91 3
37 74 6
37 45 -9
37 90 5
37 47 6
37 62 4
37 71 10
37 69 8
37 70 2
37 41 -2
37 99 6
37 42 -10
37 94 9
37 65 1
37 98 1
37 55 -7
38 40 -4
38 43 3
38 99 -4
38 53 7
38 92 5
38 46 4
38 83 -9
38 94 9
38 49 0
38 78 3
38 45 -4
38 73 5
38 76 7
38 95 9
38 74 5
38 39 1
38 61 6
38 84 -3
38 55 -3
38 68 0
38 87 10
38 58 1
38 98 1
38 64 7
38 60 -6
39 50 -3
39 42 -9
39 67 -5
39 56 -4
39 69 8
39 100 3
39 80 7
39 68 1
39 47 -7
39 49 4
39 83 10
39 71 1
39 63 0
39 84 -5
39 66 3
39 79 -8
39 94 -4
39 48 -7
39 75 3
39 62 -2
39 93 -6
39 64 7
39 87 -2
39 72 -7
39 85 -9
39 54 -1
39 55 -1
39 40 2
40 89 -2
40 74 -10
40 77 -2
40 50 -9
40 86 -3
40 61 -2
40 60 10
40 53 -3
40 100 2
40 75 -4
40 43 2
40 44 8
40 41 -1
40 97 0
40 96 10
40 88 0
40 69 -4
40 47 -2
40 42 -4
40 98 -5
40 78 7
40 71 4
40 45 0
40 57 -9
40 52 -5
40 56 -5
40 54 9
40 65 4
41 70 -9
41 72 -1
41 61 8
41 95 -3
41 54 2
41 82 3
41 43 -10
41 50 8
41 60 8
41 77 -5
41 74 8
41 100 1
41 59 -1
41 56 -7
41 45 2
41 83 -8
41 89 1
41 97 9
41 85 0
41 76 2
41 69 -2
41 81 9
41 94 4
41 49 -2
42 89 5
42 46 -9
42 47 5
42 94 -7
42 83 -9
42 84 5
42 80 -1
42 75 3
42 90 0
42 56 4
42 67 -2
42 49 9
42 51 -9
42 76 5
42 59 -3
42 69 10
42 96 -6
42 97 1
42 58 1
42 54 -5
42 74 7
42 93 0
42 55 2
42 43 6
42 85 5
42 91 0
42 70 8
42 63 -5
42 100 10
42 82 6
42 86 3
42 78 5
43 85 -10
43 96 -4
43 86 -9
43 90 4
43 61 -5
43 48 10
43 71 3
43 52 2
43 76 -2
43 54 1
43 60 -9
43 74 -7
43 87 2
43 69 7
43 94 6
43 99 -7
43 58 10
43 53 -8
43 97 -4
43 63 -10
43 95 9
43 92 -10
43 67 4
43 82 -1
43 100 -7
43 55 -10
43 65 -6
43 70 -8
43 68 1
43 93 -6
44 62 3
44 88 -1
44 54 -8
44 49 0
44 90 -2
44 91 -1
44 84 -6
44 77 -3
44 97 8
44 86 0
44 81 -2
44 100 -2
44 79 -7
44 98 10
44 64 -10
44 57 4
44 75 5
44 96 -4
44 45 9
44 89 7
44 94 -9
44 50 -9
44 67 -6
44 85 -3
44 72 -8
44 87 -9
44 71 4
44 99 9
44 93 3
45 51 3
45 49 1
45 82 -10
45 89 -8
45 58 7
45 76 -5
45 74 -7
45 57 -8
45 86 10
45 98 2
45 100 9
45 94 -9
45 97 -1
45 70 2
45 54 -9
45 52 -6
45 78 -5
45 73 -2
45 50 1
45 61 -4
45 79 -1
45 84 -6
45 60 0
45 93 10
45 77 -3
45 56 -1
45 99 10
45 48 1
45 75 -1
45 59 6
45 67 8
45 53 -3
45 64 6
45 92 10
46 83 -6
46 51 6
46 84 3
46 93 5
46 81 0
46 55 -6
46 98 6
46 90 3
46 92 -7
46 62 -5
46 91 7
46 47 9
46 100 7
46 97 -7
46 94 -6
46 59 6
46 85 4
46 79 -10
46 75 4
46 95 5
46 71 1
46 80 -6
46 66 -1
46 70 0
46 56 6
46 88 5
46 50 6
46 89 6
46 49 6
46 73 6
47 51 -5
47 92 -7
47 56 4
47 80 -7
47 70 -6
47 63 -10
47 65 -3
47 93 8
47 55 5
47 90 -4
47 68 2
47 50 -6
47 86 7
47 98 7
47 94 -9
47 69 1
47 52 -4
47 64 0
47 53 8
47 85 8
47 99 1
47 61 -4
47 79 0
47 58 6
47 77 -1
47 91 10
47 75 -2
48 73 5
48 63 7
48 75 -9
48 82 -6
48 78 -2
48 50 4
48 67 -5
48 54 5
48 91 -5
48 85 -2
48 49 4
48 61 -10
48 89 9
48 96 -5
48 83 0
48 79 4
48 71 2
48 59 -3
48 72 4
48 70 8
48 93 -8
48 87 1
49 81 -5
49 53 -2
49 95 -10
49 76 -10
49 73 -1
49 55 -8
49 65 -2
49 72 10
49 92 9
49 64 1
49 87 2
49 85 1
49 52 -7
49 61 1
49 98 -7
49 74 4
49 82 6
49 78 7
49 67 9
49 70 -8
49 90 9
49 89 -1
49 80 -3
50 65 2
50 63 -2
50 93 -8
50 54 9
50 92 4
50 77 -7
50 53 10
50 52 -4
50 73 2
50 88 10
50 80 -5
50 87 -8
50 60 -8
50 91 10
50 89 -3
50 98 4
50 62 5
50 75 9
50 57 -2
50 76 9
50 83 7
50 58 -5
50 66 -6
50 81 10
50 56 -10
50 100 0
50 85 8
50 94 3
50 59 3
50 68 -1
50 82 7
51 80 -7
51 63 0
51 91 1
51 78 2
51 94 5
51 81 -9
51 67 -3
51 75 -9
51 65 -8
51 64 3
51 74 9
51 93 8
51 90 0
51 54 10
51 62 10
51 100 -8
51 89 3
51 92 1
51 97 -4
51 58 0
51 77 -2
51 53 -6
51 61 -2
51 72 10
51 60 -3
51 71 7
51 56 -5
51 98 0
51 52 8
52 65 -7
52 83 0
52 100 5
52 73 0
52 67 1
52 80 4
52 87 -9
52 70 -6
52 57 2
52 86 2
52 77 -7
52 94 -9
52 91 -5
52 99 3
52 93 1
52 81 5
52 79 5
52 82 -9
52 78 -2
52 72 -3
52 88 4
52 58 10
52 66 1
52 69 7
53 83 -10
53 97 2
53 90 4
53 66 -8
53 55 1
53 67 4
53 89 -9
53 100 -10
53 54 -2
53 74 8
53 71 3
53 95 4
53 99 4
53 94 8
53 65 0
53 64 -8
53 76 1
53 80 -8
53 86 5
53 72 0
53 58 0
53 75 -5
53 62 -4
53 82 -1
54 55 -1
54 76 -8
54 83 3
54 63 -3
54 68 6
54 73 -5
54 75 -5
54 67 -1
54 60 6
54 58 -2
54 77 -6
54 64 -5
54 80 -2
54 57 8
54 81 -3
54 59 2
54 74 1
54 62 -10
54 56 9
54 92 -7
54 84 7
54 85 -5
54 93 -6
55 70 8
55 99 -9
55 66 8
55 100 7
55 85 0
55 84 0
55 80 -5
55 61 5
55 95 5
55 62 5
55 83 -3
55 92 -2
55 81 -4
55 71 -4
55 90 -4
55 89 8
55 67 -10
55 59 -7
55 75 -7
55 94 -5
55 60 -8
55 93 7
55 64 -4
56 82 3
56 70 8
56 90 -9
56 75 7
56 72 -7
56 76 3
56 58 -9
56 71 -9
56 93 -8
56 92 0
56 91 10
56 61 -4
56 87 -3
56 83 3
56 100 -2
56 81 10
56 73 -7
56 57 -5
56 88 2
56 63 -5
56 62 5
56 99 -1
56 84 7
56 66 9
56 96 -1
56 64 4
57 82 -7
57 58 9
57 73 -1
57 85 8
57 95 -4
57 67 -5
57 62 -3
57 69 10
57 92 -5
57 79 -3
57 94 -10
57 75 -5
57 93 10
57 81 -2
57 74 -2
57 96 3
57 64 7
57 100 -9
58 90 1
58 74 -9
58 72 -7
58 71 1
58 77 -5
58 93 8
58 100 10
58 99 -10
58 92 7
58 85 -9
58 86 -9
58 96 -9
58 94 0
58 75 5
58 95 -4
58 59 -10
58 65 -10
58 61 9
58 69 1
58 84 3
59 62 2
59 100 1
59 73 -10
59 95 10
59 87 -3
59 93 -2
59 89 4
59 61 -3
59 85 0
59 81 -9
59 97 3
59 75 7
59 66 6
59 74 3
59 72 3
59 67 -3
59 88 0
59 78 -3
59 65 3
59 92 -7
59 98 3
59 83 -7
59 82 3
60 75 0
60 88 -10
60 97 -1
60 72 -4
60 100 0
60 70 -4
60 82 -10
60 91 -4
60 94 9
60 85 6
60 74 3
60 62 5
60 73 -10
60 76 6
60 67 -4
60 90 -2
60 93 -8
60 86 -4
60 98 7
60 92 -4
60 84 -2
60 66 -5
61 84 -7
61 99 3
61 68 -5
61 72 4
61 65 -5
61 88 2
61 100 -8
61 95 -2
61 81 -6
61 67 3
61 73 -4
61 62 0
61 80 7
61 85 2
61 79 -9
61 74 9
61 94 -8
61 96 9
61 76 -3
61 78 -1
61 63 8
61 71 -7
62 67 0
62 85 -8
62 71 0
62 77 7
62 76 -5
62 90 -7
62 93 -9
62 91 1
62 83 -10
62 80 3
62 86 -3
62 79 -8
62 84 -4
62 87 -7
62 64 -4
62 66 0
62 65 -2
62 89 2
62 100 4
63 80 -1
63 86 -5
63 65 3
63 84 6
63 98 4
63 70 -2
63 67 3
63 76 -7
63 92 3
63 85 -3
63 79 -4
63 73 2
63 78 3
63 68 5
63 72 3
63 66 -4
63 77 9
63 87 10
63 95 3
63 99 -4
63 71 9
63 74 9
63 90 -3
64 80 6
64 94 4
64 83 0
64 68 -10
64 100 -4
64 81 10
64 73 1
64 71 -9
64 86 6
64 72 0
64 98 3
64 88 4
64 66 -1
64 90 -10
64 95 2
64 67 -3
64 99 1
65 87 -3
65 68 5
65 73 3
65 100 -4
65 66 -4
65 79 0
65 94 8
65 76 8
65 81 5
65 90 -10
65 74 7
65 71 -2
65 67 -8
65 86 0
65 78 -7
66 95 -5
66 100 8
66 83 9
66 96 -4
66 94 5
66 82 0
66 90 1
66 77 -5
66 84 -2
66 86 9
66 78 -1
66 99 1
66 70 -5
66 92 5
66 93 -7
66 72 2
66 76 8
66 67 -8
66 69 -8
66 87 -5
67 92 8
67 74 -5
67 80 3
67 89 7
67 76 7
67 71 -8
67 86 2
67 88 5
67 95 6
67 99 0
67 97 4
67 78 -6
67 91 -6
67 73 5
67 85 4
68 81 6
68 96 -9
68 84 -8
68 87 6
68 99 5
68 83 -9
68 90 10
68 98 3
68 92 -7
68 100 -7
68 95 4
68 76 7
68 74 -9
68 93 8
68 88 -2
68 78 1
68 73 2
69 94 -4
69 95 -7
69 85 -2
69 90 4
69 82 -2
69 98 9
69 97 -8
69 80 6
69 89 -9
69 77 2
69 92 2
69 74 9
69 73 -4
69 99 8
69 88 -8
69 84 -5
70 86 -5
70 97 9
70 76 -9
70 77 0
70 99 -1
70 85 -10
70 91 -2
70 80 8
70 82 5
70 90 -5
70 94 5
70 71 -7
70 93 9
70 89 -6
71 81 -10
71 84 5
71 88 10
71 99 -10
71 76 -1
71 73 7
71 85 -2
71 100 -4
71 86 4
71 82 0
72 92 -6
72 93 -2
72 83 -10
72 81 0
72 80 4
72 73 -6
72 95 8
72 77 -10
72 75 1
72 76 -2
73 86 -6
73 79 6
73 89 -4
73 98 -2
73 77 5
73 87 -9
73 81 1
73 80 4
73 85 8
73 99 -2
73 93 -1
73 82 -2
74 82 -8
74 92 2
74 98 9
74 79 0
74 80 7
74 88 4
74 91 -4
74 83 -1
74 93 -4
74 94 -7
74 89 -7
74 81 -1
74 96 -4
74 76 6
74 75 0
75 77 -3
75 81 -10
75 88 -9
75 95 -4
75 76 -10
75 84 5
75 82 1
75 83 -4
75 90 -7
75 94 -2
75 93 4
75 80 -9
75 92 5
76 89 -3
76 96 -7
76 94 -10
76 86 -2
76 80 10
76 90 -4
76 81 -3
76 79 -8
76 78 -6
76 93 6
76 91 1
76 82 -7
76 84 10
77 96 6
77 85 10
77 84 5
77 90 -1
77 98 -2
77 80 -10
77 89 10
77 82 -1
77 91 -2
78 95 -9
78 80 5
78 96 2
78 90 -5
78 88 -2
78 89 -2
78 85 3
78 97 9
78 99 -7
78 83 -10
78 81 -4
78 94 -10
78 79 6
78 87 7
79 88 -9
79 99 8
79 87 1
79 95 -5
79 91 -10
79 84 -1
79 80 -7
79 97 5
79 89 7
79 93 6
79 92 0
79 98 -9
79 82 3
79 83 1
80 97 -6
80 94 -10
80 96 4
80 93 9
80 81 3
80 95 -2
80 86 -8
80 99 8
80 91 -4
80 87 9
81 91 -1
81 87 9
81 93 1
81 84 -9
81 90 6
82 89 -9
82 98 -4
82 95 -4
82 90 -5
82 92 1
82 91 1
82 100 6
82 87 9
82 97 6
82 85 -9
83 92 0
83 94 -8
83 87 -7
83 93 -8
83 90 -9
83 98 -9
83 88 -5
83 95 -8
83 99 -9
84 87 10
84 100 1
84 99 4
84 91 -5
84 89 -10
84 94 0
84 97 10
85 92 6
85 99 3
85 96 -1
85 90 -1
85 93 0
85 98 2
85 89 9
85 94 6
85 97 -2
86 92 -5
86 95 -4
86 93 -2
86 99 -7
86 98 9
87 92 10
87 100 -1
87 93 -3
87 88 -3
87 95 4
88 90 10
88 92 2
88 89 9
88 98 -6
88 94 1
89 94 0
89 98 -10
89 92 -5
89 100 9
89 96 3
89 99 10
89 90 -5
89 97 10
90 96 1
90 94 3
90 98 -4
91 94 6
91 93 2
91 100 5
91 92 -3
91 97 4
91 98 -3
92 94 4
92 93 -9
92 99 1
92 96 3
92 95 -9
93 98 -6
93 96 0
94 97 -9
94 95 9
94 100 -4
95 96 -7
96 98 -5
96 100 -6
96 99 -9
97 100 -3
97 99 7
98 100 -10
98 99 -6
