100 2475 
1 83 8
1 32 -6
1 24 -1
1 85 7
1 64 10
1 68 3
1 76 -6
1 66 -4
1 37 3
1 8 4
1 17 9
1 42 5
1 12 -10
1 73 10
1 90 -4
1 2 7
1 72 -8
1 54 -7
1 96 -3
1 43 8
1 21 9
1 87 -8
1 22 1
1 78 -3
1 99 8
1 86 1
1 47 -8
1 19 -2
1 4 5
1 55 -2
1 23 -3
1 67 -6
1 14 -7
1 7 -7
1 94 -7
1 39 -6
1 65 2
1 92 -2
1 27 -10
1 31 4
1 48 7
1 60 -3
1 20 -5
1 53 -10
1 88 4
2 4 4
2 24 0
2 44 7
2 32 8
2 7 0
2 15 6
2 81 9
2 76 -1
2 73 10
2 18 -10
2 89 5
2 22 7
2 77 -5
2 12 -1
2 50 2
2 26 2
2 13 -2
2 38 10
2 97 4
2 48 -9
2 29 4
2 14 0
2 99 -9
2 59 6
2 53 2
2 67 8
2 45 -9
2 87 5
2 66 7
2 60 10
2 3 -6
2 52 3
2 88 10
2 72 1
2 54 -5
2 20 -2
2 63 -4
2 51 0
2 23 -2
2 21 -9
2 36 9
2 17 -1
2 40 -9
2 61 5
3 5 -3
3 11 -3
3 98 -9
3 95 -4
3 82 5
3 15 -9
3 7 -7
3 13 1
3 30 1
3 34 -10
3 79 5
3 21 0
3 9 4
3 54 7
3 22 5
3 58 -5
3 37 9
3 27 -10
3 81 -1
3 91 -1
3 62 -3
3 77 0
3 89 10
3 23 -10
3 71 8
3 40 -8
3 87 -8
3 8 0
3 60 -5
3 19 -1
3 46 0
3 85 6
3 26 7
3 59 2
3 51 8
3 57 7
3 76 -2
3 74 10
3 64 10
3 4 6
3 35 9
3 65 -5
3 88 7
3 28 -7
3 50 6
3 96 -3
3 32 10
3 92 -5
4 15 4
4 51 2
4 84 2
4 41 9
4 74 7
4 90 -5
4 88 2
4 43 -10
4 87 6
4 57 0
4 75 9
4 73 6
4 14 0
4 6 -6
4 49 8
4 47 -9
4 33 -9
4 50 -9
4 18 9
4 10 9
4 34 8
4 35 -10
4 86 -1
4 99 -9
4 42 7
4 25 7
4 40 0
4 60 2
4 78 -4
4 94 2
4 26 7
4 83 6
4 66 1
4 81 10
4 61 9
4 69 9
4 12 -9
4 37 7
4 5 3
4 23 -7
4 30 -6
4 92 -1
4 96 -4
4 20 -3
4 82 -5
4 44 6
4 24 1
4 48 1
4 17 -9
4 71 3
4 59 3
5 63 8
5 11 -6
5 80 -2
5 7 -6
5 75 -8
5 19 2
5 37 -7
5 12 4
5 61 -3
5 99 -2
5 79 4
5 96 -7
5 57 6
5 81 0
5 42 1
5 69 3
5 98 -7
5 72 5
5 93 -6
5 88 -3
5 49 0
5 95 -4
5 87 -6
5 66 1
5 22 -10
5 51 -7
5 48 4
5 36 -7
5 53 4
5 32 -8
5 25 -1
5 16 0
5 38 -2
5 76 1
5 52 -3
5 58 -2
5 45 1
5 20 3
5 85 7
5 17 8
5 73 -3
5 35 10
5 97 -7
6 54 9
6 87 4
6 37 7
6 88 4
6 41 -3
6 72 -5
6 86 -8
6 22 -5
6 30 -7
6 36 -6
6 69 7
6 85 -1
6 13 -8
6 16 9
6 61 -7
6 50 2
6 99 0
6 51 -8
6 73 -1
6 21 -6
6 84 -7
6 35 7
6 76 10
6 34 0
6 62 -5
6 97 1
6 70 3
6 100 5
6 17 -8
6 40 -10
6 82 4
6 58 -4
6 96 -2
6 81 10
6 55 9
6 25 -6
6 93 8
6 8 -2
6 38 -5
6 10 5
6 80 3
6 66 0
6 94 7
6 9 -8
6 64 8
6 12 -2
6 92 -3
6 74 -1
6 45 -8
6 91 4
6 83 -6
6 32 -8
6 44 10
7 91 -3
7 67 -7
7 15 -6
7 54 4
7 41 -10
7 18 7
7 36 2
7 85 -6
7 29 4
7 47 8
7 96 -1
7 64 -9
7 57 2
7 87 2
7 78 0
7 97 3
7 44 -5
7 81 -8
7 35 10
7 61 -1
7 52 -9
7 37 5
7 94 6
7 49 -2
7 79 3
7 90 -8
7 93 7
7 83 -10
7 66 9
7 24 8
7 43 8
7 99 -7
7 86 1
7 34 -2
7 68 7
7 77 -7
7 95 -3
7 27 10
7 25 3
7 51 -4
7 32 -10
7 98 2
8 89 1
8 61 6
8 80 -2
8 92 -9
8 91 10
8 77 -4
8 81 -2
8 83 10
8 33 8
8 39 1
8 95 2
8 12 -8
8 73 10
8 70 10
8 38 0
8 65 0
8 9 -3
8 21 -4
8 25 10
8 64 4
8 62 -2
8 66 -4
8 36 4
8 13 -4
8 43 9
8 94 -9
8 24 -8
8 76 -9
8 41 -10
8 45 -8
8 57 10
8 49 2
8 52 -3
8 31 -7
8 56 3
8 54 -10
8 68 -8
8 99 -2
8 48 6
8 97 7
8 11 -1
8 46 5
8 72 8
8 55 9
8 27 9
8 86 0
8 28 -4
8 71 -7
8 58 -5
8 26 1
8 67 0
8 17 -1
9 45 5
9 64 -7
9 30 -7
9 70 0
9 88 -6
9 99 9
9 42 -7
9 41 -2
9 86 6
9 38 -2
9 94 -9
9 32 4
9 15 -4
9 74 -10
9 23 -9
9 19 -7
9 75 10
9 87 4
9 26 1
9 35 -1
9 68 -7
9 53 -6
9 48 7
9 63 -1
9 17 -6
9 72 8
9 59 0
9 97 -9
9 21 0
9 43 -2
9 46 -10
9 28 2
9 34 3
9 13 -8
9 84 -10
9 39 -6
9 25 -3
9 71 4
9 82 -7
9 40 7
9 80 -10
9 16 7
9 54 -9
9 66 9
9 18 -5
9 11 8
9 52 10
9 91 10
10 93 -8
10 54 9
10 85 9
10 90 10
10 55 2
10 97 7
10 50 -7
10 94 1
10 18 2
10 80 8
10 13 2
10 76 -7
10 24 7
10 49 8
10 62 -7
10 86 10
10 20 6
10 73 4
10 26 -5
10 70 0
10 87 -2
10 29 -4
10 83 -8
10 40 -5
10 89 7
10 37 -7
10 16 7
10 72 9
10 30 -2
10 23 -10
10 27 -1
10 51 8
10 58 0
10 64 -10
10 38 -5
10 35 -8
10 46 -2
10 79 -4
10 68 -3
10 77 9
10 11 3
10 19 -2
11 13 1
11 36 7
11 93 3
11 49 6
11 14 -9
11 18 5
11 78 8
11 61 -2
11 45 5
11 69 -5
11 54 7
11 74 9
11 71 -8
11 53 -1
11 56 -2
11 31 0
11 98 7
11 70 0
11 68 -8
11 39 5
11 46 -3
11 83 5
11 85 0
11 52 3
11 25 6
11 66 1
11 92 10
11 50 -2
11 86 -2
11 73 3
11 59 4
11 23 -2
11 34 7
11 55 5
11 57 4
11 20 -10
11 47 -2
11 19 3
11 94 -8
11 32 4
11 27 -9
11 17 8
11 100 -4
11 35 4
11 95 -7
11 76 -5
11 15 -1
12 64 -3
12 20 -8
12 61 -4
12 35 9
12 70 8
12 54 4
12 55 -7
12 30 -8
12 53 8
12 69 4
12 66 6
12 31 3
12 59 -6
12 93 10
12 56 -4
12 86 -7
12 51 -5
12 39 10
12 26 3
12 75 7
12 28 8
12 18 5
12 100 -5
12 24 4
12 85 9
12 81 -8
12 41 -6
12 46 -2
12 80 0
12 90 -3
12 36 0
12 89 -2
12 92 4
12 19 -5
12 29 8
12 49 10
12 60 5
12 74 3
12 97 5
12 27 -8
12 57 -6
12 84 9
12 48 -1
12 17 -6
12 87 -9
12 72 -10
12 47 -3
12 83 -5
12 52 9
13 89 9
13 88 0
13 77 -6
13 76 -7
13 32 -8
13 50 -3
13 99 0
13 64 8
13 33 -4
13 49 -6
13 16 1
13 55 4
13 30 -8
13 40 -9
13 83 -4
13 92 5
13 60 7
13 81 -3
13 24 9
13 79 -3
13 90 3
13 72 6
13 58 -1
13 42 -5
13 46 10
13 61 7
13 28 0
13 71 -8
13 70 -5
13 21 -8
13 78 10
13 86 -5
13 100 -10
13 94 7
13 44 -1
13 96 -8
13 80 -7
13 51 -9
13 31 4
13 95 -9
13 26 -2
13 25 7
13 39 -7
13 63 1
13 37 -3
13 19 3
13 41 -5
13 66 8
13 27 -9
13 29 -10
14 86 -1
14 18 -8
14 50 4
14 19 9
14 15 0
14 48 -2
14 97 8
14 22 4
14 30 10
14 59 -6
14 24 0
14 84 -1
14 52 1
14 92 8
14 31 2
14 43 -7
14 46 4
14 51 -6
14 95 -2
14 98 2
14 29 10
14 55 -9
14 90 -2
14 34 -6
14 57 5
14 74 -10
14 45 4
14 60 -3
14 99 -1
14 38 3
14 20 5
14 87 1
14 71 -6
14 73 -10
14 27 10
14 94 -7
14 65 -3
14 61 1
14 53 5
14 56 -2
14 58 -10
14 85 9
14 37 4
15 78 7
15 64 6
15 43 8
15 97 -10
15 83 0
15 41 6
15 19 -6
15 84 -1
15 50 -6
15 60 -6
15 88 -2
15 42 -9
15 26 -7
15 54 -1
15 59 3
15 62 7
15 32 -10
15 70 5
15 93 -7
15 17 2
15 80 10
15 38 8
15 40 -1
15 22 6
15 24 2
15 96 -6
15 71 1
15 94 7
15 47 6
15 28 6
15 66 -7
15 99 -4
15 89 -9
15 86 6
15 67 4
15 44 -9
15 90 -4
15 61 4
15 79 -7
15 31 -8
15 76 2
15 51 4
15 65 5
15 63 -6
16 61 -8
16 73 -3
16 79 -9
16 59 4
16 55 -9
16 92 6
16 22 -9
16 52 -1
16 50 9
16 51 1
16 42 -5
16 31 -4
16 24 9
16 32 7
16 60 4
16 21 8
16 58 -6
16 76 1
16 68 10
16 19 10
16 49 -6
16 63 5
16 96 -2
16 25 5
16 100 8
16 66 7
16 91 9
16 93 1
16 83 1
16 84 0
16 44 3
16 78 -6
16 29 -9
16 39 -4
16 77 -8
16 69 -5
16 86 2
16 87 -9
16 41 -3
16 28 5
16 53 4
16 70 4
17 45 0
17 54 -3
17 77 -10
17 23 4
17 81 4
17 28 1
17 75 2
17 76 7
17 22 -10
17 100 0
17 89 -4
17 67 6
17 72 -9
17 85 6
17 71 7
17 98 -5
17 57 6
17 73 -3
17 47 3
17 44 0
17 56 2
17 68 -7
17 82 -8
17 94 0
17 69 7
17 80 7
17 93 3
17 66 5
17 97 -5
17 26 -3
17 61 -5
17 87 -7
17 59 -9
17 96 -8
17 79 5
17 38 2
17 33 -4
17 19 9
17 29 -9
17 31 8
17 84 -3
18 50 10
18 34 -8
18 69 -4
18 37 -4
18 44 -7
18 56 10
18 96 10
18 41 -3
18 28 -3
18 33 -6
18 98 -9
18 31 3
18 65 8
18 53 -4
18 79 9
18 49 -10
18 67 -6
18 70 -8
18 57 9
18 47 -1
18 84 -9
18 45 8
18 59 -9
18 77 -4
18 63 2
18 42 -2
18 93 -1
18 29 9
18 85 -10
18 60 -1
18 100 -5
18 73 9
18 48 -5
18 66 10
18 86 -2
18 88 -8
18 89 9
18 99 0
19 86 4
19 32 -3
19 71 -8
19 27 8
19 91 4
19 31 3
19 43 0
19 76 2
19 78 -9
19 59 -1
19 64 -1
19 47 -10
19 87 -6
19 62 -8
19 40 -5
19 29 6
19 56 -9
19 44 -8
19 23 -4
19 80 -7
19 52 -6
19 84 -8
19 99 -2
19 65 -9
19 24 -2
19 36 -6
19 22 1
19 94 10
19 21 4
19 73 7
19 88 8
19 30 2
19 100 -10
19 37 4
19 72 -2
19 60 4
19 49 -8
19 92 7
19 53 7
19 77 -8
19 58 -4
19 97 10
20 40 7
20 37 -5
20 47 -8
20 79 -9
20 59 2
20 64 -10
20 24 -9
20 52 -7
20 29 4
20 67 -6
20 88 -9
20 77 -9
20 54 1
20 34 -3
20 68 -10
20 31 -6
20 53 9
20 36 10
20 75 0
20 60 -6
20 63 8
20 41 10
20 96 10
20 58 7
20 38 -10
20 81 3
20 71 6
20 93 -10
20 46 5
20 33 -6
20 78 2
20 57 0
20 48 -8
21 33 -6
21 52 -2
21 48 2
21 42 -8
21 87 1
21 90 -3
21 100 -10
21 98 -9
21 26 5
21 41 -7
21 78 -4
21 49 5
21 38 -6
21 28 2
21 59 3
21 30 -8
21 76 2
21 83 -3
21 43 -3
21 99 -7
21 64 8
21 56 1
21 40 9
21 44 -9
21 84 -8
22 70 7
22 61 7
22 87 10
22 94 10
22 68 10
22 91 3
22 62 -10
22 84 10
22 44 4
22 88 2
22 95 10
22 41 9
22 54 7
22 45 4
22 92 7
22 35 -1
22 31 -2
22 71 4
22 90 -5
22 66 2
22 96 -8
22 82 8
22 74 1
22 33 3
22 76 3
22 58 1
22 83 -6
22 98 8
22 49 0
22 99 6
22 48 8
22 29 2
22 86 0
22 47 -3
22 37 -7
22 63 10
22 89 -2
22 55 -5
22 28 -5
22 27 -9
22 69 9
22 59 -6
23 65 5
23 88 -2
23 71 7
23 91 -7
23 52 -6
23 37 -5
23 24 0
23 82 -4
23 46 -10
23 67 5
23 33 -10
23 83 -1
23 40 -3
23 26 7
23 77 -6
23 64 8
23 59 0
23 69 0
23 92 3
23 50 7
23 32 2
23 95 -8
23 62 0
23 34 1
23 70 2
23 98 -4
23 27 0
23 28 4
23 66 -10
23 60 5
23 97 10
23 86 -5
23 35 -10
23 96 -9
24 87 1
24 51 6
24 53 6
24 93 7
24 60 0
24 45 6
24 44 -5
24 81 -3
24 46 8
24 25 -9
24 70 -2
24 91 7
24 42 4
24 80 1
24 29 8
24 47 1
24 38 -4
24 50 -5
24 61 -1
24 96 4
24 36 7
24 40 -8
24 92 4
24 99 -7
24 65 -1
24 90 6
24 88 8
24 48 7
24 78 -9
24 66 1
24 71 5
24 95 -5
24 94 9
24 28 7
24 43 -4
24 84 6
24 35 4
24 72 3
24 76 -8
24 74 8
24 33 -9
25 67 -8
25 91 5
25 35 -5
25 76 0
25 87 5
25 53 8
25 82 -6
25 99 -5
25 65 0
25 34 5
25 94 -8
25 38 -10
25 92 3
25 37 -2
25 100 6
25 89 -8
25 58 3
25 28 10
25 64 4
25 51 -5
25 33 2
25 88 3
25 66 5
25 27 -10
25 41 9
25 61 3
25 73 6
25 29 -7
25 86 -6
25 55 1
25 80 -2
25 30 1
25 40 3
25 74 -8
25 93 8
25 43 -3
25 48 -2
25 77 6
25 32 8
25 68 6
25 45 -7
25 50 10
25 36 9
25 26 1
25 42 6
25 72 7
25 60 -7
25 57 -7
25 31 0
25 49 -4
25 47 9
25 84 0
25 95 6
26 49 -8
26 65 -10
26 95 5
26 75 9
26 58 4
26 73 10
26 54 8
26 84 7
26 50 7
26 99 3
26 59 -5
26 91 1
26 82 -9
26 47 -1
26 80 -6
26 86 7
26 89 -7
26 51 7
26 30 -6
26 76 -6
26 74 6
26 56 -3
26 79 -6
26 46 2
26 28 2
26 57 2
26 33 -2
26 90 9
26 72 -8
26 48 -5
26 39 -9
26 61 -9
26 34 -2
26 42 3
27 29 -5
27 87 -4
27 33 -9
27 48 4
27 57 1
27 98 2
27 80 5
27 31 -2
27 75 1
27 35 8
27 45 9
27 99 -10
27 55 0
27 62 -7
27 71 -7
27 34 1
27 100 1
27 93 5
27 50 6
27 43 9
27 79 -5
27 77 0
27 96 -10
27 47 9
27 66 -2
27 74 9
27 64 9
27 53 4
27 70 4
27 32 10
27 56 -1
28 73 0
28 67 -9
28 75 6
28 42 0
28 64 -2
28 81 10
28 46 -9
28 32 4
28 53 -6
28 51 -2
28 65 -6
28 95 1
28 68 1
28 98 2
28 87 -7
28 37 -5
28 76 -9
28 72 -9
28 82 6
28 36 -1
28 89 -2
28 38 -7
28 71 8
28 55 -6
28 59 8
28 93 0
28 99 -2
28 60 10
28 58 7
28 33 8
28 44 -8
28 50 -7
28 69 -8
28 49 7
28 45 2
28 74 9
29 84 4
29 63 -8
29 78 -1
29 96 -3
29 72 -1
29 61 10
29 49 -1
29 95 7
29 52 4
29 60 9
29 38 1
29 100 1
29 66 0
29 33 7
29 92 6
29 70 5
29 68 -4
29 99 0
29 90 7
29 81 -7
29 67 5
29 37 7
29 46 10
29 58 -3
29 34 -7
29 54 -4
29 83 -8
29 87 -7
29 75 -5
29 93 -8
29 51 -8
30 62 7
30 36 1
30 88 -2
30 54 -10
30 89 9
30 67 -4
30 44 8
30 87 -7
30 74 -6
30 58 -2
30 96 2
30 64 5
30 79 -3
30 32 -1
30 61 -9
30 65 3
30 76 -7
30 39 9
30 93 6
30 35 4
30 60 -9
30 86 -7
30 34 -6
30 94 1
30 50 5
30 78 -9
30 40 6
30 68 -5
30 52 -7
30 97 6
31 40 9
31 61 -2
31 81 -6
31 49 8
31 97 -2
31 90 2
31 46 1
31 80 -7
31 100 -3
31 72 -1
31 60 -2
31 85 -4
31 96 6
31 99 -9
31 41 2
31 77 -9
31 38 2
31 69 0
31 62 5
31 73 -3
31 75 4
31 59 5
31 74 9
31 57 8
31 95 9
31 50 -5
31 58 6
31 82 5
31 67 9
32 50 -10
32 99 3
32 77 -9
32 93 2
32 55 1
32 54 -10
32 46 -6
32 86 -9
32 96 -6
32 62 -7
32 85 6
32 70 -2
32 64 8
32 37 1
32 79 -9
32 53 1
32 43 -1
32 38 -1
32 100 -5
32 44 -6
32 63 4
32 59 8
32 74 6
32 36 -6
32 40 9
32 57 6
32 41 9
32 80 2
32 95 6
32 48 0
32 51 -2
32 72 4
32 94 -5
32 75 -4
32 66 -4
32 82 -5
32 89 -5
32 34 2
32 73 0
32 88 4
33 56 4
33 100 -10
33 82 9
33 47 -8
33 61 0
33 65 -9
33 45 -6
33 98 8
33 85 3
33 51 -6
33 92 -4
33 49 -4
33 97 -7
33 40 3
33 77 1
33 38 -10
33 55 5
33 94 -7
33 53 -7
33 78 1
33 84 -5
33 93 5
33 68 -2
33 35 0
33 99 9
33 41 -9
33 58 6
33 37 0
33 72 -5
33 73 -4
33 86 0
33 46 10
33 64 -2
33 63 6
33 79 5
33 75 10
33 42 3
33 89 -6
33 36 0
33 83 -10
34 94 9
34 76 -10
34 97 -1
34 61 -8
34 90 6
34 44 2
34 35 6
34 78 5
34 37 -3
34 60 7
34 80 5
34 62 -5
34 55 -8
34 49 8
34 99 -6
34 71 10
34 66 3
34 63 -3
34 85 6
34 92 7
34 68 -5
34 46 -4
34 91 2
34 47 -7
34 86 -5
34 43 2
34 54 7
34 82 4
34 73 3
34 65 9
34 81 1
34 41 -10
34 100 -1
34 57 9
34 87 4
34 53 -10
34 45 2
34 83 3
34 48 0
35 52 5
35 86 -2
35 46 2
35 91 -3
35 99 4
35 67 9
35 71 9
35 65 -4
35 76 0
35 62 10
35 87 5
35 80 2
35 82 2
35 36 -8
35 79 5
35 58 0
35 93 7
35 85 7
35 97 -5
35 40 10
35 92 -5
35 50 -7
35 43 6
35 47 -10
35 45 -4
35 37 4
35 83 -6
35 95 8
35 77 6
35 72 0
35 88 7
35 70 -6
35 68 -8
35 84 -2
35 61 4
35 75 -7
35 73 -6
35 42 2
35 56 -5
35 44 -2
36 66 5
36 78 3
36 38 -9
36 63 -3
36 79 7
36 39 6
36 90 -4
36 100 1
36 91 -6
36 58 0
36 56 0
36 69 -2
36 84 -3
36 80 0
36 45 0
36 82 8
36 67 3
36 88 -9
36 68 -6
36 55 4
36 83 -9
36 71 5
36 65 -1
36 44 8
36 49 3
36 95 -9
36 75 6
36 52 -3
36 89 7
36 50 -7
36 92 -3
36 64 2
36 87 -5
36 99 1
36 46 -4
36 97 5
36 41 -3
37 38 -5
37 97 -10
37 92 8
37 71 8
37 72 3
37 55 -2
37 49 -8
37 64 -9
37 60 7
37 95 -8
37 42 8
37 67 0
37 58 -1
37 96 -5
37 54 3
37 85 4
37 65 -10
37 81 5
37 40 0
37 94 -5
37 100 -1
37 57 -4
37 70 4
37 62 8
37 86 -3
37 91 4
37 90 0
37 53 -10
37 78 1
37 76 2
37 75 6
37 73 -1
37 89 -10
37 41 -8
37 84 -3
38 49 9
38 73 -3
38 85 -10
38 71 4
38 39 -10
38 59 -5
38 42 6
38 90 -3
38 96 -2
38 80 3
38 61 -7
38 77 -5
38 46 -10
38 94 10
38 97 8
38 58 5
38 54 0
38 63 10
38 91 9
38 60 4
38 87 -9
38 67 2
38 57 6
38 44 -2
38 88 -7
38 86 -9
38 48 -7
38 75 -1
38 78 5
38 74 -4
38 72 9
39 49 -4
39 94 0
39 57 -3
39 99 -8
39 100 0
39 54 8
39 84 5
39 70 5
39 56 -4
39 48 -9
39 93 6
39 59 -10
39 53 8
39 41 -10
39 73 -4
39 81 -10
39 89 10
39 96 8
39 52 -3
39 67 10
39 83 5
39 44 -8
39 40 7
39 72 10
39 79 -4
39 76 -9
39 90 -10
39 77 3
39 50 -6
39 64 -5
39 68 -10
39 55 8
39 97 -9
39 58 0
40 83 1
40 58 4
40 74 -10
40 51 -3
40 90 0
40 80 2
40 89 -7
40 91 6
40 52 -3
40 84 7
40 97 7
40 43 9
40 71 -2
40 63 -2
40 95 5
40 55 -9
40 87 -5
40 76 5
40 81 -5
40 79 8
40 48 0
40 69 10
40 57 0
40 59 0
40 60 9
40 54 -10
40 70 -10
41 94 3
41 62 -7
41 42 3
41 100 9
41 99 -5
41 98 7
41 89 5
41 84 -4
41 64 -1
41 82 5
41 79 10
41 81 6
41 47 -8
41 69 9
41 90 7
41 85 0
41 53 1
41 61 1
41 52 -3
41 77 -10
41 71 8
41 54 -6
41 66 2
41 87 10
41 73 -8
41 86 2
41 59 4
41 60 -7
41 45 1
41 80 -6
41 97 -5
41 93 5
42 55 8
42 43 -4
42 76 -8
42 50 -8
42 61 -3
42 74 -9
42 88 9
42 49 5
42 92 -2
42 48 1
42 78 10
42 94 0
42 97 6
42 100 1
42 89 -9
42 85 -10
42 83 3
42 79 7
42 56 1
42 68 8
42 86 -1
42 63 6
42 96 9
42 59 -10
42 45 3
42 91 1
42 73 -5
42 66 5
42 51 3
43 50 0
43 45 -6
43 66 7
43 59 -7
43 75 6
43 47 9
43 63 2
43 48 2
43 72 -6
43 64 -4
43 73 8
43 86 10
43 74 -5
43 92 -9
43 55 5
43 53 2
43 49 -3
43 81 -8
43 89 5
43 46 3
43 91 -6
43 78 6
43 44 3
43 99 -4
43 71 -3
43 94 -6
43 60 5
43 93 4
44 66 -6
44 90 8
44 47 1
44 50 -1
44 51 3
44 100 -4
44 60 4
44 87 2
44 49 -6
44 72 9
44 94 -7
44 80 6
44 93 -5
44 45 6
44 73 0
44 99 8
44 91 -9
44 89 9
44 95 -2
44 65 0
44 68 7
44 70 7
44 52 5
44 62 6
44 48 -5
44 76 1
45 90 -10
45 55 -9
45 99 -10
45 80 3
45 63 9
45 52 5
45 89 6
45 57 4
45 77 3
45 62 6
45 95 7
45 59 -5
45 49 -7
45 46 10
45 73 2
45 66 -9
45 58 -7
45 87 -2
45 76 -6
45 64 -6
45 100 9
45 92 6
45 84 -10
45 68 -6
45 96 3
45 97 -1
45 50 -6
45 81 -6
45 56 -5
46 76 -9
46 49 -5
46 65 -10
46 63 -9
46 95 1
46 54 0
46 100 3
46 64 9
46 87 -4
46 77 -5
46 99 3
46 86 1
46 93 -4
46 80 -3
46 81 3
46 78 -1
46 73 -4
46 83 -10
46 74 -8
46 57 -3
46 71 0
46 62 -6
46 88 6
46 59 -9
46 67 -7
46 92 3
46 98 8
47 93 -3
47 96 3
47 52 -7
47 51 -1
47 88 -10
47 99 -9
47 94 4
47 90 3
47 81 -3
47 56 10
47 79 1
47 71 10
47 48 -1
47 58 6
47 72 9
47 91 -2
47 60 -7
47 95 -1
47 76 5
47 82 -9
47 54 7
47 86 -6
47 64 9
47 83 -5
47 73 5
47 80 0
48 55 0
48 84 0
48 56 7
48 57 7
48 52 -10
48 58 -10
48 65 1
48 87 10
48 93 7
48 71 -6
48 86 3
48 96 7
48 51 6
48 66 -6
48 100 -7
48 99 -6
48 88 8
48 54 2
49 67 8
49 52 5
49 66 -5
49 76 0
49 95 -2
49 83 -8
49 78 -7
49 80 3
49 88 -9
49 82 7
49 61 10
49 57 -10
49 69 -1
49 54 -1
49 97 -10
49 77 -5
49 90 10
49 56 1
49 87 10
49 92 -1
49 51 -5
49 89 -7
49 71 6
49 64 10
49 91 1
49 72 -4
49 79 8
49 100 10
50 89 -8
50 90 -6
50 62 3
50 76 1
50 58 -6
50 95 9
50 63 -10
50 99 -3
50 82 -4
50 59 7
50 85 1
50 100 6
50 93 -6
50 57 -5
50 77 6
50 51 9
50 80 7
50 66 -2
50 52 -4
50 70 2
50 94 2
50 91 2
50 98 -1
50 78 -4
50 96 1
50 60 -5
51 99 -1
51 82 -9
51 93 -6
51 66 4
51 87 2
51 81 -2
51 84 8
51 61 -8
51 96 10
51 95 2
51 77 -5
51 72 -1
51 90 -9
51 94 -7
51 62 4
51 65 -8
51 52 1
51 78 4
51 76 -5
51 92 -6
51 85 8
51 58 8
52 59 6
52 65 5
52 93 -5
52 89 7
52 94 3
52 90 4
52 64 9
52 58 -10
52 82 -3
52 56 -7
52 81 6
52 70 0
52 92 4
52 88 3
52 85 -9
52 57 -4
52 71 6
52 76 9
52 60 7
52 72 -2
52 75 -2
52 80 6
52 73 2
52 98 -2
52 96 0
52 67 -9
52 97 5
52 77 -2
53 74 -6
53 54 -8
53 62 -5
53 79 -5
53 96 -7
53 83 -3
53 75 7
53 63 -7
53 56 -3
53 69 -9
53 84 9
53 91 6
53 73 -2
53 80 -5
53 67 -4
53 85 -5
53 59 0
53 72 -2
54 97 7
54 89 -10
54 72 -9
54 91 -4
54 88 1
54 66 -4
54 70 0
54 96 -1
54 80 -7
54 67 -4
54 93 -6
54 86 -6
54 60 -5
54 63 -9
54 73 -3
54 56 3
54 84 2
54 75 -8
54 69 5
54 61 5
54 94 -2
55 56 -8
55 62 -9
55 70 4
55 95 -1
55 89 6
55 91 -9
55 90 -5
55 85 -7
55 64 -9
55 58 5
55 78 -1
55 72 7
55 98 0
55 69 3
55 59 -7
55 84 6
55 96 -9
55 80 -2
55 97 9
55 82 -2
55 87 -4
55 81 6
55 57 10
55 94 -6
56 70 -8
56 58 2
56 88 2
56 71 5
56 95 9
56 93 -3
56 73 -9
56 97 0
56 72 0
56 83 3
56 98 -9
56 74 3
56 76 -5
56 62 -3
56 91 3
56 61 3
56 59 -7
56 66 5
56 60 -3
57 95 10
57 74 8
57 71 2
57 69 8
57 77 10
57 96 -3
57 61 0
57 90 -3
57 80 -9
57 83 0
57 70 9
57 62 -5
57 67 6
57 92 -10
57 91 8
57 88 6
57 73 0
57 63 9
57 64 10
57 59 9
58 75 4
58 87 -1
58 64 5
58 71 7
58 77 -1
58 79 -3
58 68 3
58 73 -3
58 76 5
58 86 -1
58 89 8
58 70 5
58 69 -1
58 93 -4
58 94 10
58 85 -4
58 97 -7
58 100 -10
58 90 3
58 81 10
58 72 -6
58 60 0
58 74 -10
59 86 7
59 99 -9
59 76 -1
59 64 -10
59 80 -9
59 73 6
59 77 -1
59 61 -6
59 60 1
59 70 -1
59 88 -9
59 84 -7
59 90 6
59 85 8
59 67 2
59 89 -8
59 97 -10
59 96 10
59 71 4
59 65 -9
59 98 8
60 93 7
60 94 10
60 97 -7
60 65 6
60 84 1
60 73 -4
60 66 -9
60 67 2
60 64 2
60 82 -10
60 75 -1
60 96 -6
60 78 7
60 100 6
60 68 -4
60 86 -4
60 77 -10
60 88 -8
60 81 -7
61 95 4
61 98 -7
61 80 -9
61 75 0
61 90 -7
61 67 3
61 83 -6
61 78 9
61 70 3
61 94 -6
61 84 -4
61 82 1
61 93 4
61 89 -2
61 85 -7
61 88 -4
61 97 1
61 65 6
61 64 9
61 99 2
61 62 4
61 74 1
61 72 2
62 75 -4
62 66 -9
62 86 -4
62 83 7
62 73 -5
62 89 -4
62 74 4
62 76 6
62 88 -2
62 82 3
62 63 7
62 98 -1
62 79 -1
62 81 1
62 93 -8
62 99 10
62 71 3
62 77 1
63 80 4
63 70 -6
63 69 0
63 90 -6
63 75 -10
63 81 5
63 78 -5
63 68 -2
63 85 6
63 72 -3
63 98 1
63 82 4
63 66 9
63 95 4
63 92 -5
63 65 7
63 84 -8
63 79 -4
63 88 -8
63 87 -2
63 76 0
64 98 -6
64 83 -7
64 72 -1
64 69 -3
64 90 -5
64 84 8
64 85 -2
64 91 -8
64 78 -6
64 89 -6
64 94 -4
64 71 -7
64 81 6
64 82 8
64 92 2
64 80 -7
64 68 0
64 74 1
64 76 -1
64 67 -9
64 70 -4
64 93 -7
65 90 -3
65 75 5
65 77 7
65 93 0
65 89 8
65 96 10
65 79 -2
65 97 9
65 82 -10
65 88 -9
65 70 -8
65 98 -3
65 66 0
65 92 6
65 68 7
66 69 7
66 75 10
66 90 1
66 88 7
66 68 3
66 70 10
66 78 6
66 95 10
66 93 -5
66 91 -1
66 82 7
66 73 -9
66 87 -4
66 94 -9
66 81 -10
66 100 3
66 83 -3
66 85 1
67 80 3
67 98 0
67 88 4
67 74 4
67 86 10
67 95 -3
67 91 8
67 68 -5
67 85 -3
67 90 -4
67 78 -7
67 82 3
67 93 7
67 75 -1
67 96 7
67 84 9
67 79 10
67 73 -6
67 71 3
67 70 -9
67 92 -4
67 69 2
68 69 -7
68 77 -9
68 75 4
68 78 4
68 91 8
68 84 6
68 95 -4
68 96 3
68 79 1
68 71 10
68 74 10
68 81 9
68 88 -5
68 83 3
68 86 -9
68 76 1
68 98 8
68 94 -3
68 70 3
69 96 -3
69 82 9
69 80 -8
69 94 -8
69 100 4
69 85 -4
69 73 -6
69 99 -7
69 70 -9
69 98 -4
69 95 2
70 99 -10
70 75 4
70 89 -6
70 98 -10
70 88 -8
70 92 10
70 73 -10
70 71 -6
70 90 -9
70 87 8
70 83 9
70 86 8
70 79 -9
70 91 4
71 74 8
71 96 -10
71 89 8
71 91 -6
71 100 9
71 97 3
71 80 -10
71 86 -3
71 85 6
71 88 1
71 84 5
71 82 4
71 87 -3
71 81 3
71 79 0
72 91 7
72 79 6
72 81 6
72 95 -2
72 75 -8
72 85 -1
72 82 0
72 96 -3
72 93 2
72 84 6
72 73 7
72 74 4
72 80 3
72 86 -8
72 88 -3
72 76 -6
72 99 -4
72 100 -4
72 78 6
73 82 10
73 77 0
73 88 8
73 96 6
73 98 -5
73 85 7
73 87 -9
73 78 -9
73 84 2
73 95 -9
74 90 1
74 85 2
74 81 -1
74 80 7
74 97 -3
74 86 -3
74 95 8
74 82 0
74 96 -2
74 98 6
74 87 -8
75 98 -2
75 88 -5
75 96 10
75 89 0
75 79 4
75 78 -1
75 77 -2
76 94 9
76 91 0
76 77 3
76 88 10
76 97 -8
76 80 -5
76 100 2
76 78 1
76 89 1
76 85 -6
76 98 8
76 93 5
76 90 -10
76 79 -1
76 84 0
76 82 -2
76 92 4
77 89 2
77 84 8
77 90 9
77 92 7
77 82 -5
77 93 -4
77 99 3
77 98 -1
77 78 -4
77 91 -10
77 94 6
77 83 4
78 94 -9
78 79 -10
78 90 0
78 88 0
78 81 0
78 89 0
78 86 0
78 92 4
78 99 7
78 97 -4
78 85 5
79 91 2
79 94 1
79 93 -6
79 86 9
79 98 2
79 80 0
79 99 5
79 97 -5
79 95 -7
80 97 5
80 93 -10
80 82 -7
80 100 5
80 85 7
80 88 8
80 90 6
80 92 -1
80 95 2
81 94 2
81 93 -8
81 82 -2
81 84 7
81 98 -2
81 89 7
81 95 -5
81 99 9
81 92 -5
82 89 -9
82 96 -10
82 88 9
82 100 -9
82 86 8
82 94 -3
82 90 3
82 83 -9
82 99 -3
82 92 10
82 93 3
82 87 3
83 93 -7
83 94 -7
83 84 -9
83 92 -2
83 96 -10
83 98 -5
84 92 5
84 88 9
84 86 2
84 96 -9
84 87 -5
84 89 4
84 98 -3
84 93 -10
85 92 -2
85 94 -2
85 90 7
85 97 -6
85 89 -1
85 88 1
85 96 0
85 98 8
85 100 -2
86 89 8
86 96 -3
86 97 -4
86 94 8
86 99 0
86 92 -5
86 88 9
87 98 -2
87 100 4
87 93 -10
87 99 1
87 95 -3
87 88 7
87 92 -1
88 97 7
89 90 9
89 91 -3
89 92 6
89 99 -1
90 94 6
90 92 -2
90 96 -6
90 98 5
91 94 -1
91 97 -2
92 97 7
92 99 -1
92 95 -5
93 100 6
95 100 0
95 97 -10
96 100 0
96 98 -8
96 97 1
96 99 -7
97 99 -3
98 100 -2
99 100 -9
