100 2475 
1 88 -7
1 83 7
1 79 -8
1 96 2
1 44 2
1 95 -3
1 48 8
1 25 -3
1 21 6
1 11 9
1 71 10
1 100 -8
1 74 3
1 41 -6
1 73 -10
1 23 7
1 13 -8
1 51 3
1 97 -3
1 66 2
1 92 -4
1 26 4
1 52 3
1 15 -6
1 65 4
1 84 -6
1 64 -10
1 50 6
1 45 -9
1 76 7
1 18 5
1 61 4
1 30 7
1 2 10
1 4 -6
1 72 9
1 28 -8
1 35 -10
1 29 6
1 77 -8
1 38 -7
2 40 -8
2 85 10
2 58 -3
2 50 4
2 45 -4
2 55 -3
2 77 8
2 76 -9
2 64 -1
2 28 -9
2 51 -2
2 32 2
2 12 2
2 46 1
2 68 9
2 11 7
2 78 2
2 96 9
2 98 -1
2 37 2
2 42 -10
2 54 7
2 8 6
2 19 -9
2 60 -3
2 49 4
2 7 8
2 87 10
2 97 2
2 88 0
2 99 8
2 22 0
2 70 0
2 34 8
2 43 7
2 38 0
2 16 -8
2 84 -3
2 75 -3
2 47 -8
2 24 1
2 17 6
2 53 -5
2 65 8
2 91 10
2 10 1
3 78 -8
3 23 8
3 96 3
3 67 -1
3 26 6
3 79 -5
3 21 1
3 70 -1
3 59 -3
3 61 -7
3 93 10
3 4 5
3 58 2
3 76 -4
3 43 1
3 52 8
3 90 -1
3 45 -6
3 72 0
3 27 -8
3 12 9
3 41 -9
3 9 -6
3 17 3
3 32 -1
3 7 6
3 22 1
3 8 5
3 16 4
3 30 4
3 66 -6
3 91 -2
3 42 6
3 64 3
3 82 4
3 65 4
3 15 7
3 20 8
3 68 5
3 10 2
3 37 4
3 88 -6
3 89 -8
3 86 -6
3 25 4
3 63 -9
3 18 -3
3 81 -2
4 47 -2
4 46 9
4 13 -2
4 34 5
4 29 9
4 91 -1
4 27 5
4 8 -2
4 61 -4
4 51 5
4 36 -8
4 89 -4
4 18 -5
4 62 5
4 17 6
4 100 -4
4 15 9
4 74 -4
4 56 8
4 44 3
4 94 7
4 9 -7
4 83 -8
4 57 10
4 69 7
4 40 5
4 14 -2
4 76 1
4 73 10
4 25 -2
4 33 3
4 37 6
4 30 2
4 67 -3
4 97 8
4 54 6
4 80 -1
4 49 -8
4 65 1
4 99 -5
4 45 -1
4 86 -2
4 71 -9
4 63 -7
4 10 -5
4 41 -1
4 77 -7
4 92 -2
4 16 4
4 19 7
4 43 -2
4 39 5
5 88 3
5 50 9
5 79 -10
5 61 6
5 41 -4
5 7 -6
5 29 8
5 10 -10
5 87 -5
5 34 -8
5 90 10
5 6 3
5 20 -4
5 28 -2
5 39 3
5 46 4
5 56 3
5 59 -2
5 70 1
5 19 -4
5 82 3
5 76 -4
5 23 9
5 99 -9
5 33 -1
5 25 1
5 89 -2
5 11 3
5 53 5
5 95 -4
5 71 8
5 69 -10
5 9 8
5 92 3
5 49 10
5 55 -6
5 44 -9
5 60 -5
5 91 -5
5 45 0
5 63 3
6 85 -3
6 11 -8
6 51 0
6 17 8
6 32 -6
6 12 9
6 83 5
6 55 2
6 44 6
6 96 1
6 82 -3
6 67 4
6 41 3
6 98 -10
6 18 3
6 13 1
6 22 -8
6 25 7
6 56 0
6 48 -4
6 77 5
6 80 3
6 37 10
6 86 2
6 29 -4
6 59 -7
6 90 10
6 45 1
6 73 8
6 81 -3
6 63 3
6 60 10
6 65 -2
6 66 10
6 91 -3
6 69 -5
6 57 6
6 94 7
6 97 -8
6 31 0
6 8 -10
6 74 -9
6 15 9
6 34 9
6 16 -5
6 76 -2
6 99 -9
6 92 -8
6 50 8
6 26 -9
6 79 -7
6 61 8
6 87 2
7 20 -2
7 82 4
7 27 -10
7 21 -7
7 96 4
7 15 2
7 23 2
7 93 -7
7 10 7
7 55 10
7 28 2
7 13 -7
7 26 10
7 97 3
7 33 6
7 19 -10
7 8 -8
7 91 9
7 34 1
7 16 -6
7 18 -5
7 31 -10
7 81 0
7 22 6
7 65 -6
7 88 10
7 77 -3
7 76 -9
7 12 9
7 38 -2
7 92 5
7 36 8
7 43 -10
7 100 3
7 61 -4
7 99 0
7 85 0
7 79 -9
7 17 8
7 42 -8
7 50 1
8 87 5
8 11 2
8 74 5
8 61 -5
8 93 -2
8 94 -3
8 40 8
8 14 -2
8 48 -10
8 76 -1
8 70 1
8 25 6
8 69 7
8 95 4
8 21 -5
8 71 9
8 56 1
8 66 -5
8 47 9
8 78 -9
8 63 -3
8 77 4
8 19 0
8 33 -3
8 92 -1
8 12 -3
8 84 10
8 99 -9
8 80 -9
8 64 3
8 28 1
8 37 4
8 44 -8
8 30 -1
8 16 1
8 98 0
8 53 -7
8 29 9
9 94 -5
9 71 8
9 72 2
9 87 -10
9 100 8
9 12 1
9 17 -5
9 13 0
9 25 -3
9 73 5
9 32 -7
9 91 7
9 74 -10
9 19 2
9 54 7
9 69 -2
9 23 4
9 66 -5
9 43 -1
9 37 8
9 78 5
9 18 3
9 15 -1
9 42 8
9 11 -1
9 14 -8
9 80 -10
9 31 6
9 60 10
9 49 0
9 10 -8
9 79 -2
9 92 10
9 30 -2
9 44 4
9 29 7
9 86 -5
9 90 6
9 56 -3
9 39 10
9 88 -7
9 93 1
9 36 -1
9 22 9
9 84 7
9 67 9
9 89 5
9 26 -6
9 41 10
9 45 -10
9 46 1
9 20 8
9 50 9
10 93 -3
10 71 2
10 54 8
10 74 10
10 69 -7
10 14 2
10 53 -8
10 36 7
10 40 4
10 85 -3
10 80 1
10 95 -6
10 41 -10
10 89 -10
10 75 -9
10 16 -5
10 97 -7
10 87 -10
10 63 -3
10 88 7
10 19 -6
10 79 9
10 11 4
10 96 2
10 27 7
10 45 -1
10 58 8
10 61 10
10 46 0
10 18 6
10 38 5
10 17 -5
10 37 8
10 94 10
10 83 -6
10 35 -5
10 39 8
10 78 4
10 91 9
10 62 -6
10 64 -2
10 66 -2
10 33 -1
10 24 -6
10 77 -5
10 84 -8
11 90 -3
11 15 -8
11 87 6
11 95 -10
11 85 4
11 27 -7
11 26 1
11 22 -10
11 36 -5
11 19 -5
11 42 -3
11 64 1
11 70 8
11 20 -5
11 32 7
11 86 -5
11 93 -1
11 24 2
11 45 10
11 13 2
11 62 7
11 92 -3
11 94 -6
11 23 9
11 60 2
11 54 9
11 66 -9
11 29 -6
11 51 -2
11 38 8
11 16 -10
11 41 8
11 40 6
11 61 -8
11 56 -3
11 88 -2
11 39 1
11 76 8
11 43 -2
11 35 -5
11 69 -1
11 58 8
11 75 -4
11 14 -6
11 59 0
11 89 7
11 30 -7
11 18 7
11 91 0
11 46 -2
12 81 -10
12 58 6
12 25 7
12 50 5
12 52 -6
12 51 -9
12 72 4
12 38 -8
12 74 -7
12 57 0
12 85 1
12 96 3
12 32 0
12 60 2
12 70 9
12 63 -10
12 88 4
12 15 -10
12 62 8
12 47 -7
12 29 1
12 98 -6
12 36 7
12 49 -8
12 37 0
12 20 4
12 77 0
12 21 3
12 35 -10
12 43 -2
12 42 1
12 54 4
12 100 8
12 28 -6
12 19 5
12 95 -10
12 44 3
12 71 4
12 24 -1
12 56 -3
12 65 -4
12 22 -10
13 32 -9
13 57 0
13 84 4
13 39 8
13 54 -9
13 83 -10
13 72 5
13 31 -2
13 61 -9
13 76 8
13 99 10
13 27 1
13 65 4
13 79 5
13 96 2
13 53 -7
13 35 -5
13 71 9
13 42 -7
13 52 1
13 59 -1
13 82 -9
13 30 -8
13 90 1
13 58 9
13 34 9
13 74 2
13 93 2
13 64 7
13 56 -4
13 19 2
13 89 -8
13 85 8
13 17 -2
13 20 8
13 51 -9
13 15 7
13 98 -4
13 38 -4
13 41 6
13 88 0
13 23 -4
13 91 -10
13 16 -7
13 44 6
13 97 -6
14 59 0
14 18 -10
14 51 7
14 16 2
14 46 -8
14 47 -1
14 49 -4
14 88 3
14 76 -5
14 60 -7
14 35 -8
14 25 6
14 77 -2
14 53 0
14 75 -8
14 54 -7
14 92 -3
14 31 4
14 52 -5
14 58 -9
14 63 1
14 28 8
14 98 -7
14 90 4
14 86 -1
14 61 5
14 62 4
14 27 2
14 19 -9
14 17 -4
14 33 -1
14 22 6
14 79 6
14 37 9
14 66 -2
14 100 -10
14 82 2
14 78 4
14 68 -10
14 95 2
14 73 -7
14 55 -2
15 45 5
15 59 -10
15 69 -10
15 53 7
15 46 4
15 49 9
15 70 7
15 48 3
15 35 -3
15 90 2
15 98 2
15 77 -7
15 79 3
15 18 -1
15 34 6
15 91 -10
15 33 1
15 78 2
15 30 -10
15 82 -5
15 80 8
15 66 3
15 75 2
15 38 6
15 64 -4
15 43 3
15 71 3
15 28 3
15 22 7
15 36 -1
15 42 -4
15 20 -4
15 62 -1
15 74 -10
15 97 -7
15 17 3
15 47 -6
15 23 -4
15 86 -3
15 95 -2
15 51 3
15 87 -3
15 27 -4
15 57 2
15 58 6
16 35 5
16 61 2
16 59 -1
16 28 0
16 21 8
16 97 8
16 45 0
16 92 -1
16 84 -10
16 85 -2
16 54 -9
16 68 3
16 46 3
16 86 7
16 72 1
16 38 2
16 27 -7
16 95 0
16 96 -4
16 56 -9
16 17 5
16 73 -10
16 42 10
16 47 -10
16 57 -7
16 69 -1
16 19 10
16 71 3
16 41 5
16 66 7
16 20 9
16 24 7
16 39 -7
16 90 4
16 18 -6
16 32 -6
16 33 -8
16 49 -10
16 29 9
16 25 -10
16 83 4
16 40 3
16 75 -1
16 63 -8
16 82 10
16 51 9
16 77 10
16 22 -1
16 30 -7
16 58 1
16 94 2
16 89 4
16 100 9
16 78 5
16 52 -9
17 41 7
17 51 1
17 52 -8
17 57 -6
17 86 -1
17 48 3
17 78 5
17 23 9
17 45 -1
17 19 5
17 97 6
17 98 -8
17 63 -10
17 58 -4
17 83 7
17 68 -5
17 99 10
17 76 -6
17 18 8
17 29 -9
17 50 4
17 28 0
17 40 8
17 30 7
17 55 9
17 38 -7
17 89 -1
17 72 -2
17 42 -1
17 46 -3
17 39 -3
17 47 6
17 56 -5
17 100 1
17 60 5
17 49 -2
17 66 -6
17 94 -6
17 70 7
17 65 3
17 27 5
17 96 -9
17 67 1
18 20 -8
18 55 4
18 53 -10
18 34 5
18 69 -5
18 94 0
18 45 -10
18 64 1
18 46 10
18 25 -3
18 26 7
18 93 2
18 78 -9
18 62 9
18 56 -5
18 100 2
18 57 9
18 90 -10
18 48 7
18 72 -6
18 95 -2
18 58 -9
18 21 2
18 23 9
18 68 -10
18 33 -4
18 29 9
18 61 -3
18 28 -4
18 39 4
18 71 1
18 92 -9
18 87 7
18 31 2
18 50 9
18 66 0
18 80 8
18 70 3
18 52 8
18 91 5
18 54 3
18 37 5
19 78 -10
19 31 -8
19 89 10
19 42 5
19 76 9
19 100 8
19 20 -8
19 39 5
19 59 0
19 96 0
19 48 -4
19 85 -8
19 37 -10
19 60 -4
19 82 2
19 75 -10
19 30 -10
19 35 4
19 68 8
19 53 -10
19 73 2
19 94 9
19 77 6
19 81 1
19 62 -3
19 47 6
19 57 -4
19 45 7
19 65 7
19 44 3
19 54 -8
19 71 2
19 92 -1
19 74 -5
19 23 1
19 70 10
19 41 3
19 72 7
20 28 -6
20 97 -8
20 42 5
20 62 2
20 81 5
20 24 -10
20 59 10
20 49 -7
20 87 2
20 61 -4
20 65 -3
20 63 -2
20 25 3
20 37 -1
20 75 6
20 31 -4
20 69 9
20 90 -3
20 76 8
20 52 -4
20 32 6
20 56 10
20 94 6
20 22 0
20 41 -7
20 51 -7
20 88 -4
20 93 0
20 96 -9
20 23 -5
20 78 2
20 98 -8
20 40 -2
20 68 6
20 58 -2
20 21 -5
20 84 -10
20 70 9
20 27 -3
20 46 -6
20 71 -5
20 34 4
20 57 -5
20 44 4
20 72 -9
20 60 -9
21 89 -8
21 65 5
21 40 2
21 62 -1
21 57 -4
21 100 7
21 96 -7
21 82 8
21 42 7
21 64 0
21 45 5
21 23 -3
21 37 -4
21 77 3
21 99 -8
21 93 6
21 39 2
21 98 4
21 87 -2
21 59 4
21 63 1
21 71 3
21 24 8
21 84 8
21 51 1
21 94 -2
21 50 10
21 95 -10
21 66 -3
21 68 6
21 85 1
21 29 -10
21 36 9
21 31 -10
21 55 2
22 63 -4
22 45 -1
22 33 8
22 48 -9
22 35 -5
22 31 6
22 55 5
22 97 5
22 44 2
22 39 4
22 37 -9
22 86 7
22 67 8
22 28 7
22 51 3
22 83 0
22 27 10
22 82 -9
22 36 -8
22 62 1
22 54 6
22 32 2
22 60 -5
22 46 2
22 79 -10
22 47 -7
22 38 -6
22 41 -6
22 43 -1
22 74 -1
22 56 4
22 40 -9
22 64 9
22 58 4
22 70 10
22 95 -6
22 49 2
23 74 -2
23 35 5
23 60 -4
23 36 -2
23 100 5
23 69 -9
23 57 1
23 54 -1
23 42 -5
23 97 -4
23 55 8
23 33 -9
23 84 9
23 94 6
23 90 10
23 30 -9
23 44 5
23 66 -10
23 59 1
23 71 -9
23 82 -6
23 67 10
23 73 7
23 28 -3
23 25 5
23 53 8
23 63 -8
23 58 8
23 72 -7
23 76 8
23 99 -9
23 68 -7
23 87 3
23 64 6
23 27 -7
23 89 -2
23 56 8
23 91 8
23 24 -7
23 51 10
23 92 -4
24 43 4
24 39 6
24 78 0
24 44 6
24 61 -6
24 74 1
24 65 -1
24 73 -8
24 42 8
24 86 0
24 49 7
24 38 9
24 77 -9
24 82 7
24 48 4
24 79 -10
24 40 7
24 88 7
24 47 6
24 68 -5
24 34 6
24 33 5
24 46 5
24 30 -5
24 95 4
24 75 -4
24 56 3
24 37 3
24 57 0
24 59 -4
24 81 3
24 98 -6
24 69 7
24 70 0
24 100 -8
24 52 7
24 87 -3
25 89 3
25 62 1
25 47 1
25 49 4
25 75 -5
25 29 -6
25 45 3
25 86 2
25 43 -8
25 48 0
25 74 -7
25 72 -6
25 57 6
25 88 -2
25 63 -7
25 53 2
25 46 8
25 99 -8
25 34 7
25 98 7
25 52 2
25 26 -8
25 68 -5
25 55 0
25 27 7
25 65 -6
25 39 -3
25 30 1
25 66 5
25 90 10
25 44 -5
25 83 2
25 73 -9
25 100 -5
26 83 5
26 68 10
26 66 3
26 91 0
26 53 5
26 49 2
26 92 -8
26 78 -5
26 55 -4
26 73 8
26 86 -8
26 32 5
26 41 -2
26 45 -9
26 88 6
26 67 -9
26 36 -4
26 65 1
26 69 5
26 46 10
26 31 -7
26 29 -1
26 28 1
26 42 -10
26 71 3
26 74 3
27 95 -9
27 90 3
27 71 3
27 98 2
27 62 8
27 67 -8
27 82 0
27 78 -1
27 73 1
27 86 -10
27 45 -6
27 46 -5
27 93 10
27 100 -7
27 52 1
27 94 -9
27 99 0
27 60 8
27 61 -4
27 68 -6
27 39 -8
27 69 3
27 76 -9
27 54 3
27 70 -5
27 53 -10
27 96 -9
27 36 3
27 38 5
27 75 -9
27 58 7
27 59 -1
27 28 10
27 40 -5
27 41 0
27 33 3
27 31 4
28 78 -8
28 95 9
28 62 -10
28 57 -3
28 90 -8
28 74 2
28 43 -9
28 99 -6
28 100 3
28 31 2
28 82 8
28 77 0
28 88 9
28 97 -10
28 80 0
28 42 6
28 55 -8
28 83 5
28 73 6
28 54 6
28 52 -10
28 48 0
28 75 -5
28 81 2
28 65 -6
28 56 -9
28 39 -6
28 86 -2
28 89 -4
28 40 0
28 51 7
28 72 10
28 53 4
29 98 10
29 86 8
29 34 2
29 87 -3
29 30 1
29 61 -9
29 44 -3
29 60 3
29 35 -10
29 51 -2
29 52 10
29 76 3
29 94 -8
29 90 5
29 71 1
29 50 -4
29 69 0
29 33 -3
29 82 3
29 74 9
29 83 8
29 56 1
29 65 0
29 46 4
29 41 0
29 91 4
29 57 -3
29 75 7
29 73 9
29 36 -1
29 88 8
29 93 3
29 31 -3
29 80 -10
30 56 -7
30 48 -1
30 57 3
30 96 -9
30 58 -9
30 67 2
30 44 8
30 94 3
30 64 -4
30 41 8
30 70 -6
30 69 -7
30 100 3
30 86 -3
30 60 3
30 51 6
30 46 8
30 83 8
30 40 -7
30 71 8
30 32 8
30 34 -9
30 76 3
30 78 0
30 93 6
30 43 2
30 91 10
30 92 5
30 37 -9
30 35 -5
30 85 9
30 95 -7
30 52 5
30 55 5
31 84 -9
31 97 1
31 63 2
31 94 7
31 35 4
31 70 5
31 91 -1
31 44 5
31 82 8
31 52 10
31 64 -4
31 80 9
31 98 -5
31 92 -7
31 87 0
31 81 -4
31 32 -9
31 68 4
31 69 -9
31 65 -2
31 36 8
31 66 -6
31 74 6
31 88 -10
31 57 -6
31 41 3
31 42 4
31 39 10
31 67 5
31 100 -8
31 61 6
31 38 -4
31 58 6
31 60 3
31 33 -2
31 55 2
32 66 -1
32 100 -4
32 47 -1
32 43 3
32 34 -2
32 72 -6
32 58 4
32 99 -9
32 81 -5
32 76 10
32 77 4
32 37 3
32 35 8
32 39 -1
32 44 9
32 48 9
32 91 -10
32 33 -4
32 79 -6
32 56 -10
32 60 0
32 40 -8
32 38 10
32 65 -9
32 85 -1
32 69 4
32 41 1
32 55 -9
32 87 8
32 59 -10
32 89 6
33 93 -5
33 46 8
33 62 -4
33 86 1
33 89 5
33 80 6
33 68 -4
33 70 4
33 47 6
33 91 3
33 58 -2
33 54 1
33 48 -10
33 55 -5
33 79 -9
33 52 9
33 37 9
33 53 2
33 60 2
33 74 0
33 36 9
33 35 -8
33 100 -2
33 72 -5
33 41 -8
33 81 -2
33 96 -6
33 99 8
33 61 -1
33 75 -10
33 85 6
33 73 7
33 92 -8
33 97 2
33 88 0
33 50 2
34 55 -4
34 94 0
34 56 3
34 39 -9
34 75 7
34 98 1
34 86 -6
34 61 7
34 69 8
34 62 1
34 100 -10
34 87 -1
34 99 -3
34 80 -10
34 82 -5
34 92 6
34 49 -5
34 93 5
34 48 -9
34 64 -10
34 73 9
34 71 -9
34 40 5
34 66 -7
34 81 6
34 97 -4
34 57 -8
34 38 1
34 46 -1
34 95 -3
34 90 2
34 85 0
34 79 -9
34 43 -8
34 67 3
34 53 7
34 70 -1
34 91 9
34 84 2
35 59 -4
35 93 5
35 69 -4
35 92 7
35 95 -5
35 85 10
35 71 -3
35 61 7
35 90 2
35 73 -10
35 89 -8
35 70 2
35 99 -3
35 79 -4
35 86 -9
35 91 10
35 44 1
35 68 -6
35 43 -9
35 100 -4
35 55 -6
35 53 -5
35 75 6
35 76 9
35 47 5
35 57 0
35 72 -8
35 81 1
35 94 8
35 60 -1
35 65 8
35 49 -7
35 67 -10
36 49 9
36 93 -9
36 42 -4
36 45 4
36 38 -10
36 71 4
36 82 7
36 70 0
36 64 -5
36 41 3
36 52 -8
36 83 -8
36 92 -10
36 60 8
36 37 5
36 46 -7
36 84 -5
36 39 8
36 76 10
36 65 1
36 75 5
36 91 -7
36 44 5
36 66 -3
36 55 7
36 48 -10
36 62 7
36 63 -3
36 53 -9
36 59 -7
36 72 -1
36 57 -2
36 51 -9
37 80 2
37 53 -1
37 66 -3
37 99 -1
37 50 7
37 91 6
37 69 9
37 54 10
37 76 8
37 48 8
37 49 9
37 40 -6
37 61 -1
37 78 4
37 56 0
37 92 2
37 38 7
37 79 -1
37 85 3
37 72 -4
37 59 10
37 93 -10
37 94 9
37 52 9
37 88 -2
37 86 -5
37 44 -6
37 82 4
37 75 -2
37 65 -10
37 81 -5
37 71 -3
38 48 -5
38 42 8
38 59 -5
38 90 6
38 69 -1
38 60 0
38 92 9
38 93 -10
38 99 -6
38 62 3
38 96 -2
38 89 -1
38 77 -6
38 78 -10
38 94 -8
38 54 -5
38 64 9
38 58 -1
38 50 9
38 49 -10
38 79 -1
38 56 0
38 74 -8
38 68 -2
38 97 8
38 63 -3
38 40 6
38 71 -8
38 75 -2
38 66 4
38 52 -3
38 70 8
39 66 6
39 40 -10
39 93 -1
39 77 7
39 75 1
39 99 -3
39 97 5
39 95 8
39 78 -10
39 81 -10
39 50 -5
39 58 5
39 83 -1
39 61 1
39 46 -1
39 60 8
39 64 1
39 89 -8
39 98 3
39 44 10
39 69 -1
39 45 -9
39 88 -1
39 85 5
39 55 5
39 96 -7
39 84 -9
39 52 -9
39 86 -9
39 94 9
39 90 -2
39 43 -4
39 71 10
39 65 5
39 67 -9
39 41 -5
40 44 4
40 50 -2
40 72 0
40 51 1
40 97 7
40 70 -8
40 59 -7
40 56 1
40 86 4
40 60 -4
40 42 -10
40 49 3
40 61 -7
40 79 -6
40 94 5
40 91 -2
40 99 1
40 85 -8
40 58 3
40 77 -10
40 55 6
40 93 4
40 67 0
40 74 -9
40 69 -1
40 98 7
40 73 6
40 41 -2
40 84 3
41 44 7
41 49 2
41 47 -2
41 60 2
41 88 -1
41 93 8
41 71 3
41 91 6
41 58 -6
41 89 8
41 55 -4
41 48 -6
41 92 -4
41 87 1
41 95 4
41 72 2
41 61 -4
41 96 -10
41 69 0
41 97 -5
41 99 0
41 80 -10
41 78 -3
42 66 -8
42 72 3
42 58 -5
42 60 -9
42 67 -9
42 90 -10
42 97 -8
42 54 9
42 78 -3
42 52 -1
42 91 -8
42 89 -7
42 83 8
42 100 -7
42 88 -6
42 64 -7
42 79 4
42 45 8
42 76 -9
42 56 2
42 69 4
42 71 -10
42 65 -4
42 81 3
42 57 3
42 61 1
42 94 -8
42 59 3
42 73 -1
42 47 2
42 63 1
42 50 9
42 99 6
43 50 10
43 90 7
43 49 2
43 56 -8
43 65 10
43 99 1
43 95 4
43 83 -3
43 66 -7
43 88 3
43 72 6
43 64 -10
43 78 10
43 73 -2
43 77 -8
43 97 -4
43 48 -7
43 74 -8
43 100 6
43 53 9
43 46 -4
43 60 -6
43 51 6
43 45 -8
43 82 5
43 54 4
43 62 -8
43 58 -1
43 55 9
43 68 -8
44 54 -6
44 97 8
44 75 5
44 94 4
44 67 -1
44 84 -2
44 72 4
44 89 -2
44 78 0
44 82 -8
44 86 8
44 60 0
44 88 0
44 47 2
44 65 5
44 95 -7
44 81 -1
44 91 1
44 93 3
44 49 0
44 80 -9
44 64 2
44 100 -6
44 63 7
44 90 -5
44 62 6
44 99 10
44 68 1
44 59 10
45 99 -9
45 46 2
45 62 3
45 81 -1
45 63 -5
45 56 -1
45 69 -3
45 100 2
45 49 7
45 96 4
45 98 10
45 61 -3
45 59 -10
45 48 0
45 47 -4
45 77 -4
45 73 10
45 86 -7
45 54 1
45 74 7
45 85 -6
45 60 10
45 70 -9
45 95 -7
45 92 9
45 66 -9
45 83 -7
45 58 -10
45 64 -10
46 64 -6
46 90 -1
46 47 -1
46 87 -7
46 66 7
46 80 -7
46 75 10
46 60 -5
46 97 5
46 96 2
46 50 5
46 77 -1
46 81 -7
46 48 -5
46 55 -2
46 94 1
46 91 5
46 67 -7
46 92 -2
46 58 -8
46 57 -7
46 61 -7
46 70 5
46 62 1
46 89 -3
46 98 -7
46 59 -8
46 63 -5
47 96 9
47 98 -4
47 89 -6
47 70 8
47 78 8
47 54 -8
47 60 -7
47 64 0
47 93 -5
47 88 3
47 99 -6
47 56 -8
47 57 -4
47 87 0
47 73 -6
47 52 -9
47 91 3
47 85 -3
47 82 -7
47 65 1
47 69 -6
47 81 7
47 49 -9
47 61 -1
47 67 5
48 99 -5
48 96 -9
48 83 4
48 97 2
48 86 0
48 59 4
48 87 -6
48 84 5
48 79 7
48 54 7
48 68 -2
48 56 -8
48 61 9
48 93 6
48 77 -6
48 52 9
48 65 0
48 60 -7
48 55 1
48 63 8
48 72 -1
48 66 10
48 90 3
48 78 -1
48 100 5
48 92 -3
49 65 3
49 76 4
49 96 -9
49 52 9
49 72 -4
49 56 8
49 60 4
49 57 1
49 78 1
49 50 5
49 80 5
49 87 -8
49 79 7
49 77 -8
49 97 -7
49 58 2
49 100 -4
49 92 3
49 68 9
49 86 -8
49 81 -3
49 93 10
49 98 -8
49 90 -4
49 67 7
49 70 2
49 63 -9
50 67 -3
50 72 3
50 59 1
50 90 3
50 97 -3
50 82 -1
50 98 -2
50 70 1
50 68 -2
50 53 1
50 77 3
50 87 -9
50 76 1
50 93 -10
50 66 8
50 91 -2
50 89 10
50 51 -2
50 54 -2
50 99 -9
50 80 -3
50 83 0
50 65 -5
50 55 -10
50 58 -8
50 94 -8
50 86 -8
50 79 -8
50 64 2
51 93 -1
51 78 9
51 64 -3
51 72 7
51 97 10
51 57 -4
51 66 5
51 59 6
51 88 -2
51 95 -8
51 55 -10
51 84 -7
51 70 -7
51 68 1
51 56 2
51 85 -10
51 60 2
51 92 3
51 74 10
51 63 -9
51 67 5
51 89 3
51 86 -5
51 52 -9
51 94 -5
51 91 -7
51 73 2
52 81 0
52 86 9
52 72 -2
52 74 7
52 78 8
52 73 -1
52 92 3
52 77 -8
52 69 6
52 75 -9
52 61 3
52 85 -8
52 91 -4
52 84 -7
52 83 -4
52 55 -7
52 89 -2
52 64 -3
52 98 0
52 80 -9
52 63 8
52 88 -1
52 65 9
52 70 6
52 60 -5
52 54 -2
52 97 9
52 93 9
53 63 -8
53 79 7
53 59 2
53 84 8
53 67 -7
53 82 -8
53 86 0
53 95 -1
53 97 10
53 61 5
53 58 7
53 74 -3
53 94 -2
53 72 3
53 99 -5
53 81 -6
53 90 1
53 75 -3
53 91 10
53 96 5
54 100 -10
54 91 5
54 85 -6
54 75 6
54 63 -1
54 81 -6
54 67 8
54 59 -9
54 86 9
54 61 -4
54 98 -3
54 96 -1
54 65 1
54 88 -2
54 56 -4
55 63 7
55 80 6
55 94 -10
55 60 -1
55 73 9
55 57 -7
55 87 -4
55 64 -8
55 70 -3
55 69 7
55 91 -10
55 98 -9
55 67 -2
55 93 9
55 85 -9
55 66 7
55 74 1
55 97 -1
56 71 4
56 100 -10
56 78 -3
56 66 5
56 57 7
56 89 -1
56 85 3
56 68 5
56 63 -9
56 70 -6
56 58 -5
56 74 9
56 87 -4
56 98 4
56 81 5
56 97 -6
56 80 -5
56 88 -7
56 92 -8
56 83 6
56 95 -6
56 94 8
56 93 7
57 100 10
57 66 -3
57 94 9
57 91 8
57 67 -8
57 79 6
57 78 -1
57 84 1
57 61 -2
57 65 1
57 70 -3
57 58 7
57 82 9
57 88 1
57 99 6
57 96 6
57 98 1
57 86 -10
57 63 -9
57 81 -1
57 69 2
57 83 6
58 69 10
58 71 -6
58 72 8
58 60 10
58 82 10
58 84 2
58 89 -6
58 85 -8
58 77 3
58 67 -8
58 94 -7
58 87 10
58 93 -6
58 98 3
58 96 0
58 76 7
58 99 1
58 83 -10
58 68 1
58 97 -6
58 88 -7
59 87 7
59 69 -4
59 74 1
59 60 4
59 63 3
59 68 -3
59 76 -3
59 83 2
59 85 2
59 93 -8
59 96 3
59 78 7
59 91 -1
59 80 1
59 64 -7
59 89 -7
60 77 -6
60 95 -1
60 70 5
60 63 -8
60 65 5
60 81 1
60 84 -8
60 68 -8
60 79 -8
60 76 -8
60 73 -7
60 75 -9
60 97 2
60 85 9
60 66 9
60 83 1
60 88 -4
60 92 -6
60 89 -3
60 87 -8
60 67 3
60 100 7
60 96 8
61 76 7
61 65 -10
61 98 -3
61 66 7
61 74 -9
61 79 -8
61 67 -6
61 89 0
61 94 -1
61 75 6
61 63 -6
61 62 1
61 93 -1
61 77 -9
61 64 -2
61 70 2
61 81 -6
61 95 -10
61 88 7
61 80 3
62 64 2
62 92 3
62 75 2
62 63 8
62 98 0
62 97 -1
62 74 10
62 91 -3
62 69 -7
62 85 -9
62 84 8
62 99 7
62 86 -6
62 87 5
62 73 5
62 89 -8
62 93 4
62 88 2
63 82 9
63 86 2
63 65 5
63 79 -4
63 64 5
63 100 -7
63 93 -9
63 81 7
63 76 8
63 75 5
63 77 -8
63 69 4
63 99 4
63 84 2
63 68 -4
63 72 0
63 89 -4
64 88 -3
64 96 -10
64 79 7
64 73 -8
64 82 4
64 89 -9
64 94 6
64 81 -1
64 93 9
64 100 -10
64 71 -5
64 91 0
64 95 10
64 92 2
64 98 10
64 84 -1
64 69 -3
64 74 7
64 66 3
65 86 9
65 100 2
65 82 -8
65 99 -4
65 98 -3
65 81 0
65 69 2
65 96 7
65 77 -3
65 73 0
65 97 -7
65 75 -1
65 66 -9
65 74 3
65 78 6
65 95 10
66 85 -9
66 89 2
66 68 0
66 91 -1
66 72 -5
66 73 10
66 70 -6
66 69 -4
66 86 5
66 67 -8
66 75 1
66 78 -4
66 98 3
66 99 -8
66 94 8
66 87 -7
66 71 -10
66 83 6
66 80 -10
66 82 -1
66 76 8
67 79 4
67 95 10
67 69 6
67 99 10
67 97 1
67 92 -1
67 84 8
67 87 -2
67 70 0
67 71 7
67 86 -8
67 81 -1
67 77 6
67 88 8
67 72 -8
67 93 -2
67 80 8
68 88 9
68 100 -9
68 85 10
68 86 1
68 80 -1
68 84 -9
68 93 -6
68 81 -3
68 95 0
68 69 9
68 94 7
68 96 1
68 83 -3
68 89 4
69 81 1
69 88 3
69 90 1
69 75 0
69 82 1
69 92 7
69 99 -8
69 84 -3
69 79 10
69 77 -9
69 80 7
69 86 8
69 91 3
69 100 4
69 95 10
69 89 -2
70 84 -4
70 73 -5
70 92 -3
70 94 1
70 76 4
70 85 5
70 95 -6
70 93 0
70 75 -8
70 97 -7
70 78 -1
70 79 -4
70 81 -4
70 99 -3
70 74 0
70 88 5
71 95 1
71 78 9
71 87 2
71 90 -1
71 98 -2
71 82 3
71 93 -7
71 72 9
71 96 3
71 94 -4
71 97 3
71 91 -8
71 92 5
71 88 2
71 79 -7
71 77 4
72 75 -10
72 95 -6
72 93 -1
72 87 4
72 89 -5
72 92 -6
72 78 -2
72 98 6
72 99 10
72 79 -10
72 90 1
72 80 -8
73 78 -2
73 77 -3
73 92 10
73 98 2
73 94 -5
73 79 5
73 89 -1
73 96 8
73 93 7
73 88 8
73 97 -10
74 93 1
74 95 -1
74 83 -2
74 76 2
74 92 -5
74 86 -4
74 78 -7
74 96 -4
74 77 8
74 87 6
74 100 3
74 98 -5
74 80 6
74 79 -5
75 89 5
75 93 9
75 92 -5
75 80 -6
75 83 -3
75 100 5
75 96 -3
75 82 8
75 91 9
76 78 8
76 86 -4
76 99 -5
76 90 3
76 96 3
76 83 3
76 92 10
76 84 -9
76 89 8
76 98 8
76 94 -1
76 85 10
76 93 -7
76 79 3
77 82 -8
77 100 6
77 93 7
77 88 -2
77 80 7
77 78 -5
77 85 7
77 89 -7
77 92 8
77 91 -5
77 79 -9
77 98 -1
77 81 -7
78 98 -8
78 90 2
78 84 -6
78 92 5
78 89 -8
78 86 9
78 99 -7
78 97 6
78 87 0
78 96 1
78 79 5
78 85 -8
78 82 3
78 81 10
79 91 4
79 82 -6
79 95 -8
79 97 -8
79 89 -6
79 84 7
80 87 -6
80 95 -6
80 94 5
80 90 -3
80 81 6
80 88 -1
80 91 3
80 97 2
80 84 -9
80 99 -9
81 93 -1
81 90 -5
81 96 0
81 89 -6
81 92 -7
81 85 9
81 88 -7
81 83 10
81 82 -6
82 88 -10
82 86 -5
82 92 6
82 91 -7
82 98 -10
82 83 7
82 94 -7
82 85 0
82 95 -8
82 100 -9
83 92 -10
83 100 -5
83 97 -3
83 85 9
83 96 -3
83 95 7
83 86 -2
84 98 -5
84 85 -1
84 92 7
84 94 -5
84 86 5
84 89 -10
84 91 -5
84 95 10
84 87 -10
85 87 8
85 92 -9
85 96 8
85 99 -8
85 97 -5
85 86 -3
85 98 4
85 93 -7
85 91 -4
85 100 3
85 88 3
86 87 -6
86 90 2
86 92 -5
86 96 7
86 98 3
86 97 -4
86 99 -1
86 95 -3
87 99 -1
87 93 10
87 88 1
87 97 2
88 90 0
88 99 9
88 93 5
88 96 0
88 95 -2
88 94 -6
89 93 1
89 91 -1
90 92 10
90 100 -10
90 91 -4
90 96 2
90 93 -8
90 94 -5
91 95 -8
91 93 10
91 92 7
91 99 -1
91 94 -5
91 100 5
92 95 5
92 98 0
92 93 5
92 96 9
92 100 7
93 99 -5
93 95 -6
93 96 6
93 97 2
94 98 -8
94 96 2
94 97 7
94 100 7
95 100 -5
95 97 7
95 98 -5
95 99 -7
96 100 -3
96 99 4
