100 2475 
1 15 1
1 26 -7
1 9 8
1 77 9
1 52 8
1 51 7
1 61 -3
1 23 1
1 19 10
1 56 1
1 43 -9
1 80 5
1 75 4
1 78 5
1 7 -5
1 88 -9
1 66 -1
1 29 9
1 63 -10
1 76 10
1 21 10
1 50 5
1 54 0
1 95 6
1 14 9
1 18 -7
1 8 -9
1 24 7
1 47 -10
1 17 -4
1 83 2
1 2 2
1 90 1
1 93 -10
1 40 1
1 73 -5
1 58 -2
1 27 7
1 99 -8
1 81 0
1 59 -2
1 35 -2
1 62 7
1 6 -8
1 98 -3
1 39 0
1 41 4
1 100 2
1 82 9
1 92 1
2 99 4
2 42 5
2 76 0
2 71 -8
2 20 6
2 93 3
2 90 3
2 7 1
2 69 8
2 89 5
2 3 -5
2 66 -9
2 50 0
2 15 4
2 74 -2
2 43 -3
2 16 -3
2 96 -6
2 44 -7
2 35 2
2 95 1
2 6 2
2 91 0
2 54 9
2 34 1
2 23 -5
2 87 0
2 46 8
2 31 3
2 36 9
2 49 3
2 72 -1
2 64 -9
2 19 -5
2 17 4
2 26 -4
2 37 -7
2 28 -2
2 75 -5
2 77 5
2 30 -2
2 41 2
2 40 2
3 27 4
3 45 3
3 11 10
3 12 -1
3 28 -6
3 94 1
3 38 5
3 31 -3
3 53 3
3 48 -7
3 35 -8
3 56 1
3 58 5
3 81 8
3 84 8
3 43 3
3 14 7
3 8 -1
3 30 5
3 9 0
3 54 1
3 52 10
3 93 -3
3 69 1
3 71 -9
3 32 9
3 49 4
3 74 2
3 97 2
3 55 8
3 36 5
3 24 -2
3 34 4
3 10 9
3 83 0
3 85 10
3 70 -6
3 75 4
3 87 5
3 16 6
3 90 -9
3 46 -4
3 20 9
3 76 -7
3 73 -1
3 51 6
3 67 9
3 62 3
3 79 1
3 61 6
4 34 5
4 63 8
4 70 6
4 71 -1
4 37 1
4 80 -4
4 14 10
4 50 4
4 38 -8
4 43 10
4 76 -1
4 21 2
4 86 6
4 16 -8
4 35 4
4 40 3
4 20 5
4 61 -4
4 62 5
4 12 0
4 64 8
4 79 1
4 11 -4
4 19 2
4 90 1
4 32 -5
4 39 8
4 65 3
4 100 5
4 88 10
4 15 6
4 87 -3
4 89 -5
4 47 4
4 8 6
4 78 5
4 59 -9
4 7 1
4 53 9
4 77 8
4 99 2
4 81 3
4 5 7
4 97 -3
4 49 -5
4 22 -4
4 58 -7
4 26 -5
4 18 10
4 28 -2
4 13 -8
4 92 7
4 36 9
5 6 -8
5 95 -7
5 13 -3
5 42 -3
5 85 9
5 47 -8
5 46 -10
5 32 -3
5 31 -7
5 98 -8
5 93 3
5 89 -2
5 82 2
5 25 10
5 55 0
5 21 1
5 71 6
5 36 -5
5 26 6
5 66 -6
5 18 -9
5 37 6
5 83 -8
5 57 -6
5 64 3
5 9 3
5 67 -5
5 44 -6
5 92 -4
5 60 4
5 87 -1
5 97 -7
5 15 -6
5 76 1
5 41 -9
5 54 5
5 38 -4
5 23 -1
5 99 4
5 10 -7
5 94 -7
5 7 0
5 75 8
5 78 7
5 33 2
5 79 9
5 84 -5
5 72 -1
5 68 6
5 81 10
5 40 -4
5 27 -9
5 14 2
5 48 10
6 76 -2
6 52 7
6 43 4
6 91 9
6 70 -6
6 77 -9
6 80 2
6 73 -2
6 19 0
6 34 -2
6 95 8
6 24 0
6 20 5
6 85 7
6 100 -5
6 45 -1
6 53 -8
6 60 8
6 18 -2
6 96 -4
6 55 4
6 33 -3
6 72 1
6 14 10
6 22 2
6 84 6
6 7 -10
6 88 9
6 51 9
6 63 -1
6 74 -1
6 97 -5
6 57 8
6 11 -7
6 67 8
6 38 -7
6 12 10
6 49 0
6 89 0
6 17 -3
6 79 10
6 27 7
6 46 -7
6 10 8
6 41 -6
6 50 6
6 47 -9
7 29 -4
7 30 5
7 8 8
7 79 3
7 76 -1
7 60 -2
7 40 10
7 54 -5
7 93 -4
7 73 -4
7 27 -9
7 48 4
7 90 -10
7 55 8
7 38 9
7 41 10
7 82 -3
7 62 -4
7 23 -1
7 86 -1
7 100 -8
7 31 3
7 85 9
7 56 8
7 49 10
7 63 7
7 94 -10
7 13 -1
7 58 10
7 10 6
7 14 5
7 68 5
7 84 8
7 75 6
7 64 -9
7 72 -3
7 25 5
7 15 -9
7 36 5
7 61 1
7 77 -3
7 47 -8
7 24 -6
7 44 10
7 28 1
7 99 -10
7 89 4
7 52 8
8 49 9
8 70 -3
8 43 6
8 13 3
8 11 -9
8 87 -3
8 81 1
8 23 -2
8 44 5
8 34 -10
8 79 -9
8 69 4
8 65 -4
8 73 -2
8 57 7
8 62 7
8 85 3
8 90 -7
8 77 6
8 35 -6
8 56 -1
8 22 0
8 51 7
8 92 2
8 41 -7
8 95 2
8 21 -2
8 100 -5
8 52 -5
8 28 -1
8 16 3
8 60 -10
8 15 -10
8 27 8
8 19 4
8 14 6
8 42 -8
8 80 4
8 53 1
8 74 -10
8 99 10
8 94 -7
8 46 -2
8 25 -4
8 78 9
8 26 -9
8 48 4
8 20 0
8 89 -8
8 55 6
8 82 2
9 15 -7
9 34 -7
9 91 -2
9 10 5
9 59 10
9 46 10
9 88 -1
9 11 7
9 93 7
9 26 2
9 79 8
9 55 -4
9 33 10
9 23 9
9 76 -10
9 81 10
9 99 -1
9 95 -5
9 80 4
9 90 10
9 29 8
9 70 -8
9 24 1
9 85 0
9 97 0
9 73 8
9 58 -2
9 69 -5
9 68 -9
9 12 -2
9 31 -1
9 82 7
9 92 -3
9 21 6
9 72 6
9 77 -8
9 44 6
9 61 -6
9 49 -9
9 39 5
9 13 8
9 32 -7
9 67 -7
9 17 8
9 100 7
9 51 -2
9 83 -3
9 22 -7
9 41 -7
10 22 -3
10 75 5
10 100 2
10 20 -9
10 31 3
10 97 -4
10 88 2
10 57 -3
10 70 4
10 73 10
10 93 -10
10 68 -3
10 26 2
10 90 -7
10 77 5
10 46 -6
10 96 5
10 80 -9
10 45 -7
10 64 -5
10 19 6
10 13 -9
10 54 -5
10 40 8
10 84 5
10 39 10
10 48 -10
10 74 -9
10 12 -5
10 79 -4
10 35 2
10 47 7
10 41 7
10 59 6
10 71 -9
10 18 5
10 81 10
10 94 6
10 30 -6
10 28 0
10 15 -7
10 27 -5
10 60 7
10 66 6
10 99 -5
10 16 -10
10 65 -4
10 85 -2
10 91 10
10 50 -4
10 69 8
11 38 7
11 72 2
11 75 -10
11 37 10
11 41 1
11 71 1
11 16 -4
11 31 0
11 92 3
11 24 -7
11 74 -7
11 97 8
11 91 2
11 83 6
11 50 -8
11 81 -7
11 86 9
11 32 10
11 29 6
11 35 -2
11 70 1
11 57 7
11 46 2
11 63 10
11 39 2
11 54 6
11 26 -7
11 94 -6
11 53 7
11 79 -6
11 43 -4
11 78 4
11 56 -10
11 12 -5
11 90 1
11 95 2
11 76 -6
11 30 -4
11 99 -10
12 41 -6
12 93 4
12 32 -6
12 35 10
12 40 7
12 36 -6
12 81 -3
12 92 2
12 56 -4
12 88 -6
12 20 -4
12 60 -6
12 21 6
12 46 -10
12 77 -7
12 71 -6
12 67 0
12 39 -3
12 97 4
12 43 -10
12 69 -10
12 57 3
12 31 8
12 55 3
12 61 -4
12 62 9
12 87 2
12 54 9
12 42 9
12 82 8
12 99 2
12 80 4
12 95 -2
12 29 7
12 33 4
12 98 -7
12 70 -8
12 84 0
12 83 -7
12 24 4
12 90 -3
12 72 -5
12 89 -1
13 45 -9
13 82 3
13 66 9
13 38 1
13 92 8
13 32 -1
13 22 -5
13 99 2
13 67 -9
13 83 4
13 85 -10
13 91 1
13 58 2
13 44 3
13 18 -7
13 100 -8
13 63 -3
13 31 1
13 55 -3
13 71 1
13 53 -2
13 89 -5
13 76 3
13 36 7
13 79 -5
13 41 -4
13 62 8
13 33 3
13 81 4
13 35 10
13 50 -10
13 14 -8
13 42 -8
13 23 8
13 64 3
13 43 -3
13 75 -8
13 59 -1
13 28 9
13 17 8
14 47 8
14 76 7
14 71 4
14 42 -4
14 97 4
14 44 -5
14 66 0
14 57 5
14 56 -1
14 21 5
14 73 -4
14 87 2
14 93 9
14 69 -2
14 90 6
14 35 9
14 39 9
14 32 8
14 75 -3
14 62 -2
14 29 -6
14 52 2
14 67 4
14 64 -9
14 72 -9
14 83 -7
14 33 9
14 51 -2
14 25 5
14 82 4
14 89 -4
14 45 1
14 30 4
14 40 8
14 31 10
14 17 -8
14 77 1
14 79 10
14 95 4
14 85 -7
14 48 7
15 91 -5
15 95 0
15 65 -9
15 44 -7
15 16 -2
15 31 9
15 71 -2
15 58 10
15 93 9
15 52 1
15 76 8
15 62 8
15 68 -3
15 48 7
15 19 4
15 77 -4
15 63 -8
15 89 -10
15 84 -4
15 50 0
15 96 10
15 66 -9
15 47 2
15 61 1
15 21 5
15 36 -7
15 28 5
15 86 9
15 73 5
15 26 -4
15 98 7
15 24 -10
15 43 5
15 80 7
15 20 -5
15 81 2
15 45 4
15 64 -9
15 92 -4
15 70 3
16 17 4
16 85 -4
16 50 -2
16 26 6
16 69 1
16 88 4
16 31 10
16 100 -6
16 45 4
16 98 1
16 76 -4
16 75 0
16 92 -9
16 63 5
16 73 -8
16 44 -6
16 66 2
16 61 -5
16 43 6
16 32 8
16 19 8
16 49 -7
16 22 -6
16 91 4
16 71 6
16 57 4
16 56 4
16 59 2
16 51 -5
16 77 -5
16 82 2
16 72 10
16 48 2
16 53 6
16 30 -9
16 52 -3
16 80 10
16 58 7
16 65 -1
16 21 -9
16 96 -10
16 87 7
17 85 -2
17 19 3
17 59 -9
17 55 -5
17 18 6
17 38 -5
17 89 8
17 70 -6
17 40 -6
17 56 8
17 76 4
17 99 -1
17 67 5
17 53 -7
17 21 1
17 84 1
17 93 1
17 22 5
17 91 -8
17 61 6
17 65 -6
17 97 4
17 30 -5
17 37 9
17 32 3
17 52 -8
17 50 -5
17 80 2
17 69 -3
17 75 10
17 34 -4
17 26 6
17 90 -2
17 96 -5
17 88 -7
17 57 3
17 83 -10
17 42 -7
17 28 -5
18 46 -3
18 81 2
18 37 3
18 70 -8
18 25 3
18 21 2
18 58 5
18 66 -10
18 76 -8
18 23 6
18 94 -6
18 84 3
18 34 -6
18 65 10
18 91 3
18 40 10
18 32 -8
18 93 0
18 59 3
18 62 -8
18 88 2
18 71 6
18 51 5
18 83 1
18 30 -1
18 78 -10
18 55 3
18 73 -5
18 97 -9
18 26 0
18 77 8
18 75 8
18 52 10
18 87 2
18 41 8
18 57 -4
18 56 -5
18 44 -6
18 43 0
18 28 10
18 95 -2
18 27 -7
18 96 -1
18 90 -5
18 85 8
19 34 9
19 67 -6
19 79 -4
19 97 10
19 56 -1
19 50 -8
19 25 -2
19 32 -6
19 71 5
19 84 0
19 80 -6
19 53 7
19 94 -7
19 68 0
19 49 0
19 86 -5
19 30 -8
19 83 -2
19 73 5
19 93 7
19 28 -3
19 61 10
19 37 1
19 76 0
19 29 -7
19 45 -8
19 31 2
19 21 -1
19 38 7
19 81 -9
19 59 -3
19 65 7
19 20 -1
19 70 8
19 99 -7
19 42 8
19 72 0
19 74 3
20 30 -7
20 25 -3
20 86 5
20 47 3
20 32 0
20 43 10
20 26 8
20 42 6
20 65 6
20 53 0
20 69 2
20 76 8
20 21 3
20 92 -9
20 72 9
20 39 -9
20 88 6
20 64 10
20 87 -3
20 93 1
20 24 -5
20 63 4
20 95 2
20 70 7
20 45 -6
20 27 2
20 35 9
20 44 -10
20 52 -2
20 31 6
20 83 -5
20 56 3
20 61 3
20 85 8
20 94 10
20 91 10
20 75 -10
20 100 -9
20 33 6
20 38 -8
20 81 -6
20 28 10
21 69 10
21 23 6
21 49 7
21 27 8
21 60 1
21 96 2
21 67 -10
21 52 -5
21 99 4
21 48 -4
21 64 -1
21 58 0
21 72 -3
21 42 10
21 22 3
21 75 -5
21 77 -1
21 29 6
21 61 9
21 92 -2
21 32 -4
21 63 1
21 66 -2
21 37 -6
21 33 -5
21 59 7
21 87 5
21 25 10
21 91 1
21 82 -6
21 53 -3
21 97 6
21 54 2
21 35 -6
21 47 -8
21 28 2
21 74 -10
21 50 -5
21 62 4
22 82 6
22 83 -9
22 31 1
22 77 8
22 42 5
22 54 8
22 93 2
22 34 1
22 71 1
22 97 4
22 50 10
22 62 9
22 51 -8
22 95 -6
22 24 2
22 49 5
22 96 4
22 40 10
22 68 -9
22 64 4
22 67 -8
22 30 9
22 99 -9
22 86 9
22 23 -7
22 26 -9
22 94 8
22 48 9
22 59 3
22 65 6
22 35 -7
22 55 -1
22 70 1
22 33 -2
23 97 -7
23 83 -5
23 62 4
23 74 9
23 66 3
23 72 -3
23 78 -4
23 28 7
23 77 6
23 41 -4
23 79 1
23 82 5
23 32 3
23 46 7
23 90 4
23 50 -8
23 70 5
23 47 9
23 84 -4
23 96 1
23 35 1
23 99 -4
23 98 -6
23 37 6
23 76 1
23 73 -8
23 59 -3
23 52 -8
23 39 8
23 44 -9
23 86 5
23 92 4
23 100 -2
23 55 -4
23 40 8
23 81 0
23 56 7
23 34 10
23 42 -10
23 27 -6
23 68 -2
23 91 6
23 43 7
23 94 5
24 33 -5
24 93 2
24 29 8
24 46 8
24 64 -1
24 36 3
24 99 3
24 69 0
24 81 6
24 61 2
24 84 10
24 66 -4
24 53 3
24 30 9
24 74 -1
24 97 -6
24 44 9
24 58 5
24 25 10
24 91 10
24 39 -4
24 75 -3
24 71 2
24 31 4
24 54 8
24 27 10
24 42 2
24 57 -3
24 41 5
24 96 -6
25 42 -3
25 98 -8
25 62 -4
25 96 -1
25 28 3
25 61 -10
25 93 4
25 38 -7
25 40 -7
25 35 -2
25 88 4
25 52 3
25 55 9
25 59 8
25 50 5
25 68 1
25 43 -7
25 63 10
25 89 -9
25 92 5
25 44 3
25 76 0
25 30 -6
25 84 -8
25 53 -6
25 31 -1
25 65 -10
25 64 8
25 73 -5
25 26 3
25 51 -1
25 71 -6
25 99 -9
25 82 0
25 97 -2
25 56 -6
25 45 8
25 75 1
25 85 4
26 64 -3
26 59 -3
26 56 10
26 95 -10
26 92 -2
26 48 4
26 67 -10
26 69 2
26 49 0
26 61 -10
26 90 -4
26 74 7
26 40 8
26 45 -5
26 42 4
26 55 2
26 50 7
26 66 1
26 30 -5
26 91 -7
26 33 5
26 63 -8
26 53 -1
26 97 -2
26 73 -6
26 65 -8
26 57 3
26 87 10
26 96 -9
26 43 -10
26 39 -6
26 76 -5
26 68 -6
26 46 6
26 85 2
26 51 -5
26 82 7
27 35 -8
27 34 -7
27 100 3
27 84 3
27 61 4
27 41 -9
27 31 -4
27 80 9
27 33 9
27 49 -3
27 69 8
27 74 10
27 72 -4
27 56 -9
27 28 4
27 81 8
27 55 10
27 42 1
27 50 -4
27 87 -9
27 76 -4
27 88 0
27 44 2
27 59 7
27 94 -2
27 99 -7
27 89 -3
27 73 -10
27 29 -5
27 98 -6
27 38 10
27 40 -1
27 78 -1
27 71 -1
27 30 -8
27 82 -7
27 97 -10
28 49 3
28 75 -9
28 52 8
28 98 6
28 58 -3
28 65 6
28 43 -7
28 63 5
28 78 -10
28 94 -2
28 76 0
28 99 -9
28 51 -7
28 39 -5
28 80 -10
28 44 -9
28 62 5
28 34 -10
28 31 9
28 72 -5
28 36 -5
28 55 5
28 35 -2
28 60 -3
28 86 1
28 53 6
28 37 -3
28 89 6
28 45 -7
28 46 1
28 69 -9
28 30 -10
28 56 -9
28 96 6
28 100 1
28 50 -7
28 33 -8
28 57 -9
29 60 6
29 75 1
29 56 1
29 54 9
29 77 -4
29 71 9
29 33 -8
29 52 -9
29 74 7
29 88 5
29 41 -2
29 99 6
29 95 -9
29 66 1
29 84 -2
29 64 -10
29 51 8
29 62 -9
29 30 5
29 46 10
29 42 -1
29 45 -4
29 94 -2
29 90 -8
29 69 -3
29 72 -10
29 70 -2
29 68 5
29 48 -7
29 96 7
29 91 -3
29 36 10
30 82 1
30 90 0
30 44 2
30 33 4
30 83 0
30 45 9
30 92 7
30 85 -7
30 78 -7
30 75 4
30 94 -3
30 47 9
30 51 -3
30 46 -9
30 72 0
30 87 -9
30 57 -2
30 73 -10
30 37 -10
30 91 8
30 41 9
30 86 -1
30 56 9
30 50 -9
30 96 3
30 89 -5
30 59 -1
30 40 -5
30 49 6
30 62 4
30 74 7
30 66 9
30 79 -8
30 52 3
30 42 -6
30 61 1
30 43 3
31 99 3
31 72 2
31 87 -1
31 53 6
31 56 -5
31 81 -8
31 39 3
31 70 3
31 37 9
31 65 9
31 47 -10
31 57 5
31 77 -1
31 75 -4
31 42 1
31 71 6
31 80 -1
31 100 -5
31 35 -10
31 48 3
31 83 8
31 74 4
31 41 1
31 78 9
31 68 6
31 85 -1
31 69 1
31 97 -2
31 38 2
31 88 10
31 95 7
31 82 4
31 76 0
31 91 -4
31 45 -1
32 66 -4
32 33 -9
32 91 -1
32 67 5
32 80 -7
32 40 9
32 46 7
32 39 3
32 98 8
32 97 7
32 78 -8
32 44 -9
32 89 -3
32 99 0
32 60 7
32 48 -10
32 73 -2
32 87 -8
32 76 -4
32 72 -2
32 88 4
32 43 -9
32 86 -8
32 93 -10
32 65 8
32 54 4
32 79 1
32 38 4
33 80 -10
33 91 -9
33 81 -3
33 56 4
33 72 0
33 94 0
33 78 1
33 48 1
33 97 -1
33 58 -1
33 37 -8
33 95 -6
33 70 -5
33 93 -8
33 45 -5
33 57 -3
33 83 -9
33 59 3
33 64 -1
33 54 6
33 77 0
33 79 -1
33 69 -6
33 50 -9
33 43 9
34 63 8
34 57 4
34 97 -7
34 54 10
34 64 9
34 85 -8
34 96 -5
34 82 -8
34 86 9
34 46 9
34 89 1
34 93 3
34 52 2
34 80 -4
34 95 -9
34 66 3
34 75 -9
34 60 6
34 37 -2
34 91 -7
34 79 7
34 59 -2
34 71 -8
34 94 -3
34 41 2
34 87 3
34 68 2
34 48 1
34 73 3
34 76 -4
34 50 -7
34 35 -6
34 88 4
34 62 -2
34 69 -6
34 98 -8
34 45 -8
34 44 -4
34 92 -4
35 62 8
35 50 8
35 55 -5
35 84 -8
35 72 -9
35 99 0
35 100 -8
35 64 2
35 98 7
35 76 1
35 95 -2
35 57 -2
35 49 -5
35 86 9
35 90 -2
35 61 8
35 80 8
35 94 6
35 89 -4
35 56 -2
35 54 -2
35 46 1
35 38 -5
35 85 -7
35 43 2
35 69 -3
36 62 -9
36 100 -5
36 52 -7
36 91 6
36 48 3
36 85 6
36 60 -7
36 73 0
36 63 -1
36 86 -5
36 74 9
36 69 -3
36 90 -7
36 58 2
36 95 9
36 80 1
36 57 -3
36 54 -6
36 38 -8
36 92 -10
36 97 3
36 78 -10
36 51 1
36 89 2
36 49 -3
36 84 -3
36 50 8
36 56 -6
37 94 -1
37 41 8
37 48 9
37 83 -2
37 65 10
37 80 -10
37 88 -10
37 40 -9
37 76 -9
37 58 6
37 99 6
37 54 -8
37 51 -3
37 95 -1
37 63 3
37 64 -4
37 97 3
37 77 -4
37 78 -7
37 50 7
37 98 8
37 92 8
37 49 -5
37 69 -8
37 52 10
37 43 -10
37 53 10
37 93 8
37 45 -7
37 100 -7
37 62 2
37 84 -5
37 57 -2
38 57 3
38 78 3
38 94 -2
38 97 1
38 42 -6
38 56 9
38 98 10
38 100 10
38 63 1
38 84 8
38 45 -7
38 75 4
38 60 7
38 40 8
38 76 4
38 46 1
38 77 -10
38 53 -10
38 95 4
38 79 2
38 90 3
38 82 5
38 47 0
38 64 0
38 62 1
38 41 8
38 99 -7
38 67 5
38 71 5
38 88 -1
38 49 -4
38 55 5
38 89 -2
38 73 6
38 93 -6
38 85 3
38 69 -4
38 68 -5
39 99 -9
39 75 0
39 81 3
39 79 2
39 44 6
39 88 6
39 68 -3
39 54 2
39 57 -9
39 46 0
39 52 -2
39 100 1
39 96 9
39 65 -4
39 67 -2
39 50 -4
39 64 2
39 90 0
39 63 5
39 47 2
39 89 2
39 53 -7
39 55 3
39 83 -9
39 69 8
39 91 8
39 84 0
39 58 2
39 71 -5
39 85 -1
39 94 2
39 42 2
39 56 2
39 97 -5
39 82 2
39 98 0
39 59 5
39 51 -7
39 49 7
40 68 10
40 91 9
40 76 -7
40 48 9
40 45 7
40 50 -9
40 65 -7
40 89 -4
40 100 9
40 53 -8
40 47 6
40 78 0
40 88 4
40 64 -1
40 42 0
40 43 -4
40 92 -8
40 84 10
40 90 8
40 69 -1
40 75 -6
40 79 10
40 72 0
40 96 9
40 51 1
40 49 2
40 56 0
40 82 10
40 98 -3
40 59 6
40 93 4
40 66 -4
41 60 -8
41 66 -5
41 81 -4
41 92 0
41 56 -5
41 82 8
41 59 3
41 75 5
41 62 -5
41 48 5
41 51 2
41 90 0
41 85 8
41 57 4
41 55 -3
41 64 -3
41 76 -2
41 77 8
41 98 5
41 94 1
41 45 -6
41 79 -5
41 93 0
41 43 -8
41 47 0
41 71 -3
42 67 1
42 92 -8
42 100 -3
42 95 -4
42 71 -8
42 70 -1
42 72 5
42 59 -7
42 84 9
42 43 -6
42 99 -2
42 96 8
42 89 -3
42 65 -3
42 52 -6
42 75 -2
42 54 10
42 51 10
42 47 1
42 85 -10
42 48 -1
42 61 10
42 74 -1
42 82 9
42 55 0
43 70 5
43 75 5
43 73 8
43 65 8
43 64 -4
43 76 -6
43 89 5
43 48 -10
43 68 -2
43 90 10
43 91 7
43 47 -2
43 95 6
43 56 10
43 87 -7
43 88 1
43 86 -3
43 96 -1
43 67 5
43 54 -5
43 62 -10
43 49 -9
43 55 -5
43 83 -1
43 44 -5
43 94 2
43 85 -2
43 92 1
43 82 9
43 100 -7
43 50 2
44 77 2
44 49 10
44 54 -10
44 70 9
44 57 -3
44 68 0
44 64 8
44 53 -1
44 94 10
44 55 3
44 72 -5
44 97 5
44 92 -8
44 61 0
44 99 9
44 91 2
44 48 -6
44 87 10
44 65 4
44 58 -6
44 52 2
44 63 4
44 95 -6
44 75 10
45 51 3
45 70 0
45 71 -2
45 60 -10
45 81 -10
45 49 -8
45 65 6
45 92 7
45 50 -1
45 59 -9
45 90 4
45 79 -5
45 76 0
45 63 7
45 84 5
45 64 10
45 80 4
45 48 9
46 72 -2
46 82 9
46 89 -2
46 48 -4
46 47 -4
46 94 2
46 81 5
46 99 3
46 53 -1
46 52 8
46 67 -4
46 66 -8
46 91 -9
46 88 -6
46 84 10
46 61 9
46 95 -7
46 87 -7
46 56 -2
46 75 -7
46 58 1
46 79 4
46 92 6
46 50 1
46 57 -3
46 83 -3
46 86 3
46 70 6
47 69 -9
47 71 10
47 76 1
47 99 -9
47 81 10
47 97 4
47 64 3
47 86 -9
47 68 3
47 54 -2
47 58 -10
47 56 -8
47 72 1
47 55 -7
47 62 6
47 92 8
47 100 -4
47 78 10
47 95 5
47 80 3
47 60 -8
47 75 -6
47 67 -1
47 65 -10
47 52 7
47 66 10
48 58 -9
48 92 -4
48 75 10
48 95 4
48 73 -5
48 87 -6
48 83 -4
48 89 -8
48 59 10
48 86 -2
48 62 2
48 63 10
48 77 -3
48 72 -10
48 70 1
48 94 2
48 81 -3
48 82 -7
48 98 -5
48 76 -2
48 97 -2
48 80 7
48 96 -5
48 53 5
48 88 8
48 69 -8
49 80 10
49 91 7
49 59 -7
49 74 -8
49 62 -2
49 51 5
49 82 4
49 89 -7
49 84 -4
49 72 -1
49 79 8
49 96 -9
49 64 4
49 70 0
49 100 4
49 75 4
49 55 -2
49 50 -8
49 68 3
49 83 -1
49 52 9
49 65 4
49 57 -8
49 58 -10
49 76 2
50 63 7
50 56 0
50 68 1
50 98 10
50 72 7
50 55 -4
50 83 -6
50 80 -4
50 91 -8
50 89 9
50 97 8
50 92 1
50 73 2
50 96 -6
50 93 8
50 70 6
50 77 6
50 75 -5
50 85 10
50 95 -9
50 87 -9
50 88 3
50 61 -6
50 65 3
50 58 3
50 94 1
50 51 -4
50 82 -8
51 76 -3
51 89 -8
51 91 8
51 59 -2
51 90 -5
51 67 -2
51 97 -1
51 79 4
51 92 -2
51 56 -6
51 63 5
51 58 -6
51 70 4
51 86 8
51 69 4
51 78 1
51 64 -4
51 65 -3
51 80 5
51 57 -6
51 53 -2
51 55 5
51 95 9
51 72 5
51 100 -7
52 99 -6
52 91 10
52 86 7
52 82 -2
52 62 -7
52 78 1
52 55 2
52 87 -6
52 88 9
52 85 5
52 74 -3
52 98 -9
52 76 -4
52 80 4
52 89 0
52 94 -6
52 67 -1
52 71 4
52 64 -10
52 70 -3
52 95 7
52 100 -8
52 73 -9
52 77 10
53 64 7
53 89 3
53 96 -8
53 56 -6
53 79 0
53 92 -1
53 62 -3
53 61 -6
53 95 -4
53 58 4
53 72 6
53 57 8
53 54 2
53 74 8
53 97 -6
53 99 -10
53 75 1
53 88 -6
53 100 6
53 65 -10
53 59 -5
53 67 10
53 66 -8
53 94 9
54 71 9
54 72 -10
54 97 8
54 82 0
54 64 -4
54 96 4
54 79 1
54 83 -8
54 55 1
54 95 -8
54 91 9
54 58 2
54 88 9
54 89 -2
54 67 -6
54 78 2
54 98 8
54 85 10
54 59 -3
54 65 -5
54 74 -2
54 86 0
55 73 -8
55 71 1
55 90 9
55 76 -4
55 77 3
55 92 -5
55 93 3
55 67 -7
55 86 3
55 97 -6
55 59 1
55 72 7
55 75 2
55 56 2
55 62 5
55 58 -6
55 82 -10
56 98 -1
56 78 8
56 84 -2
56 94 7
56 67 -9
56 92 -4
56 89 -8
56 93 -6
56 71 9
56 63 8
56 68 5
56 87 5
56 95 2
56 72 2
56 83 9
56 75 1
56 96 -10
56 60 -8
56 91 5
56 77 -1
57 99 10
57 68 -1
57 63 5
57 82 9
57 60 -10
57 93 -7
57 59 9
57 61 -4
57 85 6
57 69 5
57 87 -6
57 79 4
57 76 -10
57 89 0
58 82 -6
58 88 -10
58 63 0
58 69 2
58 72 0
58 85 0
58 93 -10
58 73 9
58 86 -7
58 68 -9
58 67 -1
58 76 -3
58 66 7
58 83 -4
58 91 3
58 98 10
58 71 -8
58 90 -4
58 75 -7
59 92 6
59 100 -10
59 86 9
59 75 8
59 84 2
59 94 -5
59 95 -5
59 73 -10
59 81 9
59 74 3
59 77 -7
59 70 9
59 82 0
59 93 0
59 99 -6
59 98 -6
60 68 9
60 78 -6
60 99 -1
60 92 2
60 100 -7
60 89 -6
60 79 -7
60 62 1
60 66 -3
60 94 3
60 81 0
60 61 9
60 77 -5
60 67 10
60 73 -9
60 91 4
60 76 -8
60 85 6
60 90 -6
60 97 7
60 86 -5
60 72 1
60 75 -6
61 100 8
61 67 1
61 86 -3
61 73 2
61 78 3
61 79 4
61 81 -3
61 91 7
61 66 9
61 64 -2
61 94 -4
61 71 1
61 92 -3
61 80 4
61 70 -1
61 88 7
61 84 -9
61 85 -6
61 93 -10
61 76 7
61 68 6
62 72 10
62 83 2
62 90 -4
62 88 5
62 100 -9
62 81 -5
62 96 -1
62 75 -4
62 71 2
62 85 7
62 66 5
62 69 -1
62 91 -10
62 63 2
62 74 -10
62 73 1
62 68 -2
62 89 -4
62 77 1
62 94 -5
62 79 4
62 86 1
62 64 5
62 84 4
62 76 4
62 82 6
63 86 10
63 73 1
63 83 -5
63 69 -4
63 78 -4
63 66 -5
63 74 -8
63 64 2
63 98 -7
63 79 -5
63 95 -4
63 81 10
63 80 2
63 85 5
63 100 7
63 88 10
63 91 -10
63 92 -6
63 93 10
63 71 -9
63 82 -6
63 67 2
63 97 -4
64 97 -4
64 82 7
64 78 2
64 91 1
64 66 -10
64 94 3
64 77 -8
64 83 1
64 70 5
64 73 5
64 85 -2
64 98 -9
64 100 5
64 67 -9
64 65 -9
64 88 3
64 80 10
64 90 -10
64 86 0
65 82 -5
65 85 -5
65 74 8
65 83 7
65 69 -7
65 86 -2
65 71 10
65 98 -2
65 93 0
65 76 -9
65 90 0
65 81 4
65 75 -10
65 77 -4
65 89 3
65 80 -5
66 67 -10
66 75 -3
66 69 5
66 90 -3
66 99 5
66 84 -9
66 82 -8
66 79 1
66 95 -1
66 77 6
66 70 6
66 86 4
66 72 -5
67 95 -5
67 74 -4
67 88 -2
67 76 -9
67 96 6
67 87 -6
67 97 -8
67 92 6
67 93 4
67 81 9
67 68 -8
67 82 -2
67 70 10
67 75 1
67 98 6
67 73 8
67 85 -6
67 83 -7
67 91 8
67 71 1
68 85 9
68 96 -9
68 83 -7
68 95 7
68 98 6
68 71 9
68 94 -10
68 99 4
68 76 7
68 92 0
68 86 4
68 69 7
68 87 -7
68 82 -7
68 89 4
68 77 -7
68 75 -8
69 70 5
69 95 3
69 90 4
69 77 -8
69 81 3
69 89 4
69 94 10
69 82 8
69 79 2
69 80 -5
69 88 0
69 75 -8
69 83 4
69 76 -5
69 96 2
70 94 -9
70 89 -3
70 75 0
70 85 2
70 96 7
70 100 -5
70 82 9
70 74 -10
70 88 0
70 91 10
70 98 0
70 72 5
70 78 3
70 83 3
70 73 -3
71 93 0
71 72 8
71 97 8
71 81 2
71 99 2
71 98 -10
71 76 10
71 88 -4
71 96 -6
71 92 5
71 94 -1
71 86 6
71 82 6
71 79 1
71 74 -6
71 89 -1
71 80 -8
71 83 -3
71 91 0
72 93 9
72 97 -7
72 92 9
72 83 1
72 89 10
72 85 -8
72 90 -1
72 77 10
72 94 -8
72 73 1
72 98 6
72 74 -2
72 81 0
72 82 5
72 99 -3
73 92 -3
73 82 -10
73 100 7
73 80 -2
73 87 9
73 83 -3
73 99 7
73 90 -7
73 95 -4
73 85 -10
73 91 -10
73 76 -3
73 93 -5
73 86 -6
74 85 -8
74 99 -2
74 91 4
74 75 4
74 96 2
74 78 10
74 80 -4
74 82 0
74 88 -5
74 79 -5
74 81 -10
74 100 2
74 94 -2
74 93 -4
74 83 -3
74 86 -3
74 90 -5
74 76 -6
74 77 -4
75 84 4
75 90 -5
75 92 -7
75 100 9
75 99 -6
75 81 -7
75 88 2
75 91 8
75 78 4
75 80 6
75 93 7
75 89 10
75 94 -3
75 83 1
76 84 -4
76 96 2
76 92 8
76 97 -3
76 98 -9
76 79 -6
76 91 9
76 83 -9
76 78 -1
77 88 10
77 78 -8
77 82 -2
77 94 -9
77 100 3
77 93 9
77 98 -4
77 96 9
77 90 -9
77 89 0
77 85 -7
77 79 7
77 83 -8
77 91 6
77 92 9
78 84 6
78 81 1
78 86 6
78 98 1
78 91 -1
78 88 -2
78 100 7
78 87 -4
78 85 -10
78 89 -9
78 95 5
78 96 -10
78 99 10
78 94 5
79 99 -10
79 94 10
79 85 -2
79 90 10
79 92 9
79 97 10
79 86 -8
79 81 -5
79 98 0
79 87 -8
79 80 4
80 86 -1
80 88 6
80 82 9
80 91 10
80 93 5
80 94 -6
80 99 -2
81 93 7
81 95 8
81 91 3
81 82 2
81 89 -9
81 99 3
81 96 10
81 88 -10
81 86 6
81 87 5
82 94 -3
82 98 -4
82 86 7
82 97 10
82 83 4
82 91 2
82 99 -4
82 84 -3
82 85 -8
82 90 9
82 92 -10
82 87 5
83 84 -1
83 95 9
83 89 8
83 91 -10
83 90 5
83 87 0
83 92 -7
84 92 -2
84 96 -8
84 89 -1
84 94 -4
85 87 0
85 98 -9
85 97 6
85 99 7
85 94 10
85 91 3
85 88 -1
85 86 8
86 99 -9
86 87 0
86 93 0
86 95 -4
86 96 -1
86 98 -6
86 91 3
86 100 9
86 90 3
87 91 -10
87 99 -4
87 96 2
87 95 8
87 94 -9
87 93 -2
87 89 1
88 99 7
88 100 -9
88 98 5
88 92 -1
89 93 -5
89 92 -2
89 95 -3
89 97 6
89 98 8
89 99 2
89 90 3
89 94 -9
89 91 -9
90 98 9
90 92 -9
90 97 1
90 100 -7
90 99 9
91 98 6
91 93 -5
91 94 -1
91 96 -3
91 92 1
91 100 -3
92 94 9
92 93 3
92 95 -1
93 95 -6
93 97 7
94 98 5
94 95 -1
95 97 10
95 98 2
95 100 7
95 96 -4
96 98 -10
96 100 3
97 98 6
98 99 -5
99 100 7
