100 2475 
1 79 7
1 22 3
1 47 0
1 40 10
1 53 5
1 13 5
1 63 -5
1 38 10
1 61 -4
1 2 0
1 98 9
1 95 -4
1 8 -4
1 92 7
1 24 9
1 57 5
1 3 3
1 18 -8
1 54 4
1 72 -8
1 43 -4
1 74 -5
1 96 -2
1 19 4
1 31 -3
1 6 -10
1 93 5
1 71 4
1 85 0
1 78 5
1 44 1
1 48 -10
1 52 3
1 81 7
1 90 5
1 10 2
1 37 7
1 56 -6
1 35 10
1 14 -8
1 34 3
1 41 -5
1 99 -8
1 89 8
1 46 -10
1 77 4
1 12 -1
1 17 -9
1 7 3
1 26 6
1 36 9
2 60 6
2 18 3
2 34 -7
2 23 1
2 24 -10
2 79 7
2 62 4
2 67 6
2 56 3
2 97 8
2 58 0
2 66 6
2 78 -6
2 54 -7
2 37 -7
2 86 -1
2 82 -6
2 69 10
2 28 9
2 31 9
2 38 0
2 33 4
2 80 8
2 70 1
2 47 -6
2 10 2
2 15 4
2 44 -5
2 87 7
2 20 9
2 13 9
2 98 -6
2 43 -8
2 8 8
2 92 8
2 59 -4
2 71 -8
2 3 -3
2 27 6
2 11 10
2 40 -8
2 83 10
2 57 -10
3 60 9
3 19 -5
3 32 -1
3 61 7
3 50 4
3 72 -6
3 76 6
3 30 5
3 75 1
3 57 1
3 64 -6
3 33 7
3 98 0
3 26 -2
3 84 8
3 47 -3
3 94 -9
3 79 -3
3 54 -9
3 78 10
3 58 -3
3 15 -6
3 24 -7
3 39 0
3 23 -10
3 6 0
3 37 -7
3 81 -8
3 43 -9
3 52 -2
3 29 4
3 9 -6
3 28 0
3 90 0
3 14 0
3 44 -7
3 20 8
3 69 5
3 10 8
3 77 -6
3 83 10
3 49 2
3 74 3
3 91 9
3 13 -4
3 45 6
3 25 -3
3 67 -4
4 38 -4
4 83 6
4 42 -10
4 81 -3
4 59 -5
4 68 2
4 85 -3
4 5 5
4 35 -8
4 70 -4
4 10 0
4 96 0
4 26 -3
4 100 8
4 40 9
4 52 -9
4 58 8
4 9 -3
4 69 -4
4 80 -2
4 92 9
4 55 -6
4 15 7
4 39 4
4 25 3
4 47 6
4 97 4
4 17 -5
4 99 6
4 87 -5
4 63 -3
4 94 10
4 82 6
4 23 -8
4 6 -8
4 73 -10
4 45 -9
4 89 9
4 19 0
4 7 6
4 62 -5
4 88 -8
4 37 5
4 24 -10
4 41 1
4 98 -5
5 56 3
5 87 0
5 68 5
5 70 -2
5 69 -2
5 76 -6
5 64 -1
5 20 -10
5 24 -5
5 19 -9
5 52 5
5 16 -7
5 34 -8
5 18 -7
5 47 -1
5 40 8
5 84 7
5 35 5
5 54 -5
5 17 -2
5 83 1
5 36 10
5 45 -4
5 94 5
5 58 4
5 62 0
5 42 10
5 60 -5
5 27 1
5 48 -6
5 97 -3
5 7 -10
5 51 -1
5 50 8
5 30 9
5 61 9
5 25 7
5 57 1
5 74 10
5 15 4
5 86 3
5 81 7
5 82 3
5 6 -5
5 12 3
5 85 8
5 37 -4
5 9 3
5 59 9
5 78 -8
5 55 7
5 31 -6
5 65 -8
5 96 -7
5 98 -10
5 93 7
5 72 -5
5 99 8
5 75 8
5 8 6
6 30 1
6 8 -3
6 58 -4
6 91 4
6 57 -1
6 60 -9
6 38 0
6 61 8
6 21 -2
6 84 -4
6 33 3
6 86 8
6 31 10
6 75 -7
6 36 -2
6 93 1
6 11 -10
6 45 -2
6 67 -5
6 66 9
6 9 -3
6 97 8
6 27 3
6 39 3
6 89 6
6 7 -6
6 83 -4
6 63 -3
6 43 -9
6 82 4
6 81 4
6 56 9
6 100 -4
7 74 4
7 70 -1
7 42 10
7 58 4
7 17 -9
7 45 -6
7 44 6
7 62 1
7 84 -3
7 86 -2
7 30 6
7 51 2
7 81 6
7 94 -4
7 97 10
7 29 -9
7 77 -2
7 91 7
7 65 -8
7 82 7
7 38 -3
7 12 -5
7 43 9
7 33 -5
7 60 -4
7 54 -3
7 99 4
7 28 -7
7 71 4
7 13 -7
7 63 10
7 64 -3
7 20 10
7 37 -3
7 48 -5
7 23 3
7 16 -7
7 69 -10
7 52 -7
7 90 -6
7 14 3
7 32 -8
7 80 -5
7 92 -9
7 72 1
7 50 3
7 57 3
7 75 -6
7 59 9
7 78 9
7 55 1
8 50 2
8 59 -6
8 23 6
8 28 10
8 40 4
8 17 1
8 20 -5
8 10 -6
8 31 -9
8 14 10
8 54 -6
8 24 10
8 39 7
8 93 -10
8 22 -4
8 97 -10
8 47 5
8 72 -9
8 70 -3
8 16 -6
8 83 -7
8 68 0
8 55 -1
8 73 1
8 89 -8
8 85 2
8 37 -5
8 87 -1
8 33 -8
8 43 -10
8 32 5
8 41 2
8 51 -10
8 15 -5
8 80 4
8 81 4
8 30 3
8 88 0
8 60 2
8 84 4
8 52 -9
8 48 -5
9 36 3
9 78 8
9 94 -3
9 23 -3
9 21 4
9 16 -2
9 79 -3
9 88 6
9 46 4
9 86 7
9 38 4
9 63 -5
9 84 6
9 77 6
9 72 -9
9 33 9
9 89 -4
9 48 2
9 95 -1
9 59 -9
9 24 -4
9 81 -5
9 20 0
9 67 0
9 70 10
9 18 5
9 27 8
9 49 9
9 17 0
9 91 3
9 34 -10
9 28 2
9 41 -5
9 47 7
9 87 -3
9 22 6
9 83 6
9 82 7
9 39 -7
9 40 8
9 92 4
9 80 -6
9 12 -8
9 53 -6
9 37 -10
10 21 7
10 90 2
10 61 5
10 58 -8
10 68 -6
10 57 -5
10 13 -2
10 11 3
10 49 -8
10 36 -7
10 91 6
10 47 -9
10 23 -3
10 52 -7
10 37 6
10 87 6
10 67 -4
10 97 -1
10 38 0
10 51 6
10 33 2
10 45 8
10 66 -7
10 55 -3
10 63 6
10 81 -2
10 18 2
10 78 10
10 89 2
10 73 5
10 42 -9
10 65 0
10 53 7
10 12 -9
10 92 -1
10 93 -9
10 26 4
10 14 7
11 69 -8
11 20 -10
11 90 -3
11 31 6
11 22 9
11 92 -5
11 47 -8
11 35 0
11 16 5
11 60 1
11 83 -2
11 72 3
11 42 7
11 55 3
11 52 8
11 81 -1
11 51 -5
11 19 8
11 32 4
11 53 -1
11 70 1
11 68 6
11 67 -6
11 48 -6
11 78 -2
11 59 5
11 27 4
11 91 9
11 71 -1
11 13 2
11 12 -3
11 43 -2
11 77 -7
11 73 -2
11 49 8
11 93 -3
11 80 10
11 86 -8
11 15 4
11 64 2
11 38 8
11 41 2
11 56 -4
11 66 2
11 57 -10
12 51 0
12 73 -3
12 35 -9
12 89 -2
12 24 1
12 44 -6
12 71 8
12 77 8
12 59 -6
12 25 4
12 91 -6
12 22 -8
12 13 5
12 67 -6
12 100 1
12 48 -1
12 65 2
12 32 -6
12 87 2
12 26 0
12 34 -4
12 81 -6
12 49 -8
12 57 -9
12 45 -8
12 14 -2
12 85 -10
12 69 -8
12 53 -4
12 19 10
12 62 4
12 29 -6
12 47 2
12 15 -5
12 83 -10
12 80 9
12 46 3
12 92 2
12 70 0
12 68 9
12 30 3
12 94 -4
12 31 -5
12 50 -9
12 16 -6
12 20 1
12 88 5
12 98 2
12 42 4
12 17 -5
13 23 5
13 88 -4
13 100 -6
13 41 10
13 28 -9
13 38 -9
13 27 3
13 65 9
13 69 6
13 29 1
13 95 9
13 59 -6
13 99 -7
13 87 -9
13 37 2
13 82 2
13 80 5
13 31 -4
13 33 0
13 53 9
13 40 3
13 93 3
13 75 -10
13 77 -1
13 63 -5
13 26 -4
13 52 -6
13 79 5
13 57 10
13 62 1
13 74 7
13 18 -5
13 25 3
13 64 -8
13 66 -2
13 15 4
13 94 5
13 24 -5
13 76 -6
13 91 3
13 81 -2
13 46 1
13 83 7
13 16 3
14 66 7
14 47 10
14 86 -6
14 87 -7
14 84 -3
14 43 -10
14 27 -10
14 81 -2
14 37 1
14 55 -4
14 98 -3
14 93 1
14 94 1
14 28 -6
14 33 -8
14 74 4
14 17 -6
14 88 10
14 54 0
14 69 -1
14 15 5
14 52 0
14 64 2
14 70 0
14 44 -3
14 96 -4
14 18 7
14 59 8
14 51 6
14 97 8
14 77 -1
14 92 8
14 62 -7
14 91 0
14 95 -10
14 73 -6
14 48 8
14 20 -10
15 50 10
15 42 0
15 80 8
15 74 4
15 27 1
15 30 -1
15 86 9
15 56 -1
15 18 5
15 48 6
15 97 5
15 93 -4
15 38 8
15 28 10
15 55 3
15 69 5
15 75 0
15 46 8
15 72 0
15 54 3
15 85 1
15 84 -9
15 20 1
15 25 -6
15 79 8
15 90 2
15 100 5
15 59 -10
15 73 5
15 40 -1
15 57 -9
15 67 -5
15 47 5
15 37 3
15 45 3
15 24 -2
15 99 1
15 36 -10
15 61 -7
15 16 1
15 64 -10
15 94 2
15 34 0
15 23 -2
15 62 3
15 71 1
15 82 5
16 70 -3
16 52 -3
16 61 10
16 91 4
16 89 -3
16 97 7
16 20 -8
16 60 -5
16 33 10
16 59 10
16 27 4
16 65 -1
16 96 -8
16 62 -10
16 26 5
16 42 -1
16 47 -9
16 17 2
16 69 6
16 74 9
16 55 -1
16 73 -3
16 76 -5
16 40 -5
16 79 -8
16 72 1
16 71 -6
16 32 9
16 84 6
16 99 -2
16 94 6
16 19 8
16 57 -10
16 49 -1
16 35 4
16 31 9
16 53 6
16 85 -2
16 44 -3
16 87 10
17 59 -3
17 29 6
17 82 -4
17 39 -8
17 36 10
17 78 -5
17 38 8
17 93 -8
17 68 -9
17 94 1
17 70 -9
17 90 -2
17 20 -6
17 55 -1
17 24 -10
17 45 -5
17 37 -2
17 97 -5
17 98 -7
17 100 -6
17 33 -9
17 91 -9
17 64 7
17 77 -4
17 52 0
17 28 10
17 53 -1
17 84 -2
17 96 2
17 67 6
17 23 -4
17 40 -1
17 19 10
17 34 -7
17 95 1
17 86 -10
17 50 -1
17 56 -6
17 73 5
17 76 -6
17 60 10
17 99 5
17 57 1
18 87 -5
18 59 8
18 40 -9
18 60 1
18 95 6
18 21 8
18 93 4
18 29 8
18 35 -5
18 62 -2
18 56 7
18 70 -9
18 79 -4
18 49 -2
18 83 6
18 25 0
18 96 4
18 47 5
18 99 3
18 65 -10
18 53 8
18 84 2
18 63 3
18 82 -3
18 67 -8
18 90 -6
18 88 -2
18 74 -6
18 41 10
18 80 2
18 42 -10
18 69 -7
18 73 3
18 38 -10
18 78 1
18 19 -10
18 22 -7
18 64 -2
18 94 1
18 85 3
18 24 -4
18 89 1
18 43 -3
18 52 -8
18 54 -6
18 36 10
18 72 1
19 60 -7
19 51 -6
19 71 -3
19 81 5
19 87 -7
19 65 1
19 96 6
19 27 -7
19 83 -9
19 35 -1
19 47 -7
19 32 -4
19 49 -2
19 23 1
19 90 0
19 74 4
19 62 10
19 73 -7
19 95 0
19 36 2
19 86 -10
19 42 4
19 84 -8
19 79 -8
19 77 8
19 48 -10
19 93 -1
19 94 -6
19 43 -9
19 64 -2
19 85 4
19 76 10
19 40 3
19 78 2
19 22 6
19 25 9
20 42 9
20 58 -1
20 78 -6
20 68 -4
20 37 -2
20 99 -3
20 25 -1
20 59 2
20 76 -4
20 100 7
20 47 6
20 79 0
20 48 9
20 77 7
20 62 -4
20 87 9
20 65 9
20 55 -6
20 75 -9
20 95 0
20 34 0
20 39 5
20 27 5
20 67 -4
20 30 -9
20 32 -7
20 52 9
20 50 10
20 93 -3
20 38 6
20 66 -6
20 73 -1
20 89 6
20 63 -5
20 81 5
20 69 -3
20 40 9
20 43 -3
20 60 3
20 91 -3
20 29 -1
20 70 -10
20 44 2
20 35 -8
20 49 4
20 24 5
21 41 -4
21 76 9
21 24 -2
21 67 5
21 42 -3
21 72 -5
21 98 -6
21 92 -5
21 33 6
21 59 -3
21 52 8
21 91 -5
21 32 10
21 90 3
21 40 -5
21 50 -7
21 89 -9
21 26 6
21 80 -3
21 69 -6
21 53 3
21 43 6
21 74 -1
21 75 5
21 66 9
21 82 -5
21 96 -8
21 84 10
21 83 3
21 78 0
21 29 -2
21 45 3
21 88 -5
21 97 4
21 73 2
21 94 10
22 87 -3
22 89 6
22 100 -8
22 75 -4
22 24 1
22 53 8
22 90 5
22 99 -9
22 49 -2
22 42 1
22 52 5
22 78 8
22 25 -3
22 27 -3
22 73 1
22 65 -2
22 35 -5
22 48 2
22 82 3
22 69 3
22 84 -8
22 74 -6
22 44 -5
22 81 5
22 85 -1
22 43 3
22 62 9
22 96 -1
22 56 -9
22 29 9
22 41 3
22 61 6
22 77 -9
22 30 0
22 71 3
22 63 6
22 67 -10
23 24 -8
23 85 0
23 58 -4
23 91 10
23 98 -8
23 97 -6
23 45 4
23 25 7
23 61 -6
23 71 0
23 66 3
23 78 7
23 87 4
23 90 -3
23 43 -1
23 38 -2
23 92 10
23 50 5
23 37 -6
23 33 4
23 56 8
23 82 3
23 69 -4
23 94 4
23 54 -8
23 93 -5
23 40 0
23 68 -8
23 75 -2
23 63 -3
23 86 -6
23 29 10
23 46 -6
23 30 0
23 79 7
23 28 -6
23 70 -4
23 32 -2
23 100 3
23 80 3
23 59 -7
23 99 -3
24 36 -6
24 82 0
24 33 -6
24 34 -8
24 86 10
24 79 -4
24 55 5
24 44 9
24 65 -10
24 63 1
24 84 -1
24 56 3
24 28 -5
24 99 0
24 42 -1
24 26 9
24 27 -1
24 67 0
24 74 -3
24 31 -3
24 66 0
24 51 4
24 48 -6
24 98 0
24 41 -3
24 47 -7
24 57 5
24 40 -3
24 70 -6
24 85 5
24 78 -10
24 30 8
24 75 -7
25 44 -9
25 75 -4
25 68 -5
25 39 -9
25 90 -9
25 76 -8
25 32 -7
25 38 -1
25 49 -9
25 95 -8
25 45 3
25 94 0
25 47 -10
25 42 10
25 89 0
25 41 -8
25 72 -6
25 87 -7
25 57 -8
25 67 -7
25 50 -1
25 51 6
25 65 -9
25 36 1
25 58 8
25 99 0
25 30 -4
25 48 3
25 33 -9
25 93 -7
25 79 -3
25 62 4
26 84 -3
26 75 -5
26 63 2
26 86 0
26 80 -4
26 41 1
26 50 -1
26 90 -6
26 60 -8
26 82 -5
26 46 3
26 92 2
26 76 7
26 71 4
26 57 -7
26 40 10
26 31 -1
26 73 5
26 56 4
26 74 4
26 96 4
26 65 6
26 39 4
26 98 8
26 97 -6
26 94 -2
26 29 6
26 43 -10
26 91 4
26 34 10
26 83 6
26 68 1
26 77 -9
26 27 -8
26 67 -9
26 28 7
26 69 2
26 35 0
26 72 -9
26 42 -6
26 58 1
26 81 10
26 70 2
26 38 2
26 88 0
26 87 -10
27 46 6
27 84 2
27 85 8
27 57 6
27 96 -2
27 69 -7
27 43 -1
27 98 -6
27 52 4
27 67 3
27 82 -7
27 80 3
27 90 -1
27 65 -6
27 36 -2
27 87 -10
27 31 -7
27 73 -10
27 60 3
27 47 -7
27 28 2
27 34 8
27 45 -4
27 51 -9
27 71 6
27 50 -4
27 44 5
27 66 3
27 64 -3
27 39 -10
27 30 7
27 56 -7
27 55 -8
27 41 5
27 99 -6
27 86 -7
27 33 -2
27 97 -9
27 37 -5
27 72 3
28 39 6
28 98 -3
28 67 -5
28 85 3
28 32 -4
28 47 -7
28 65 -5
28 38 -1
28 62 -5
28 53 -10
28 82 8
28 44 5
28 48 -4
28 84 4
28 89 -10
28 79 -6
28 64 9
28 61 -8
28 49 3
28 55 3
28 74 5
28 95 5
28 33 7
28 91 -5
28 41 6
28 78 5
28 83 8
28 56 1
28 71 3
28 80 -1
28 68 -5
28 76 3
28 63 -9
28 35 3
29 59 -8
29 32 8
29 62 -4
29 63 9
29 96 -8
29 45 4
29 67 6
29 55 6
29 40 -7
29 60 6
29 89 1
29 90 7
29 97 -2
29 39 1
29 66 10
29 50 -1
29 85 -8
29 34 1
29 61 -5
29 81 3
29 73 -8
29 84 8
29 93 1
29 82 1
29 49 -2
29 75 5
29 35 8
29 44 3
29 69 2
29 92 3
29 58 3
29 46 -4
30 76 -7
30 91 -7
30 93 -8
30 81 -3
30 97 6
30 60 -9
30 80 -8
30 45 -4
30 74 -7
30 98 8
30 95 7
30 67 3
30 47 3
30 65 9
30 50 9
30 54 5
30 53 -5
30 39 2
30 94 -4
30 69 5
30 32 10
30 73 5
30 88 -2
30 79 2
30 46 4
30 42 -5
30 82 4
30 64 4
30 63 -1
30 34 8
30 77 -10
30 35 -1
30 75 2
30 87 8
30 40 9
30 92 -4
30 52 5
30 84 8
30 100 7
30 36 0
30 59 1
30 58 -8
30 99 1
31 42 -7
31 87 5
31 65 -5
31 61 9
31 57 4
31 37 -2
31 93 -6
31 51 -10
31 39 2
31 82 -1
31 48 6
31 100 -8
31 49 -6
31 98 8
31 45 10
31 40 -5
31 34 8
31 63 9
31 62 -2
31 46 -10
31 86 5
31 85 -8
31 81 -5
31 89 -8
31 70 10
31 32 -5
31 56 -4
31 52 5
31 50 7
31 44 -1
31 68 6
31 99 3
31 33 -8
31 35 -6
31 96 10
32 55 -4
32 72 10
32 35 -2
32 94 -7
32 40 -6
32 34 9
32 95 -5
32 89 5
32 96 -2
32 46 -1
32 79 8
32 70 4
32 68 1
32 92 4
32 61 6
32 39 3
32 86 -1
32 65 -1
32 51 -4
32 48 -8
32 83 -9
32 93 10
32 36 4
32 64 6
32 57 -2
32 37 -9
32 78 10
32 62 1
32 44 -6
32 81 -2
32 69 7
32 73 0
32 54 3
32 74 4
32 82 5
33 76 3
33 54 -2
33 91 -3
33 40 6
33 80 7
33 98 -9
33 97 -6
33 57 7
33 62 1
33 34 -6
33 75 8
33 82 4
33 38 -5
33 79 -4
33 86 -3
33 37 -5
33 77 0
33 63 -2
33 64 -9
33 36 -9
33 55 5
33 93 4
33 61 -6
33 56 -5
33 100 3
33 90 2
33 66 2
33 83 5
33 44 -6
33 71 4
33 59 -10
33 89 1
33 72 4
33 52 8
33 94 -2
33 51 5
33 49 0
33 39 1
33 65 0
33 99 10
33 43 0
33 78 7
33 60 -10
34 43 10
34 38 -1
34 48 -10
34 80 5
34 69 -8
34 81 4
34 57 -10
34 61 -1
34 96 -7
34 100 -10
34 47 -3
34 63 -10
34 94 -6
34 77 -6
34 71 2
34 72 -1
34 90 -5
34 88 -9
34 86 9
34 75 9
34 50 -7
34 44 4
34 85 -7
34 98 6
34 51 7
34 45 10
34 54 -9
34 78 -5
34 79 1
34 37 1
34 55 0
34 41 -2
34 68 -3
35 90 3
35 52 -3
35 76 7
35 92 1
35 75 -4
35 86 8
35 54 -3
35 63 4
35 66 -8
35 53 -4
35 46 9
35 91 -2
35 42 1
35 73 5
35 87 -10
35 64 -4
35 72 9
35 74 -2
35 81 -10
35 71 8
35 45 8
35 37 -10
35 40 3
35 57 -10
35 100 -1
35 79 -1
35 58 -9
35 39 10
35 62 1
35 84 -8
35 60 -5
35 89 -2
35 51 5
35 65 -4
35 43 -3
35 99 9
35 97 -5
35 59 -3
36 78 4
36 71 -4
36 56 5
36 52 -8
36 96 10
36 79 3
36 43 10
36 49 -10
36 68 -3
36 74 1
36 81 4
36 69 -2
36 37 -9
36 61 7
36 51 2
36 76 -1
36 44 -10
36 62 5
36 57 3
36 46 7
36 73 8
36 80 -4
36 54 -1
36 94 -6
36 66 4
36 85 6
36 40 -4
36 59 7
36 89 -4
36 38 -9
36 95 -4
36 83 6
36 60 -7
36 65 -4
36 92 6
36 93 -1
36 39 -9
37 71 10
37 39 -4
37 55 2
37 90 -2
37 79 -7
37 77 -9
37 88 8
37 52 -10
37 93 -9
37 98 -4
37 80 -5
37 58 -8
37 73 1
37 100 1
37 54 1
37 69 -7
37 40 9
37 65 -2
37 95 -2
37 99 -5
37 96 3
37 48 5
37 43 2
37 68 7
37 87 9
37 83 7
37 57 -9
38 63 5
38 67 -4
38 92 -2
38 71 -4
38 80 10
38 81 2
38 49 9
38 74 -10
38 66 -2
38 88 -4
38 70 6
38 91 9
38 54 8
38 64 -1
38 39 -9
38 61 -4
38 98 -9
38 55 -8
38 65 0
38 79 -2
38 57 9
38 94 -9
38 42 -6
38 46 3
38 76 -3
38 97 -8
38 90 -6
38 60 -3
38 56 7
38 73 -2
39 82 4
39 62 10
39 66 1
39 42 -8
39 77 3
39 79 -10
39 93 6
39 47 10
39 63 1
39 92 8
39 80 -6
39 100 1
39 74 1
39 54 -3
39 81 6
39 50 2
39 86 -6
39 95 3
39 41 -9
39 49 4
39 89 -3
39 98 7
39 85 -5
39 64 -10
40 80 -10
40 75 -1
40 46 3
40 69 10
40 91 -5
40 78 -10
40 87 -4
40 76 -3
40 83 5
40 53 -5
40 54 -3
40 70 -10
40 82 -10
40 63 9
40 55 -7
40 99 7
40 71 -4
40 90 3
40 42 2
40 48 -9
40 44 -3
40 66 -8
40 93 6
40 67 9
40 60 -1
40 56 -3
40 81 -9
40 43 8
41 90 8
41 65 4
41 53 -6
41 64 -6
41 100 8
41 46 -8
41 73 -5
41 47 5
41 98 7
41 63 6
41 52 -2
41 81 6
41 49 -7
41 70 -9
41 99 -7
41 94 3
41 92 -6
41 56 2
41 54 -2
41 66 8
41 86 -6
41 74 -10
41 69 -7
41 42 -3
41 75 0
41 88 -7
41 79 -6
41 84 0
41 82 -6
41 97 1
42 100 8
42 69 -10
42 93 -4
42 73 -10
42 72 4
42 81 8
42 86 7
42 57 -5
42 98 0
42 67 -10
42 66 -7
42 94 -6
42 95 -4
42 63 -1
42 78 -1
42 75 -7
42 76 1
42 49 -8
42 92 -3
42 64 -6
42 59 7
42 71 5
42 87 -1
42 51 7
42 56 -1
42 47 -7
42 70 -3
42 58 10
42 96 -5
42 48 -8
43 46 1
43 81 -5
43 50 0
43 69 -6
43 58 10
43 55 9
43 78 8
43 59 -1
43 49 -7
43 71 -2
43 98 -3
43 91 5
43 83 4
43 51 10
43 75 2
43 44 5
43 74 -10
43 72 -5
43 67 -1
43 48 5
43 61 -3
43 60 -5
43 84 -9
43 95 8
43 57 2
43 85 -8
43 66 -5
43 90 5
43 86 9
43 93 0
43 97 -10
43 62 5
44 51 -10
44 67 8
44 61 -4
44 59 0
44 94 9
44 99 1
44 75 -4
44 74 0
44 62 -10
44 47 -10
44 95 9
44 71 8
44 86 7
44 92 -9
44 97 -1
44 79 -9
44 68 -3
44 69 -6
44 91 5
44 93 10
44 50 -6
44 65 9
44 57 2
44 58 8
44 78 4
45 95 -2
45 81 7
45 90 -8
45 54 2
45 51 8
45 64 -3
45 71 -2
45 65 -10
45 83 -5
45 46 -4
45 55 2
45 100 -6
45 48 5
45 56 -2
45 68 -2
45 73 2
45 75 -5
45 50 1
45 74 0
45 84 8
45 89 -3
45 99 1
45 60 6
45 62 4
45 76 -8
45 86 -2
45 91 10
45 85 -3
45 94 -10
45 93 -6
46 67 6
46 94 -2
46 99 -6
46 59 1
46 52 -8
46 50 6
46 64 8
46 78 -1
46 74 5
46 61 4
46 63 -6
46 58 -6
46 90 10
46 57 0
46 92 -6
46 70 -2
46 84 -4
46 100 10
46 71 7
46 53 -3
46 79 -8
46 51 9
46 56 -6
46 48 -1
46 95 -6
46 76 -10
46 60 -2
46 66 -3
47 52 -7
47 100 1
47 91 9
47 64 -6
47 48 -8
47 59 8
47 76 6
47 77 -9
47 68 -4
47 61 -6
47 80 -3
47 73 6
47 67 -9
47 63 -3
47 96 9
47 82 5
47 95 -8
47 97 -10
47 94 0
47 65 -1
47 84 0
47 71 0
47 53 -1
47 78 8
47 57 1
48 84 -1
48 54 -1
48 67 -6
48 93 -10
48 58 -2
48 88 1
48 59 3
48 64 9
48 74 3
48 99 -7
48 100 5
48 85 1
48 89 -10
48 63 5
48 92 6
48 71 6
48 52 7
48 80 -5
48 79 9
48 72 10
48 96 4
48 86 -8
48 51 4
49 55 -8
49 67 -8
49 58 -4
49 70 4
49 57 -3
49 82 -6
49 86 2
49 61 3
49 92 -6
49 93 -10
49 83 -6
49 76 -8
49 80 8
49 75 2
49 85 2
49 69 7
49 68 0
49 95 -2
49 99 -7
49 65 0
49 84 -8
49 66 -5
49 53 -5
49 56 1
49 98 9
49 90 -6
49 54 -5
49 88 1
49 96 4
50 65 -6
50 86 6
50 95 3
50 78 -3
50 98 -10
50 58 -8
50 66 -8
50 55 -10
50 52 -4
50 93 0
50 96 0
50 70 5
50 91 10
50 79 3
50 90 4
50 51 -5
50 100 4
50 85 2
50 92 4
50 84 -6
50 72 5
50 83 -5
50 88 1
50 74 3
50 68 3
51 88 -1
51 97 -10
51 93 -7
51 84 10
51 56 -8
51 98 -3
51 59 -8
51 78 0
51 74 -8
51 67 -9
51 76 -6
51 72 8
51 52 -1
51 69 -9
51 64 10
51 96 3
51 83 3
51 71 6
51 53 5
51 86 3
51 62 4
51 89 -1
51 90 -9
51 60 2
51 73 -3
51 68 -6
51 65 10
51 70 -1
52 84 4
52 76 -10
52 71 -6
52 62 -8
52 85 1
52 77 -5
52 91 7
52 73 -1
52 72 6
52 95 9
52 98 5
52 82 10
52 94 -4
52 80 7
52 69 6
52 93 3
52 53 7
52 86 4
52 97 -6
52 90 6
52 58 -6
52 75 0
52 64 -4
52 54 -1
52 70 -10
53 85 -5
53 78 -4
53 66 5
53 57 -10
53 94 9
53 63 6
53 91 10
53 89 10
53 84 3
53 55 7
53 67 2
53 98 10
53 69 -1
53 62 -1
53 86 -10
53 61 -3
53 73 5
53 93 6
53 82 -4
53 90 -7
53 100 5
53 96 -1
53 79 9
54 75 3
54 62 0
54 95 -3
54 78 7
54 66 -8
54 83 -3
54 93 -6
54 79 -7
54 86 -2
54 69 2
54 88 6
54 82 3
54 72 -6
54 58 8
54 99 -1
54 80 -1
54 100 7
54 64 -5
54 98 10
54 74 -3
54 70 3
54 60 -10
54 85 -4
55 59 8
55 76 7
55 62 2
55 92 -5
55 57 1
55 79 -1
55 77 -7
55 83 -9
55 61 0
55 56 2
55 89 9
55 93 -4
55 63 -2
55 80 8
55 88 -10
55 81 5
55 78 7
56 58 -1
56 81 6
56 80 8
56 88 4
56 60 -3
56 89 10
56 82 3
56 100 -7
56 62 -4
56 65 -4
56 79 7
56 78 10
56 87 -7
56 68 -5
56 97 -2
56 92 1
56 72 4
56 99 0
56 98 -1
56 71 3
56 94 -9
56 59 8
56 61 -5
57 67 -5
57 70 -4
57 61 -9
57 82 5
57 85 -4
57 73 -8
57 74 0
57 75 0
57 95 -6
57 72 -1
57 68 0
57 86 0
57 71 -4
57 92 2
57 94 -4
57 88 1
57 96 -6
57 99 9
57 79 10
57 76 0
57 97 9
57 60 4
57 93 -5
57 58 10
57 90 3
57 65 4
57 98 0
57 89 -6
57 59 10
58 66 -4
58 68 10
58 70 -7
58 60 -9
58 78 -10
58 92 3
58 85 -5
58 86 -5
58 89 -6
58 63 8
58 71 -4
58 95 3
58 81 6
58 87 -10
58 79 9
58 82 1
58 76 2
58 77 9
58 100 3
58 72 -9
59 82 -5
59 81 9
59 69 -6
59 79 9
59 73 7
59 98 6
59 95 4
59 86 -2
59 90 8
59 77 -3
59 64 -1
59 60 -6
59 72 8
59 63 6
59 96 8
59 94 4
59 97 3
59 65 9
59 68 -9
59 85 3
60 99 6
60 100 0
60 85 9
60 65 3
60 68 -5
60 71 3
60 69 9
60 83 -10
60 84 1
60 86 5
60 62 1
60 91 6
60 73 -2
60 93 9
60 76 5
60 88 7
60 90 -7
60 78 -10
60 80 -1
60 87 5
61 75 0
61 79 6
61 89 -3
61 94 -2
61 98 -5
61 88 0
61 92 10
61 95 6
61 77 -5
61 85 -8
61 83 -8
61 70 4
61 68 5
61 66 -3
61 97 -6
61 84 -10
61 99 -6
61 91 -2
61 67 -3
61 80 2
61 81 9
61 74 -7
62 93 5
62 85 -2
62 77 -7
62 86 2
62 65 9
62 94 9
62 88 5
62 99 9
62 97 6
62 90 -8
62 73 6
62 78 9
62 89 1
62 67 9
62 64 -4
62 96 -2
62 79 10
62 92 -3
62 66 5
62 98 10
62 70 -8
63 96 3
63 74 7
63 94 3
63 79 6
63 72 7
63 81 -1
63 78 0
63 87 6
63 95 10
63 84 0
63 97 -2
63 98 5
63 85 -5
63 93 9
63 99 -5
63 69 3
63 73 3
63 71 -10
64 77 9
64 69 -7
64 79 -5
64 83 1
64 100 10
64 70 -10
64 81 9
64 95 9
64 93 -10
64 86 -10
64 90 2
64 96 0
64 88 -3
64 92 -7
64 72 -4
64 89 3
64 99 -9
64 67 -8
64 80 -3
64 65 8
65 86 -6
65 91 8
65 67 5
65 100 0
65 81 -9
65 97 3
65 94 -8
65 92 2
65 79 -7
65 83 4
65 93 7
65 69 -1
65 96 -4
65 75 -8
65 77 5
65 73 5
65 89 -7
66 81 1
66 77 -3
66 100 6
66 72 3
66 67 -1
66 87 9
66 76 -7
66 85 -5
66 86 -2
66 99 -2
66 95 -8
66 79 -1
66 74 -1
66 68 -1
67 86 7
67 93 5
67 100 -2
67 70 9
67 83 2
67 78 8
67 87 -9
67 79 -6
67 81 -3
67 99 10
67 72 -6
67 74 0
67 95 10
67 68 -5
67 73 -2
67 96 1
67 97 -3
67 92 1
67 77 2
67 85 -8
68 87 -4
68 98 -4
68 89 9
68 94 0
68 72 1
68 99 -10
68 76 -3
68 83 -6
68 100 -1
68 70 -2
68 95 -6
68 91 -1
69 90 3
69 71 -7
69 87 7
69 74 1
69 79 -7
69 81 8
69 80 -6
69 83 -2
69 85 -9
69 82 -3
69 99 9
70 83 -6
70 82 -4
70 100 -9
70 71 -8
70 85 -9
70 78 -3
70 89 -5
70 79 -9
70 94 -1
71 87 2
71 98 -1
71 73 -8
71 94 3
71 76 -8
71 97 -1
71 84 9
71 79 2
71 91 7
71 85 -4
72 82 4
72 92 -3
72 79 -8
72 84 -6
72 77 1
72 88 4
72 81 -1
72 80 -2
72 93 9
72 97 -6
72 86 -10
72 90 -5
72 73 -1
72 98 6
72 94 10
72 74 -10
73 86 -3
73 81 -4
73 94 3
73 79 10
73 80 -8
73 90 -8
73 84 -9
73 89 8
73 98 3
73 92 -10
73 96 8
73 76 -10
74 97 -9
74 84 -4
74 89 7
74 80 -8
74 96 -9
74 76 -2
74 87 -5
74 78 8
74 83 -8
75 94 -2
75 99 -6
75 79 2
75 83 9
75 95 4
75 88 9
75 80 7
75 92 10
75 78 6
75 89 1
75 77 7
75 81 4
75 85 7
75 87 1
76 78 -3
76 94 -9
76 90 -4
76 89 3
76 87 2
76 91 -1
76 92 6
76 88 -6
76 80 -9
76 95 -8
76 100 9
76 98 10
76 99 1
76 86 -7
76 77 4
76 79 -3
77 99 -3
77 87 2
77 84 9
77 83 -10
77 80 -2
77 94 10
77 79 -2
78 87 -10
78 98 4
78 84 1
78 100 3
78 93 6
78 89 -8
78 81 -10
78 95 -1
78 97 -8
78 96 0
78 82 2
78 85 1
78 91 -1
78 94 7
78 90 3
78 88 7
79 86 -3
79 87 -4
79 85 -2
79 91 -8
79 96 -8
79 83 -7
79 94 -5
79 95 -1
79 80 2
79 92 6
80 83 -9
80 89 -6
80 98 -3
80 82 -2
80 88 -3
80 81 -5
80 96 3
80 85 -6
80 84 -6
80 92 4
80 93 -5
81 86 -5
81 95 6
81 92 -1
81 89 3
81 94 7
81 100 -10
82 96 -8
82 89 2
82 95 6
82 90 1
82 85 0
82 93 -5
82 91 -6
82 97 7
82 88 -1
82 84 0
82 86 -4
82 98 0
82 92 -4
83 98 5
83 90 8
83 95 -6
83 100 10
83 92 -1
83 99 -4
84 92 -10
84 96 6
84 89 1
84 87 -4
84 93 -10
84 88 10
84 99 3
84 91 3
85 86 3
85 97 -9
85 96 4
85 89 5
85 99 5
85 100 -1
85 91 -10
86 89 1
86 93 -4
86 87 1
86 99 10
86 98 -3
86 88 8
86 94 -10
86 91 -3
86 92 -4
86 96 1
87 100 4
87 93 -2
87 88 -6
87 99 -9
88 90 -6
88 92 -4
88 95 -8
88 98 -4
88 89 -2
89 100 5
89 94 6
89 95 0
89 98 6
89 96 -7
89 91 5
89 90 -5
90 92 -9
90 91 9
90 97 5
90 94 -3
91 100 -3
91 99 -7
91 94 -7
92 93 7
92 100 10
92 96 9
93 96 -8
93 100 5
93 95 -9
93 99 10
93 94 6
94 95 -5
94 99 -3
95 97 -6
95 99 -3
96 100 5
97 99 -8
