100 2475 
1 32 -3
1 25 -3
1 73 -8
1 4 -7
1 71 6
1 90 8
1 85 4
1 48 6
1 5 6
1 39 5
1 33 3
1 72 4
1 10 -7
1 62 2
1 89 3
1 52 -8
1 23 -5
1 29 -4
1 77 7
1 50 7
1 76 -2
1 95 8
1 11 -5
1 59 -6
1 80 -10
1 92 10
1 86 1
1 9 10
1 18 -6
1 16 -3
1 68 -6
1 21 8
1 69 1
1 24 9
1 61 -3
1 56 5
1 8 -7
1 30 -2
1 93 3
1 81 7
1 57 -1
1 97 -9
1 3 4
1 47 8
1 96 -3
1 63 -7
1 12 2
1 65 -8
1 44 10
1 45 -5
1 87 -1
1 17 -8
1 6 7
2 80 0
2 63 4
2 73 -10
2 66 9
2 31 -6
2 86 9
2 76 1
2 65 6
2 23 0
2 49 -5
2 4 2
2 89 9
2 14 -1
2 82 3
2 99 8
2 78 6
2 53 6
2 90 -7
2 94 1
2 52 8
2 41 7
2 44 -8
2 18 3
2 83 -3
2 62 8
2 10 -3
2 16 -3
2 39 1
2 55 9
2 8 -5
2 91 -5
2 77 -8
2 79 -4
2 59 3
2 100 -4
2 25 9
2 54 -6
2 71 -9
2 57 -2
2 36 7
2 21 8
2 27 -9
2 96 7
2 67 1
2 61 -8
2 75 7
2 37 8
2 11 3
2 9 0
2 3 8
2 85 4
2 33 -1
2 51 5
2 5 7
2 43 10
2 24 -5
3 26 6
3 62 2
3 27 -8
3 7 9
3 42 8
3 5 9
3 66 -7
3 46 8
3 17 3
3 21 -6
3 36 -6
3 76 -9
3 99 -8
3 55 -5
3 30 -1
3 89 -7
3 69 4
3 48 1
3 58 4
3 75 -3
3 47 -7
3 96 1
3 56 2
3 10 -1
3 16 9
3 65 -1
3 95 7
3 100 -2
3 32 -9
3 6 3
3 43 3
3 79 3
3 38 3
3 98 -2
3 52 5
3 45 -2
3 80 3
3 54 3
3 78 -1
3 33 5
3 97 0
3 70 -10
3 20 -6
3 22 0
3 24 10
3 15 -8
3 23 8
4 69 -1
4 55 -1
4 12 9
4 86 5
4 95 3
4 94 -6
4 44 3
4 92 0
4 84 6
4 18 -2
4 79 4
4 59 -10
4 52 0
4 96 -1
4 25 2
4 68 -8
4 6 2
4 97 9
4 77 -2
4 70 1
4 60 -2
4 49 6
4 31 8
4 21 -9
4 32 -2
4 83 5
4 47 3
4 56 10
4 91 -1
4 42 8
4 23 6
4 48 6
4 50 -8
4 7 -4
4 22 -1
4 87 9
4 57 -2
4 38 2
4 5 2
4 66 8
4 39 -9
4 93 -2
4 90 9
4 14 3
4 76 7
4 36 0
4 51 2
5 43 -8
5 39 -2
5 90 7
5 94 -7
5 61 -2
5 37 7
5 42 6
5 69 7
5 8 6
5 87 9
5 51 -5
5 92 -2
5 52 0
5 98 6
5 45 -7
5 44 -9
5 66 10
5 22 7
5 64 6
5 85 -5
5 48 -8
5 7 -3
5 25 -2
5 95 9
5 73 9
5 13 -6
5 27 0
5 23 -2
5 33 -10
5 93 8
5 21 -4
5 11 1
5 41 9
5 83 -4
5 60 9
5 56 10
5 59 0
5 97 -9
5 79 -10
5 50 -2
5 88 9
5 47 2
6 26 -10
6 92 8
6 22 0
6 67 -8
6 13 -4
6 98 -6
6 40 6
6 59 5
6 25 9
6 94 -7
6 73 -2
6 32 9
6 88 2
6 35 3
6 80 0
6 74 1
6 63 5
6 66 -8
6 15 -9
6 51 9
6 85 8
6 56 -2
6 39 -6
6 50 5
6 69 1
6 82 -7
6 61 9
6 91 0
6 54 -2
6 38 10
6 12 -9
6 30 -3
6 100 -9
6 87 2
6 64 5
6 17 -8
6 23 4
6 18 -9
6 90 -5
6 68 7
6 33 -3
6 7 10
6 89 -3
6 14 5
6 49 7
6 47 3
6 86 -5
6 60 4
6 44 8
7 16 -4
7 19 -1
7 9 4
7 15 9
7 11 -10
7 93 8
7 40 -1
7 29 -6
7 80 1
7 57 5
7 41 -4
7 64 -3
7 76 10
7 85 -9
7 65 6
7 38 -7
7 100 -7
7 53 3
7 50 4
7 87 5
7 90 -2
7 42 -9
7 39 -3
7 69 -6
7 83 -6
7 86 3
7 46 -1
7 45 2
7 88 -10
7 20 7
7 74 2
7 89 6
7 94 10
7 27 0
7 71 -10
7 8 7
7 47 -1
7 28 5
7 31 -3
7 59 2
7 79 -10
7 97 -10
8 63 -2
8 10 -7
8 71 3
8 83 -8
8 27 4
8 40 -1
8 25 5
8 60 3
8 58 -7
8 42 0
8 12 -10
8 82 2
8 21 3
8 55 -3
8 69 1
8 30 -9
8 51 10
8 87 -5
8 32 3
8 13 3
8 95 5
8 64 -10
8 26 7
8 66 -6
8 86 -2
8 98 9
8 81 5
8 20 5
8 53 4
8 47 1
8 50 3
8 19 -8
8 18 6
8 41 -7
8 92 -3
8 94 -8
8 72 -3
8 11 10
8 36 -10
8 38 3
8 52 10
8 59 6
8 35 -5
8 93 7
8 15 0
8 49 3
8 74 9
8 54 -6
8 85 -3
9 95 0
9 40 -2
9 74 6
9 75 6
9 24 -7
9 89 -9
9 81 7
9 23 4
9 37 3
9 22 7
9 48 4
9 35 9
9 33 -8
9 59 -10
9 88 1
9 30 10
9 82 6
9 70 -7
9 92 5
9 29 -6
9 21 -7
9 98 2
9 87 0
9 43 0
9 45 10
9 93 -1
9 69 4
9 80 9
9 31 10
9 58 10
9 50 2
9 60 0
9 17 -10
9 67 -2
9 56 -8
9 36 3
9 14 5
9 34 5
9 26 3
9 47 3
9 66 -5
9 96 1
10 30 9
10 87 -5
10 11 -2
10 49 2
10 84 2
10 68 8
10 59 6
10 89 -4
10 17 -7
10 25 -6
10 28 10
10 19 -5
10 48 10
10 20 -7
10 39 1
10 35 -5
10 80 9
10 46 2
10 22 10
10 67 2
10 56 4
10 81 -10
10 38 -6
10 60 -5
10 92 -1
10 96 -1
10 16 -8
10 75 2
10 98 10
10 71 -3
10 66 -4
10 79 7
10 82 10
10 85 6
10 27 1
10 77 8
10 40 0
10 78 -1
10 34 8
10 57 3
10 24 8
10 64 2
10 23 -6
10 62 -5
10 47 -10
10 94 3
11 18 3
11 97 -1
11 16 2
11 32 4
11 47 9
11 82 10
11 22 -10
11 62 1
11 63 8
11 79 -10
11 89 -5
11 45 0
11 37 -9
11 69 3
11 50 -8
11 15 3
11 88 2
11 14 -9
11 26 -9
11 73 -2
11 68 8
11 81 -3
11 78 -5
11 36 1
11 31 3
11 19 -3
11 34 10
11 24 6
11 99 -4
11 70 7
11 52 9
11 55 5
11 87 5
11 67 1
11 83 3
11 59 6
11 25 -4
11 64 10
11 13 -10
11 71 4
11 56 -5
11 46 -7
11 57 0
11 43 -7
12 90 -6
12 44 5
12 54 -10
12 28 -8
12 19 3
12 22 4
12 97 5
12 32 -4
12 85 -2
12 58 10
12 67 -8
12 82 0
12 35 3
12 30 -10
12 53 7
12 13 -1
12 52 -2
12 86 -10
12 48 -1
12 84 5
12 37 2
12 24 7
12 92 -2
12 83 0
12 91 6
12 34 6
12 57 -1
12 80 8
12 99 -8
12 16 -4
12 26 8
12 46 -10
12 43 -2
12 31 -8
12 36 -9
12 65 -9
12 64 2
12 20 -9
12 74 -4
12 23 -5
12 29 -8
12 95 -3
12 96 8
12 38 -1
12 49 0
12 17 0
13 22 3
13 85 5
13 90 8
13 97 -4
13 15 4
13 87 -6
13 44 10
13 38 6
13 31 10
13 51 0
13 18 10
13 47 -5
13 81 2
13 66 4
13 54 6
13 48 9
13 83 0
13 19 -7
13 58 5
13 52 4
13 56 10
13 42 -2
13 94 -9
13 35 -7
13 37 -7
13 64 2
13 91 -6
13 82 5
13 65 -10
13 40 -7
13 70 -4
13 41 5
13 67 -4
13 92 7
13 17 6
13 71 8
13 49 3
13 60 10
14 51 9
14 34 7
14 62 7
14 98 9
14 42 -9
14 16 -10
14 85 -2
14 77 -9
14 60 -8
14 23 -5
14 68 0
14 78 -2
14 86 5
14 73 10
14 72 5
14 70 2
14 37 3
14 44 5
14 80 -5
14 84 -10
14 32 -1
14 94 -8
14 29 3
14 43 -5
14 63 4
14 47 -2
14 40 1
14 83 0
14 89 -9
14 59 -9
14 18 4
14 33 3
14 88 -9
15 22 -7
15 37 6
15 73 5
15 17 3
15 100 9
15 39 7
15 88 -10
15 30 10
15 46 9
15 64 2
15 20 8
15 63 10
15 35 4
15 82 4
15 34 7
15 57 -8
15 67 2
15 80 -9
15 98 2
15 65 -4
15 90 1
15 53 -10
15 71 -5
15 74 10
15 69 -1
15 62 2
15 85 -4
15 78 8
15 92 2
15 19 -10
15 21 5
15 33 -8
15 76 1
15 47 5
15 44 -8
15 50 -3
15 93 8
15 58 4
15 43 9
15 91 -4
15 61 -7
15 28 8
15 99 -3
15 56 -9
15 87 -1
16 22 10
16 61 -4
16 67 -9
16 54 0
16 27 -1
16 36 8
16 69 -7
16 58 9
16 91 -9
16 95 0
16 66 -5
16 30 10
16 51 4
16 70 5
16 41 3
16 96 8
16 29 -10
16 32 7
16 60 1
16 75 -6
16 18 -5
16 37 -8
16 20 -9
16 72 -6
16 31 -4
16 86 0
16 23 -3
16 82 -9
16 77 -7
16 46 -4
16 90 -10
16 62 8
16 19 2
16 74 4
16 83 -10
16 97 -9
16 42 4
16 73 -6
16 38 4
16 21 -5
16 55 10
17 29 -2
17 59 -7
17 72 -3
17 63 -5
17 80 -2
17 22 -8
17 86 -2
17 82 -6
17 25 -4
17 30 4
17 71 5
17 53 4
17 69 10
17 18 9
17 94 2
17 79 -8
17 98 6
17 95 -2
17 84 3
17 87 3
17 56 4
17 20 -10
17 45 6
17 93 8
17 91 5
17 36 0
17 40 0
17 100 8
17 33 -9
17 62 8
17 34 -4
17 68 5
17 55 -10
17 81 0
17 49 -5
17 65 6
17 96 -6
17 73 1
17 97 -2
17 37 -4
17 70 -4
17 28 -6
17 58 7
17 76 -5
17 52 2
17 42 9
17 66 -2
17 64 3
18 78 1
18 49 4
18 44 -3
18 96 -6
18 39 -10
18 85 8
18 27 10
18 60 7
18 59 3
18 41 3
18 28 2
18 34 9
18 82 2
18 65 -9
18 84 6
18 42 -1
18 26 3
18 40 5
18 62 -4
18 77 8
18 56 6
18 72 -2
18 52 -8
18 66 -7
18 100 9
18 80 -2
18 88 -1
18 35 -8
18 74 4
18 61 0
18 92 -10
18 50 2
18 79 1
18 63 7
18 21 6
18 29 0
18 24 3
18 43 -1
18 23 -1
18 69 10
18 75 -7
18 99 -10
18 31 0
19 99 -8
19 69 -5
19 57 -4
19 94 -10
19 45 5
19 47 2
19 67 -5
19 92 -4
19 25 4
19 22 -3
19 62 -4
19 84 8
19 43 -5
19 65 -5
19 42 -3
19 52 9
19 30 -2
19 36 2
19 38 6
19 87 4
19 86 6
19 37 -7
19 90 -10
19 58 -3
19 74 5
19 98 4
19 66 -5
19 41 -8
19 46 -8
19 96 -6
19 71 5
19 68 -3
19 70 4
19 64 8
19 75 1
19 49 -9
19 31 -9
19 72 -1
19 26 -10
19 34 -4
19 61 5
20 45 -4
20 93 -4
20 59 -5
20 74 10
20 29 0
20 30 2
20 84 2
20 44 8
20 48 0
20 83 3
20 70 -3
20 65 1
20 75 1
20 66 4
20 69 3
20 90 -6
20 81 1
20 72 4
20 56 -8
20 38 8
20 85 10
20 41 -1
20 26 9
20 82 -9
20 22 -4
20 76 7
20 46 -3
20 61 -7
20 87 -1
20 73 10
20 55 10
20 94 -9
20 50 -5
20 33 5
20 89 -7
20 58 -10
20 86 -3
20 95 -5
20 53 -1
21 22 10
21 35 -6
21 46 3
21 66 5
21 87 4
21 57 0
21 88 -1
21 45 -7
21 92 0
21 95 -9
21 94 10
21 89 0
21 96 -6
21 42 9
21 100 -9
21 86 -1
21 83 3
21 28 1
21 78 10
21 65 5
21 41 -5
21 36 6
21 32 -6
21 79 -4
21 54 5
21 47 -9
21 55 2
21 63 -2
21 50 3
21 52 -3
22 73 9
22 94 3
22 53 -2
22 63 2
22 98 -8
22 36 4
22 85 -3
22 43 -6
22 68 -3
22 29 -4
22 89 6
22 96 6
22 76 -2
22 35 9
22 44 -4
22 60 -6
22 91 -3
22 66 -7
22 37 1
22 41 6
22 50 0
22 40 -4
22 86 1
22 52 9
22 55 -6
22 25 0
22 100 8
22 88 -8
22 84 -5
22 57 -4
22 47 -2
22 87 10
22 78 0
22 45 -4
22 82 -8
22 90 2
22 42 -2
22 31 -3
22 64 -7
22 74 8
22 33 3
22 48 9
22 27 7
22 58 -9
22 77 4
22 51 7
22 79 7
22 61 -3
22 69 -3
22 54 2
22 99 -3
23 96 1
23 90 0
23 29 -2
23 50 -6
23 38 0
23 62 4
23 68 -4
23 70 -9
23 95 0
23 57 -8
23 92 10
23 73 6
23 83 -6
23 47 7
23 42 5
23 61 7
23 75 -10
23 91 -5
23 99 -9
23 45 -7
23 27 -3
23 34 10
23 35 -9
23 43 -3
23 80 5
23 51 6
23 52 -10
23 56 -10
23 84 -10
23 88 -1
23 58 -4
23 69 -9
23 28 -9
23 82 1
23 86 -8
23 59 2
23 60 -4
23 76 8
24 80 -5
24 90 -3
24 75 4
24 25 4
24 52 -3
24 36 -9
24 74 -8
24 37 -4
24 44 0
24 70 1
24 68 8
24 28 1
24 99 3
24 62 -10
24 92 -4
24 43 -9
24 26 4
24 94 -7
24 86 -4
24 96 8
24 77 -4
24 55 -2
24 39 -4
24 79 -1
24 63 10
24 60 -5
24 53 7
24 40 4
24 88 9
24 45 7
24 30 3
24 81 5
24 58 -3
24 69 3
24 93 -9
24 32 -7
24 33 5
25 72 -8
25 34 -5
25 91 2
25 38 8
25 96 -8
25 83 -4
25 64 1
25 36 -3
25 60 4
25 58 1
25 71 8
25 67 3
25 100 1
25 86 2
25 68 7
25 55 -6
25 90 1
25 42 3
25 49 -3
25 50 -7
25 51 -4
25 47 -6
25 89 -10
25 28 1
25 77 -5
25 65 5
25 81 2
25 63 0
25 35 5
25 26 0
25 88 0
25 79 4
25 54 -3
25 98 -10
25 73 -1
25 59 -1
26 100 1
26 39 10
26 89 -4
26 92 0
26 79 8
26 75 -5
26 78 9
26 51 -4
26 27 -2
26 43 2
26 99 -3
26 42 1
26 72 8
26 69 2
26 58 -10
26 49 -9
26 44 3
26 37 0
26 83 -6
26 55 -8
26 71 6
26 88 10
26 33 -9
26 30 1
26 47 10
26 95 4
26 94 6
26 54 0
26 68 -10
26 84 -2
26 66 -6
26 91 -4
26 98 -7
26 59 8
26 31 -4
26 46 -6
26 86 -3
26 32 10
26 93 -2
26 29 2
27 44 1
27 56 6
27 78 1
27 34 -8
27 42 0
27 84 3
27 83 7
27 87 4
27 99 -1
27 43 8
27 53 2
27 57 -6
27 67 1
27 80 2
27 51 -1
27 41 -3
27 81 1
27 73 -9
27 54 9
27 30 -1
27 50 -2
27 75 -2
27 47 6
27 76 7
27 31 6
27 63 -5
27 82 -8
27 98 -5
27 93 -3
27 45 10
27 58 6
27 48 -8
27 86 4
27 66 6
27 38 -10
27 69 6
27 90 -10
27 72 -1
27 96 0
28 66 9
28 43 -10
28 63 -4
28 41 -7
28 50 1
28 49 6
28 47 -4
28 74 7
28 56 -4
28 53 4
28 88 10
28 72 6
28 85 -5
28 68 8
28 58 7
28 31 9
28 87 3
28 79 7
28 70 1
28 61 -8
28 84 -8
28 45 -9
28 34 3
28 46 -9
28 48 -9
28 78 6
28 36 2
28 35 -1
28 51 2
28 100 3
28 99 -10
28 96 0
28 29 10
28 71 -4
28 86 -1
29 86 -1
29 68 -8
29 48 -6
29 45 2
29 89 6
29 97 9
29 55 -9
29 43 -10
29 33 -10
29 34 -2
29 62 2
29 38 -6
29 81 5
29 71 -9
29 90 2
29 66 4
29 82 -6
29 87 5
29 63 -6
29 91 1
29 78 3
29 70 -10
29 46 5
29 74 0
29 75 8
29 100 4
29 40 6
29 56 -5
29 84 -3
29 98 2
29 80 4
29 79 8
29 52 9
29 36 10
29 35 -9
29 37 -1
29 94 -2
30 52 5
30 57 -4
30 38 -1
30 78 2
30 85 -4
30 37 -3
30 79 -9
30 88 -2
30 70 -10
30 63 2
30 56 6
30 46 4
30 55 -6
30 96 3
30 69 2
30 71 -9
30 48 -8
30 59 -2
30 51 -10
30 64 -3
30 53 -10
30 42 8
30 94 0
30 33 -3
30 72 -8
30 80 -3
30 84 6
30 54 3
30 100 8
30 77 -2
30 91 -8
30 89 8
30 86 8
30 32 -6
30 58 0
30 95 -5
30 43 -10
31 74 -6
31 70 -4
31 38 2
31 72 7
31 49 9
31 51 9
31 32 6
31 76 4
31 56 -4
31 93 -4
31 55 -4
31 80 6
31 86 5
31 96 -5
31 39 5
31 77 1
31 47 -6
31 71 5
31 83 -6
31 78 7
31 53 0
31 67 7
31 57 2
31 42 -4
31 54 -3
31 73 -1
31 75 1
32 89 -10
32 86 2
32 59 -9
32 47 -10
32 63 -8
32 92 -9
32 76 -9
32 69 -2
32 34 9
32 55 -7
32 81 4
32 66 -5
32 62 3
32 71 -5
32 42 6
32 82 1
32 90 2
32 65 10
32 52 6
32 94 7
32 95 -9
32 84 -9
32 83 -1
32 100 9
32 38 -3
32 41 5
32 54 10
32 33 4
32 67 -9
32 40 5
32 99 9
32 97 -10
32 49 7
33 81 -8
33 95 6
33 54 6
33 84 -1
33 77 7
33 94 3
33 82 6
33 100 0
33 40 -3
33 43 -9
33 65 -6
33 80 -5
33 75 -7
33 45 -1
33 90 10
33 35 8
33 36 6
33 92 -4
33 91 -1
33 85 -5
33 34 2
33 74 4
33 62 7
33 83 -6
33 44 7
33 60 -10
33 97 -10
33 96 8
33 72 0
33 68 4
33 52 -8
33 67 -5
33 50 -10
34 39 4
34 70 -1
34 74 -9
34 57 2
34 71 8
34 52 8
34 72 5
34 41 -7
34 80 -2
34 66 10
34 37 8
34 97 -8
34 87 -3
34 45 10
34 100 -7
34 42 10
34 47 10
34 63 6
34 36 2
34 53 -7
34 48 1
34 86 -3
34 92 -5
34 68 -1
34 95 7
34 62 -4
34 54 -5
34 84 8
34 93 0
34 49 -3
34 58 -8
34 65 -9
34 98 -4
34 88 -8
34 90 -6
34 35 -3
35 60 2
35 66 0
35 36 4
35 38 -8
35 71 5
35 49 -4
35 65 -5
35 52 8
35 48 0
35 54 0
35 79 8
35 77 -1
35 99 10
35 87 -5
35 78 4
35 59 6
35 90 -2
35 98 -5
35 100 -5
35 53 -10
35 94 -10
35 47 -5
35 41 -9
35 42 -8
35 89 -2
35 73 -2
35 85 -6
35 80 -6
35 55 5
35 96 8
35 67 0
35 92 9
35 45 6
35 69 3
36 75 10
36 83 -9
36 71 -1
36 70 -1
36 97 3
36 64 9
36 68 9
36 51 -3
36 50 10
36 76 3
36 99 3
36 77 5
36 62 3
36 59 -1
36 79 -1
36 66 -4
36 80 8
36 94 2
36 98 -8
36 54 -10
36 88 5
36 53 1
36 44 -6
36 41 1
36 92 -8
36 100 -10
36 43 -1
37 62 -7
37 99 1
37 85 3
37 79 -1
37 58 -10
37 82 0
37 41 -6
37 45 6
37 92 3
37 96 -3
37 53 -9
37 87 -10
37 39 7
37 86 -4
37 50 5
37 42 -10
37 44 -6
37 71 5
37 81 -7
37 59 -4
37 60 -7
37 80 -10
37 46 5
37 61 -1
37 89 -7
37 69 -8
37 68 2
37 77 -2
37 90 -4
37 97 6
37 95 6
37 57 8
37 91 -10
37 83 10
37 65 -6
37 78 -4
37 38 1
38 48 6
38 64 -2
38 46 5
38 79 -4
38 60 -4
38 67 8
38 63 -1
38 55 -4
38 76 0
38 61 5
38 74 -1
38 53 -3
38 47 7
38 73 -6
38 68 -3
38 66 4
38 51 -4
38 82 4
38 72 4
38 65 5
38 45 10
38 93 7
38 42 -7
38 50 1
38 88 8
38 57 -3
38 40 -10
38 75 -1
38 98 -7
38 90 4
38 91 10
38 56 4
39 97 -8
39 75 -2
39 68 4
39 98 -2
39 80 5
39 83 -8
39 74 -4
39 82 1
39 58 5
39 63 0
39 72 9
39 78 -5
39 64 10
39 40 -7
39 93 6
39 91 2
39 54 3
39 90 -3
39 81 0
39 77 2
39 45 4
39 65 1
39 44 8
39 70 6
39 48 9
39 52 5
40 51 7
40 70 -3
40 99 0
40 44 -8
40 82 -2
40 66 6
40 56 10
40 49 -9
40 59 -3
40 89 10
40 76 3
40 94 -5
40 43 3
40 68 -6
40 84 -5
40 73 1
40 85 3
40 64 0
40 97 1
40 88 8
40 95 6
40 52 -8
40 42 0
40 72 -8
40 50 0
40 45 -9
40 80 -2
40 55 -1
40 71 9
40 79 7
40 67 6
40 46 0
40 90 -8
41 81 10
41 57 4
41 93 -8
41 50 -9
41 99 -8
41 44 -8
41 76 1
41 82 6
41 62 9
41 46 5
41 96 1
41 64 3
41 89 8
41 95 5
41 91 -10
41 87 -9
41 70 -2
41 68 -1
41 73 4
41 66 -4
41 77 6
41 56 -8
41 74 9
41 100 10
41 79 3
41 51 1
41 53 -5
41 52 8
41 71 9
41 97 -2
41 65 0
41 63 0
41 61 -7
41 86 1
41 83 -5
41 42 -9
41 49 6
41 58 3
41 88 0
42 58 3
42 67 -2
42 82 -8
42 71 -6
42 79 0
42 66 -5
42 86 3
42 59 -10
42 65 -2
42 88 10
42 47 2
42 54 -5
42 85 9
42 63 -7
42 62 4
42 74 8
42 94 0
42 90 2
42 45 5
42 100 -2
42 89 -5
42 64 0
42 93 -9
43 68 -5
43 88 7
43 81 4
43 79 9
43 74 7
43 57 -6
43 54 3
43 46 -2
43 53 -3
43 47 5
43 44 8
43 93 -8
43 58 4
43 80 -3
43 82 0
43 65 10
43 77 10
43 72 -8
43 91 3
43 50 -4
43 75 5
43 84 8
43 87 3
43 95 2
43 73 1
43 92 -8
43 78 -9
43 51 5
43 48 7
43 56 6
43 90 -6
44 96 5
44 56 5
44 69 6
44 86 4
44 81 4
44 97 5
44 99 1
44 51 3
44 87 10
44 65 -8
44 75 1
44 53 -10
44 63 -9
44 92 -5
44 68 -9
44 82 8
44 66 -10
44 52 10
44 79 -9
44 71 2
44 46 3
44 45 -3
44 47 6
44 73 1
44 84 2
44 48 -5
44 88 -8
44 94 -6
44 57 4
45 61 9
45 48 0
45 55 -10
45 95 -1
45 96 3
45 53 -8
45 50 -5
45 63 -7
45 94 -1
45 46 -5
45 76 -3
45 66 0
45 54 -1
45 86 5
45 93 9
45 78 7
45 99 -4
45 87 7
45 74 1
45 92 6
45 72 4
45 97 4
45 77 5
45 56 -5
45 57 -4
45 67 -5
45 98 0
45 70 -10
45 73 -8
45 47 6
45 80 8
46 76 1
46 95 9
46 99 -3
46 50 3
46 53 0
46 70 6
46 78 -10
46 81 0
46 68 9
46 84 4
46 87 9
46 62 -7
46 91 8
46 88 -1
46 60 -2
46 56 -10
46 72 2
46 94 3
46 89 4
46 75 -1
46 93 -4
46 71 9
46 64 4
46 100 3
47 69 0
47 65 6
47 71 -8
47 59 4
47 74 3
47 95 1
47 76 10
47 58 1
47 99 -10
47 51 7
47 87 -7
47 73 5
47 84 8
47 88 -9
47 53 2
47 75 -3
47 90 8
47 54 -5
47 72 8
47 93 -5
47 70 10
47 79 -6
47 100 3
47 81 -9
47 98 1
48 61 5
48 65 9
48 66 8
48 82 -8
48 94 4
48 67 -4
48 50 3
48 87 1
48 51 -1
48 74 -4
48 68 8
48 62 4
48 77 6
48 64 -3
48 84 0
48 100 1
48 91 2
48 86 4
48 93 1
48 63 7
48 57 2
48 60 -6
48 53 -4
48 79 9
48 83 8
48 95 8
49 73 -6
49 59 7
49 57 -10
49 67 -8
49 74 2
49 77 5
49 75 1
49 89 -6
49 79 -1
49 71 3
49 88 -4
49 52 -4
49 78 -5
49 95 2
49 63 1
49 58 -2
49 53 5
49 97 -5
49 92 6
49 62 8
49 70 -7
49 87 7
49 82 9
49 86 2
50 76 -6
50 61 -6
50 65 4
50 58 1
50 91 -10
50 90 -9
50 94 2
50 77 2
50 81 -6
50 82 -10
50 69 4
50 86 -5
50 79 6
50 92 -3
50 66 3
50 96 -3
50 88 -7
50 53 7
50 70 9
50 71 2
50 63 5
50 62 1
50 75 -9
50 74 6
50 60 8
50 64 -10
50 97 10
50 93 1
51 92 -6
51 73 3
51 94 -5
51 90 5
51 71 10
51 93 1
51 89 10
51 91 0
51 100 1
51 60 7
51 88 7
51 99 -9
51 85 3
51 82 5
51 95 3
51 75 -6
51 59 6
51 97 -8
51 58 0
51 80 -6
51 66 5
51 57 -7
51 62 -1
51 74 -10
51 65 7
51 52 -5
52 87 3
52 68 2
52 84 8
52 53 2
52 95 -5
52 81 -8
52 89 -4
52 83 7
52 99 -2
52 82 0
52 75 -10
52 90 4
52 86 6
52 94 -7
52 71 7
52 66 1
52 76 9
52 67 1
52 58 1
52 60 3
52 96 -1
53 70 -5
53 55 -10
53 68 4
53 100 -9
53 83 3
53 64 -3
53 99 -6
53 75 -2
53 81 -2
53 61 4
53 96 0
53 67 -7
53 89 -4
53 59 5
53 63 -8
53 62 2
53 78 8
53 94 -3
53 54 -7
53 71 1
53 72 -7
53 79 -10
53 93 -3
53 91 2
54 61 6
54 93 -2
54 90 3
54 72 -4
54 67 9
54 79 -7
54 81 -4
54 68 3
54 70 7
54 75 -9
54 58 8
54 64 2
54 87 4
54 83 9
54 74 8
54 96 -10
54 78 4
54 65 2
54 56 4
54 71 1
54 95 2
54 63 5
54 91 -4
54 60 3
55 57 -10
55 67 5
55 79 10
55 58 -10
55 76 9
55 100 -10
55 78 -5
55 95 0
55 84 -10
55 88 -4
55 60 8
55 74 -10
55 64 -4
55 87 6
55 91 -2
55 72 -4
55 75 -4
55 61 -6
55 89 4
55 99 8
55 73 -2
55 93 -10
55 98 8
56 90 6
56 83 -3
56 100 3
56 91 -2
56 70 -4
56 73 -2
56 97 3
56 93 7
56 61 -8
56 94 7
56 80 -6
56 86 1
56 74 -8
56 60 0
56 95 1
56 58 9
56 82 -6
56 84 -2
56 77 -4
56 98 0
56 72 1
56 68 -3
56 76 -8
57 88 5
57 72 -8
57 83 -8
57 66 3
57 71 -5
57 69 8
57 86 5
57 65 7
57 98 8
57 68 6
57 96 2
57 97 -1
57 74 8
57 89 9
57 81 6
57 75 6
57 79 5
57 92 5
57 78 6
57 91 2
57 59 -8
57 87 -7
57 62 2
57 61 8
57 90 -8
57 99 2
57 70 10
58 96 -4
58 95 -10
58 71 -8
58 87 8
58 63 1
58 83 10
58 72 -1
58 99 4
58 78 9
58 68 7
58 94 4
58 69 4
58 65 5
58 73 4
58 85 8
58 81 -7
58 67 10
58 92 2
58 90 -3
58 89 2
58 75 -4
58 74 -4
58 93 7
58 80 -5
59 66 0
59 99 8
59 75 -2
59 98 -7
59 93 -1
59 64 7
59 90 9
59 63 10
59 85 0
59 91 2
59 94 5
59 68 10
59 61 -8
59 69 1
59 87 -9
59 95 -7
59 82 2
59 89 1
59 92 -7
59 79 10
59 78 5
60 89 9
60 83 2
60 86 -7
60 67 -8
60 96 6
60 66 -9
60 70 10
60 62 10
60 68 -4
60 75 9
60 88 -1
60 79 2
60 64 -6
60 74 0
60 78 -8
60 61 5
60 82 -2
60 80 -10
60 69 -1
60 71 -3
60 91 7
61 92 -7
61 74 4
61 96 2
61 63 0
61 87 9
61 65 -6
61 83 5
61 90 6
61 76 -3
61 69 -5
61 94 -7
61 67 -4
61 82 -7
61 71 8
61 80 1
62 79 9
62 85 0
62 92 -1
62 98 -3
62 82 -9
62 76 6
62 68 2
62 74 0
62 71 8
62 66 1
62 97 -7
62 87 -6
62 63 -2
62 69 -5
62 89 8
62 84 10
62 91 2
62 95 -3
62 67 -9
62 77 -7
62 96 1
62 86 -6
63 98 3
63 88 -1
63 89 0
63 90 6
63 68 4
63 65 5
63 82 8
63 87 0
63 73 5
63 74 1
63 81 5
63 93 3
63 71 4
63 67 -5
63 64 4
63 99 -1
64 80 -9
64 100 -1
64 67 5
64 88 -7
64 65 6
64 95 -10
64 99 -10
64 73 4
64 98 4
64 77 -1
64 83 4
64 66 4
64 92 -2
64 94 4
64 86 -7
64 85 10
64 91 8
64 96 6
64 74 8
64 69 2
64 84 -9
64 68 -7
64 82 -3
64 75 -8
65 76 -2
65 80 0
65 79 1
65 68 1
65 82 7
65 73 0
65 96 9
65 72 1
65 78 -7
65 77 -1
65 97 4
65 67 2
65 83 6
65 69 5
65 84 -8
65 93 -10
66 92 4
66 99 -5
66 80 3
66 98 -9
66 88 8
66 73 -7
66 67 10
66 91 -4
66 94 -3
66 77 7
66 79 5
66 71 -3
67 97 10
67 74 7
67 70 -9
67 71 -6
67 90 4
67 85 7
67 83 -4
67 82 -4
67 89 -6
67 94 1
67 87 -8
67 73 10
67 92 3
67 80 -7
67 95 8
68 70 3
68 74 10
68 83 5
68 96 3
68 98 1
68 79 -6
68 86 9
68 91 9
68 77 -3
68 87 -2
68 80 8
68 69 -2
69 100 8
69 87 6
69 70 -10
69 99 10
69 81 2
69 80 9
69 83 2
69 97 2
69 93 5
69 77 7
70 88 3
70 78 7
70 83 8
70 75 5
70 97 -1
70 82 -1
70 99 -3
70 91 2
70 96 -9
70 84 -8
70 86 -6
70 77 8
70 85 7
70 95 0
70 76 4
70 80 -6
71 89 8
71 93 6
71 91 3
71 90 9
71 92 -9
71 80 4
71 98 5
71 74 1
71 76 4
71 86 2
72 97 -6
72 77 -10
72 79 7
72 96 9
72 74 3
72 75 7
72 78 -3
72 91 -9
72 85 4
72 84 -2
72 81 -5
72 100 9
72 99 6
72 92 5
72 88 8
72 98 2
72 90 -3
73 74 -10
73 93 -8
73 97 1
73 87 -9
73 94 -4
73 77 3
73 84 5
73 80 -8
73 91 1
73 100 -2
73 75 -9
74 97 -8
74 77 -1
74 85 3
74 75 4
74 78 -4
74 88 -3
74 81 0
74 87 5
74 80 1
74 86 -6
74 82 3
74 95 7
75 82 -8
75 76 -7
75 90 4
75 89 3
75 86 -3
75 95 -8
75 87 -2
75 79 -5
75 92 3
76 91 -3
76 81 7
76 95 8
76 100 -8
76 96 9
76 98 2
76 86 9
76 92 1
76 88 -8
76 83 2
76 77 -9
76 87 -7
76 97 -4
77 96 0
77 100 0
77 97 6
77 98 4
77 99 7
77 92 -9
77 91 8
77 84 8
77 79 0
77 81 0
77 86 -4
77 94 5
77 78 10
77 82 10
78 88 1
78 89 8
78 84 -8
78 83 -4
78 92 2
78 82 5
78 97 -3
78 100 2
78 81 6
78 90 -9
79 86 2
79 93 -4
79 88 3
79 85 2
79 92 -8
79 91 7
79 98 10
79 99 7
79 84 -6
79 87 8
79 96 -2
79 90 -10
79 80 -3
80 92 -5
80 84 8
80 93 5
80 82 6
80 88 0
80 90 -4
80 87 -2
80 83 -3
80 86 4
80 97 -1
80 81 5
80 85 -5
81 95 -4
81 90 -8
81 97 -8
81 86 0
82 91 -4
82 90 7
82 95 9
82 94 3
82 92 -5
82 89 6
82 99 6
82 97 -2
82 98 -6
82 96 -5
82 84 4
83 92 0
83 97 -5
83 91 -9
83 86 -1
83 90 3
83 96 -1
83 85 2
83 100 10
83 98 4
83 99 -5
83 95 -10
84 98 2
84 85 2
84 100 8
84 88 2
84 86 4
85 89 8
85 98 3
85 94 -10
85 93 -7
85 100 6
85 97 4
85 90 -3
85 92 -7
85 95 -5
85 96 3
86 99 -10
86 92 -1
86 97 -10
86 96 -1
86 91 -5
86 95 -7
87 91 3
87 96 -5
87 99 -2
87 88 10
87 95 -8
87 92 2
87 100 1
87 98 -9
88 100 -3
88 98 0
88 91 8
88 97 2
88 95 6
89 97 10
89 98 0
89 93 -7
90 99 5
90 92 8
90 100 -8
90 95 9
90 98 -3
90 97 1
91 93 2
91 94 3
91 92 8
92 95 -9
92 98 -8
92 96 0
92 100 2
93 97 8
93 96 -6
93 95 -4
93 100 -9
93 94 3
93 99 -3
94 99 -10
95 99 1
95 97 10
95 98 -1
96 98 2
96 97 1
96 100 9
96 99 4
97 98 0
97 100 10
98 99 -3
