100 2475 
1 6 4
1 61 1
1 16 3
1 62 6
1 7 3
1 80 -2
1 85 -4
1 74 -7
1 3 -3
1 82 -7
1 87 4
1 51 0
1 66 0
1 97 8
1 45 5
1 65 -6
1 4 5
1 76 9
1 21 0
1 95 -4
1 79 -2
1 70 -4
1 91 0
1 13 5
1 84 -1
1 100 -7
1 8 7
1 57 -7
1 5 8
1 27 -1
1 53 -2
1 26 1
1 42 5
1 55 -9
1 64 7
1 73 -9
1 50 -1
1 11 -4
1 18 -1
1 78 7
1 34 -9
1 72 9
1 47 1
1 48 -3
1 98 -10
2 44 6
2 17 0
2 90 9
2 98 -2
2 8 7
2 49 2
2 14 3
2 76 6
2 23 9
2 24 4
2 91 9
2 88 7
2 73 -6
2 13 10
2 54 -5
2 27 0
2 71 -10
2 31 -4
2 7 -9
2 72 7
2 5 3
2 4 10
2 74 1
2 77 8
2 64 -3
2 19 5
2 80 7
2 20 2
2 52 -3
2 65 -1
2 69 -7
2 67 -5
2 34 -6
2 81 1
2 83 8
2 53 5
2 45 1
2 28 7
2 66 -2
2 46 -10
2 25 -2
2 39 8
2 40 -4
2 84 -1
2 33 -9
2 3 1
2 79 -9
2 9 -10
2 12 -2
2 87 2
2 29 9
2 47 -3
2 96 -7
3 89 8
3 27 -5
3 64 -7
3 97 -4
3 81 -6
3 36 2
3 73 -1
3 55 -2
3 12 -3
3 10 0
3 49 -1
3 23 3
3 47 -7
3 83 -4
3 45 3
3 56 -1
3 15 -4
3 98 5
3 59 -4
3 8 -3
3 79 4
3 20 0
3 100 1
3 30 4
3 93 8
3 76 6
3 14 -5
3 32 -6
3 22 5
3 94 10
3 82 -9
3 62 -8
3 60 8
3 67 1
3 74 3
3 50 -9
3 39 8
3 16 3
3 41 4
3 99 3
3 77 -9
3 13 6
4 60 5
4 24 -9
4 76 0
4 50 -3
4 43 -8
4 9 -4
4 41 4
4 63 -8
4 93 -6
4 35 1
4 48 -6
4 37 5
4 81 -4
4 27 -1
4 82 -2
4 67 7
4 34 4
4 25 0
4 83 -10
4 77 -6
4 36 10
4 69 -4
4 18 -3
4 40 -5
4 80 -3
4 16 -1
4 100 7
4 7 7
4 84 -5
4 72 -9
4 28 2
4 61 -4
4 12 -1
4 59 -2
4 99 6
4 64 8
4 75 4
4 30 9
4 19 10
4 17 -2
4 8 -3
4 29 -8
4 90 6
4 94 1
4 49 3
4 54 -5
4 45 10
5 85 -7
5 25 -2
5 65 7
5 22 2
5 60 7
5 45 -6
5 11 -5
5 24 -7
5 95 -8
5 9 9
5 17 -4
5 35 7
5 6 6
5 19 -8
5 100 -9
5 47 7
5 64 8
5 41 10
5 21 5
5 44 -6
5 80 3
5 82 2
5 63 3
5 13 2
5 81 0
5 79 6
5 8 -7
5 36 -7
5 61 8
5 92 -1
5 86 9
5 57 5
5 76 5
5 34 -8
5 55 8
5 46 -1
5 26 -5
5 72 6
5 93 -8
5 88 -1
5 66 8
5 10 9
5 28 8
5 32 -5
6 21 3
6 95 -1
6 63 -1
6 30 10
6 91 6
6 12 -7
6 50 -3
6 31 0
6 92 10
6 75 2
6 45 8
6 15 -10
6 13 3
6 77 -1
6 47 10
6 66 0
6 68 -10
6 36 -2
6 65 2
6 20 8
6 85 2
6 22 0
6 48 -10
6 17 3
6 71 -9
6 98 0
6 39 3
6 23 1
6 88 2
6 79 10
6 27 -1
6 26 -9
6 28 6
6 7 4
6 14 -6
6 67 -5
6 93 6
6 74 0
6 10 3
6 81 -3
6 42 -4
6 76 10
6 49 4
6 99 5
7 84 7
7 60 -7
7 89 -1
7 77 10
7 32 2
7 48 -4
7 42 -2
7 59 -4
7 20 -4
7 13 -4
7 37 10
7 46 -5
7 78 -9
7 8 -5
7 66 -6
7 71 -6
7 44 -9
7 19 -7
7 51 -9
7 63 3
7 26 -3
7 10 1
7 14 1
7 62 -8
7 97 -4
7 79 7
7 57 -10
7 98 -4
7 50 -6
7 9 9
7 88 -7
7 34 2
7 65 5
7 11 2
7 74 -2
7 100 -2
7 23 -2
7 39 -6
7 25 6
7 73 4
7 47 -6
7 54 -6
7 85 1
7 70 -3
7 22 -3
7 95 -3
8 44 0
8 83 3
8 21 -7
8 12 -5
8 42 0
8 53 5
8 26 -6
8 87 4
8 25 -4
8 63 1
8 90 3
8 39 -4
8 98 -7
8 29 -9
8 33 3
8 47 10
8 74 1
8 20 7
8 67 -7
8 89 1
8 62 1
8 70 10
8 10 -1
8 60 7
8 13 7
8 15 -5
8 66 9
8 28 6
8 46 -1
8 82 -5
8 100 0
8 58 -3
8 24 1
8 64 -2
8 76 3
8 48 -7
8 97 9
8 91 3
8 30 6
8 51 1
8 11 8
8 56 2
8 69 -5
8 81 -1
8 75 7
8 43 -6
8 85 9
9 65 0
9 63 -2
9 87 9
9 84 -3
9 38 -4
9 18 -4
9 93 -8
9 47 -7
9 13 -4
9 53 2
9 61 -10
9 52 -6
9 25 8
9 21 0
9 100 4
9 39 -5
9 10 -6
9 83 -3
9 12 1
9 15 6
9 64 2
9 99 3
9 70 8
9 82 5
9 28 -6
9 29 10
9 94 -6
9 49 -5
9 62 4
9 55 -2
9 71 0
9 14 6
9 44 -3
9 32 -2
9 26 -8
9 68 -10
9 20 -10
9 46 0
9 67 -9
9 86 8
9 36 -8
9 73 -6
9 66 -6
9 59 3
9 81 2
9 69 -1
9 41 8
9 40 -3
10 81 -3
10 86 10
10 52 10
10 40 -2
10 22 8
10 58 2
10 16 -9
10 76 -9
10 39 2
10 65 8
10 93 7
10 97 8
10 11 -1
10 44 6
10 75 -1
10 37 0
10 71 -1
10 87 -6
10 47 -1
10 56 1
10 36 -3
10 60 -4
10 34 9
10 61 -5
10 74 -3
10 88 8
10 82 4
10 78 8
10 89 -1
10 28 -7
10 83 2
10 54 -6
10 66 3
10 32 -10
10 46 -1
10 90 1
10 73 2
10 48 -7
10 91 -10
10 70 3
10 43 7
10 15 -1
10 49 9
10 100 10
10 72 -8
10 80 -2
10 84 3
11 61 -9
11 99 -8
11 26 6
11 98 -8
11 77 5
11 80 -4
11 52 5
11 40 -7
11 79 -10
11 75 -1
11 38 -4
11 15 7
11 66 -5
11 32 7
11 74 -1
11 87 8
11 65 5
11 37 4
11 30 4
11 73 -6
11 33 -9
11 50 -2
11 100 4
11 49 -5
11 14 -7
11 41 -6
11 91 -1
11 96 3
11 21 10
11 64 -5
11 68 -7
11 24 1
11 45 -10
11 85 5
11 92 -7
11 78 -10
11 94 -8
11 36 10
11 43 4
11 39 1
12 56 -9
12 97 -2
12 69 0
12 91 5
12 66 9
12 23 -4
12 79 -1
12 63 1
12 49 -7
12 33 -6
12 29 -3
12 65 0
12 13 8
12 39 5
12 92 -10
12 100 5
12 30 -3
12 71 -5
12 77 1
12 28 10
12 95 -1
12 15 -6
12 46 -10
12 76 6
12 44 2
12 85 5
12 35 10
12 18 7
12 98 6
12 54 8
12 48 4
12 80 -6
12 50 4
12 61 -3
12 73 4
12 42 2
12 16 -3
12 78 6
13 93 3
13 56 -3
13 44 6
13 34 3
13 40 4
13 78 8
13 97 8
13 61 3
13 16 -8
13 82 -3
13 33 8
13 100 7
13 26 -9
13 75 7
13 22 -2
13 99 -4
13 37 6
13 53 -6
13 28 9
13 77 1
13 29 -10
13 83 -8
13 54 -8
13 92 -4
13 23 -2
13 27 8
13 63 -3
13 35 -2
13 79 5
13 74 7
13 18 -2
13 62 9
13 14 1
13 71 6
13 58 10
13 89 -3
13 24 10
13 73 -4
13 81 4
13 67 0
13 59 6
13 45 10
13 94 2
13 98 -9
13 19 7
13 21 7
13 87 -4
14 46 -7
14 82 -7
14 24 -4
14 98 8
14 48 10
14 37 6
14 25 -9
14 56 -1
14 79 -6
14 16 -4
14 74 4
14 52 -4
14 61 -6
14 97 -10
14 55 -7
14 85 3
14 72 -10
14 63 -10
14 89 7
14 40 10
14 64 -4
14 35 -4
14 47 3
14 43 9
14 65 -3
14 88 -8
14 92 -7
14 90 1
14 23 9
14 83 4
14 99 -8
14 81 9
14 18 -1
14 32 0
14 96 9
14 68 -3
14 50 -9
14 77 8
14 29 -3
14 66 -8
14 41 -6
14 62 -3
14 70 -9
14 86 8
14 45 8
14 44 1
14 91 8
14 39 -2
14 53 1
14 78 -8
14 71 6
15 93 -8
15 70 -8
15 75 -1
15 69 -8
15 56 0
15 28 -9
15 65 0
15 63 -1
15 25 -9
15 92 4
15 41 -9
15 66 -7
15 80 7
15 49 -1
15 58 -1
15 59 -10
15 90 0
15 26 -6
15 37 8
15 76 7
15 82 8
15 39 -6
15 23 -1
15 16 1
15 60 8
15 34 -4
15 24 0
15 50 -1
15 94 9
15 88 7
15 51 -3
15 21 5
15 48 -6
15 27 6
15 47 9
15 96 6
15 57 -2
15 100 -7
15 97 -10
15 64 -4
15 53 -9
15 77 9
15 45 -10
15 52 5
15 44 -5
15 46 9
15 84 0
15 62 -1
16 71 -1
16 61 -10
16 33 -7
16 47 0
16 60 1
16 85 -2
16 51 9
16 58 7
16 48 7
16 32 9
16 67 -6
16 86 -7
16 31 -9
16 54 -1
16 56 -10
16 96 -7
16 34 -8
16 69 -9
16 39 -3
16 95 0
16 59 10
16 83 1
16 22 4
16 57 -1
16 63 -1
16 27 1
16 78 5
16 80 1
16 28 9
16 17 -1
16 90 2
16 35 -9
16 76 7
16 93 -1
16 87 7
16 42 2
16 75 8
16 20 10
16 92 6
16 26 2
16 46 -3
16 100 -7
16 98 1
16 89 -5
16 77 -9
17 76 5
17 54 -5
17 71 5
17 58 6
17 67 -1
17 36 3
17 75 -3
17 18 -2
17 32 -8
17 89 -9
17 57 7
17 88 0
17 85 -9
17 77 5
17 84 -3
17 97 10
17 87 -2
17 70 10
17 22 3
17 25 1
17 50 8
17 29 -3
17 21 -5
17 28 -8
17 40 -2
17 72 -9
17 55 -3
17 74 -7
17 19 2
17 51 -8
17 35 9
17 39 3
17 23 -2
17 52 0
17 63 3
17 33 3
17 64 -8
17 81 -9
17 53 -1
17 56 2
17 38 -4
17 62 -8
17 37 1
17 44 10
17 24 3
17 68 -9
17 65 -3
18 74 -7
18 55 8
18 95 8
18 38 -3
18 63 -8
18 70 6
18 58 8
18 66 7
18 22 -8
18 57 6
18 60 5
18 33 6
18 77 -2
18 52 6
18 79 0
18 85 0
18 29 8
18 64 -4
18 69 -9
18 40 -4
18 48 2
18 83 -4
18 72 1
18 88 3
18 86 9
18 34 -10
18 80 7
18 99 -8
18 23 -9
18 65 8
18 50 -2
18 89 -5
18 26 3
19 99 2
19 92 -8
19 94 -8
19 28 -7
19 20 10
19 76 10
19 74 9
19 23 -5
19 96 6
19 60 8
19 22 -6
19 95 2
19 50 5
19 80 8
19 39 -4
19 62 -5
19 38 -3
19 54 -7
19 89 -6
19 37 -2
19 98 10
19 24 -2
19 48 1
19 27 10
19 84 2
19 52 -8
19 97 2
19 53 10
19 30 7
19 79 5
19 58 -5
19 72 -9
19 25 8
20 41 4
20 76 9
20 49 4
20 93 -1
20 59 2
20 62 -2
20 79 -7
20 66 8
20 54 0
20 29 6
20 97 -5
20 83 -6
20 55 -9
20 71 3
20 31 9
20 58 -4
20 22 -5
20 46 1
20 52 7
20 89 -7
20 57 -8
20 21 8
20 81 5
20 25 8
20 34 -8
20 68 0
20 37 -8
20 51 -7
20 99 9
20 63 2
20 50 -7
20 74 -6
20 92 9
20 82 7
20 64 5
20 45 -9
20 77 1
21 51 -2
21 29 -10
21 26 4
21 92 2
21 70 10
21 64 5
21 39 3
21 25 -7
21 32 -2
21 28 -1
21 52 -9
21 88 -1
21 80 -8
21 71 -9
21 79 -7
21 33 -3
21 85 9
21 76 -6
21 78 -7
21 87 -2
21 97 -4
21 62 -10
21 84 9
21 73 8
21 67 8
21 54 -3
21 95 0
21 38 3
21 90 1
21 61 -3
21 74 8
21 58 0
21 99 2
21 49 -7
21 45 -7
21 43 -7
21 35 10
21 59 6
21 75 4
21 63 9
21 89 -5
22 64 6
22 32 1
22 31 1
22 78 -2
22 29 -1
22 70 6
22 44 3
22 61 -4
22 24 1
22 57 -10
22 73 -5
22 58 -10
22 81 4
22 62 0
22 39 5
22 72 -7
22 26 7
22 76 7
22 99 -7
22 33 -1
22 91 -4
22 89 -9
22 30 7
22 47 10
22 69 0
22 88 -7
22 79 8
22 51 7
22 53 3
22 67 7
22 66 -8
22 35 0
22 100 -9
22 97 10
22 34 10
22 80 7
22 43 0
22 83 -7
22 98 4
22 95 10
22 23 8
22 94 6
22 65 9
22 45 -4
22 55 -3
22 52 -6
23 38 4
23 76 2
23 34 2
23 72 -4
23 30 -5
23 58 -5
23 41 1
23 77 1
23 27 7
23 79 5
23 78 -6
23 56 1
23 51 -1
23 26 -4
23 73 -1
23 67 5
23 53 -6
23 24 -2
23 54 3
23 97 10
23 82 8
23 89 9
23 70 10
23 60 8
23 68 3
23 98 5
23 86 -9
23 87 -5
23 66 7
23 52 -3
23 48 2
23 32 -4
23 63 -4
23 93 5
23 94 -10
23 42 -9
23 45 6
23 47 -7
23 49 -8
23 59 -3
23 57 -5
24 44 -10
24 63 -2
24 77 -3
24 79 -5
24 62 6
24 38 1
24 29 10
24 90 3
24 95 -6
24 30 6
24 81 9
24 97 5
24 100 10
24 48 0
24 26 1
24 65 6
24 58 6
24 92 -5
24 85 9
24 46 -9
24 78 2
24 74 7
24 57 8
24 73 -3
24 93 -9
24 84 4
24 50 3
24 80 4
24 37 5
24 51 3
24 40 7
24 98 -1
24 86 6
24 82 -10
24 31 -5
24 35 6
24 42 9
24 47 2
24 88 -1
24 76 9
24 71 10
24 72 -8
24 96 9
24 56 -3
24 64 8
24 25 -4
24 99 -7
24 87 -10
24 89 -10
24 75 10
24 52 -9
25 66 -7
25 77 2
25 81 4
25 30 5
25 100 -9
25 83 6
25 41 0
25 26 3
25 79 -7
25 59 -7
25 45 -4
25 92 -6
25 33 7
25 94 -6
25 53 -7
25 27 9
25 44 -10
25 86 5
25 99 -10
25 60 -7
25 69 7
25 78 -10
25 96 -8
25 40 7
25 42 -8
25 63 1
25 50 4
25 29 3
25 65 -9
25 71 3
25 55 8
25 88 3
25 68 5
25 28 -2
25 52 4
25 76 -1
26 34 0
26 52 4
26 66 -8
26 70 6
26 57 0
26 67 -5
26 55 5
26 59 7
26 35 -9
26 45 -6
26 56 8
26 36 -7
26 72 5
26 39 5
26 99 9
26 71 -5
26 80 -8
26 89 8
26 61 2
26 43 9
26 30 -1
26 63 -7
26 37 -8
26 96 -10
26 28 -8
26 74 4
26 32 -7
26 78 -8
26 97 -1
26 100 -3
26 93 7
26 54 -6
26 40 -10
27 35 -10
27 79 -7
27 43 -6
27 37 -5
27 91 4
27 80 -5
27 97 8
27 58 -10
27 30 -6
27 84 0
27 41 -5
27 72 -5
27 54 3
27 55 3
27 48 -7
27 75 4
27 60 9
27 56 2
27 69 -7
27 90 5
27 46 -9
27 62 0
27 28 5
27 50 -6
27 98 1
27 65 0
27 34 3
27 99 6
27 71 0
27 40 -3
27 59 4
27 63 -6
27 95 0
27 53 -3
27 47 5
27 73 6
27 74 0
27 39 -1
28 81 -4
28 43 -1
28 59 -5
28 93 -2
28 70 9
28 74 1
28 88 7
28 91 10
28 48 -4
28 39 -1
28 47 2
28 86 -2
28 31 8
28 52 0
28 49 -3
28 58 2
28 96 -2
28 99 -10
28 33 -2
28 45 7
28 29 -8
28 80 -9
28 72 1
28 55 7
28 44 9
28 71 -1
28 61 -1
28 95 1
28 98 1
28 46 5
28 50 -2
28 76 -9
28 100 9
28 87 -3
28 78 4
28 79 5
28 38 4
28 57 10
28 30 2
28 82 3
29 36 3
29 81 -5
29 93 -10
29 51 -10
29 54 1
29 96 6
29 79 -6
29 39 0
29 37 7
29 53 2
29 65 -7
29 78 -2
29 42 -6
29 48 -2
29 63 -4
29 30 2
29 90 2
29 67 -5
29 100 2
29 59 -7
29 62 -2
29 83 8
29 64 -6
29 66 7
29 94 -3
29 98 -2
29 61 0
29 77 5
29 86 -3
29 49 5
29 38 -5
29 56 -6
29 43 0
29 47 -10
29 73 -4
29 88 -3
29 85 4
29 80 -6
30 66 -5
30 89 5
30 43 10
30 60 -8
30 57 9
30 85 8
30 99 -5
30 79 -9
30 68 8
30 97 2
30 86 -8
30 70 -4
30 62 9
30 40 -7
30 59 -5
30 51 3
30 53 -1
30 44 -6
30 45 2
30 39 -4
30 69 -9
30 67 2
30 96 2
30 87 2
30 47 -5
30 77 2
30 84 4
30 55 8
30 31 4
30 82 -4
30 65 -4
30 73 3
30 32 4
30 56 -6
30 64 -4
30 83 -9
30 33 0
30 93 1
30 98 -8
30 50 9
31 73 7
31 58 0
31 75 4
31 89 5
31 66 10
31 83 10
31 43 -4
31 34 3
31 51 -3
31 91 -3
31 52 -10
31 62 -4
31 84 7
31 94 9
31 59 -8
31 74 6
31 56 9
31 38 -2
31 95 10
31 61 1
31 69 4
31 76 10
31 98 6
31 60 -4
31 92 -10
31 39 10
31 36 5
31 41 6
31 44 8
31 82 0
31 78 1
31 54 3
32 44 10
32 69 2
32 50 10
32 47 1
32 90 -10
32 39 9
32 67 10
32 94 -2
32 81 7
32 84 -9
32 77 3
32 66 -3
32 63 10
32 98 6
32 56 -8
32 54 -3
32 95 0
32 73 -6
32 92 -6
32 42 -8
32 82 8
32 78 8
32 36 -4
32 37 -10
32 83 9
32 65 -10
32 100 -1
32 62 1
32 87 2
32 96 4
32 68 5
32 80 10
32 57 6
32 61 5
32 53 -3
32 99 -3
32 64 -1
33 37 3
33 49 3
33 59 -1
33 64 5
33 76 -8
33 96 10
33 51 0
33 66 4
33 52 -5
33 55 3
33 60 9
33 99 4
33 56 4
33 100 -2
33 86 -1
33 63 -2
33 42 5
33 90 9
33 67 0
33 77 -7
33 74 9
33 46 2
33 71 10
33 79 6
33 38 -7
33 81 -8
33 75 1
33 69 -4
33 85 9
33 61 -8
33 97 -1
33 57 -8
33 91 8
34 40 5
34 52 5
34 46 5
34 50 2
34 36 2
34 96 8
34 53 5
34 62 9
34 79 4
34 65 -1
34 48 1
34 39 -7
34 89 10
34 41 -7
34 81 -5
34 68 7
34 86 -4
34 73 -4
34 87 8
34 92 7
34 60 -3
34 83 1
34 91 4
34 70 -3
34 97 5
34 57 6
34 61 2
34 56 3
34 74 3
34 88 -10
34 72 -5
34 47 -2
34 42 -1
34 77 0
35 89 2
35 94 -2
35 91 4
35 46 1
35 63 -1
35 75 -10
35 58 4
35 43 5
35 78 2
35 87 -1
35 82 5
35 73 -9
35 61 4
35 72 -9
35 49 -2
35 51 -5
35 54 4
35 50 7
35 67 2
35 45 0
35 64 3
35 81 3
35 66 -5
35 97 -9
35 74 -9
35 86 -2
35 56 8
35 65 -3
35 95 -5
35 99 10
35 69 2
35 77 1
35 80 -3
35 38 -5
35 83 -3
35 42 5
36 87 0
36 73 -9
36 97 -5
36 71 -9
36 93 -5
36 46 -2
36 92 8
36 94 3
36 54 -5
36 62 -6
36 90 2
36 96 6
36 64 1
36 76 -6
36 77 -10
36 61 0
36 78 6
36 80 5
36 50 8
36 70 -8
36 47 9
36 95 7
36 52 7
36 39 1
36 91 -3
36 57 -3
36 82 -5
36 99 8
36 81 -5
36 56 10
36 100 5
36 74 2
36 79 4
36 84 8
36 72 8
36 65 10
36 68 -7
37 42 4
37 85 1
37 61 -1
37 90 7
37 46 9
37 87 10
37 54 -5
37 72 4
37 99 -3
37 63 2
37 57 -10
37 68 0
37 51 6
37 55 0
37 96 7
37 64 -4
37 73 6
37 40 -3
37 67 -8
37 93 -2
37 56 3
37 89 0
37 45 7
37 47 4
37 84 9
37 41 10
37 52 -4
37 94 7
37 53 -3
37 88 -8
37 95 7
37 98 5
37 79 1
37 59 8
38 59 -5
38 42 2
38 78 9
38 91 -9
38 53 1
38 63 10
38 84 2
38 71 -2
38 44 0
38 83 6
38 70 4
38 65 -8
38 45 2
38 88 -6
38 54 6
38 75 0
38 80 -2
38 66 2
38 99 -3
38 55 -4
38 77 -1
38 43 0
38 100 -7
38 68 7
38 60 8
38 95 -1
38 67 7
38 40 2
38 48 3
38 50 -3
38 98 -9
38 72 2
38 64 7
38 79 7
38 76 4
39 96 8
39 80 4
39 93 6
39 68 10
39 98 -6
39 53 -2
39 78 -2
39 74 3
39 57 4
39 87 5
39 82 -4
39 95 0
39 60 3
39 77 10
39 97 0
39 70 -5
39 85 4
39 79 -9
39 73 -8
39 56 1
39 48 -1
39 90 4
39 54 10
39 51 7
39 67 10
40 64 5
40 86 -8
40 43 0
40 62 -10
40 92 -10
40 95 -5
40 58 2
40 89 -4
40 87 0
40 78 5
40 48 0
40 50 -6
40 55 8
40 74 7
40 91 -6
40 99 9
40 60 10
40 65 -7
40 45 2
40 42 0
40 75 -6
40 61 10
40 47 -3
40 71 -9
40 66 0
40 82 -3
40 57 -10
40 94 2
40 85 4
40 46 -1
40 97 1
40 51 -4
40 70 7
40 53 -7
41 89 -10
41 42 -6
41 49 5
41 96 3
41 83 -8
41 67 1
41 57 1
41 53 -10
41 80 -3
41 93 0
41 62 -5
41 44 10
41 50 -3
41 85 4
41 77 10
41 56 5
41 79 4
41 46 -3
41 59 -7
41 94 -5
41 92 -1
41 100 -2
41 69 -9
41 66 9
41 81 -6
41 99 -6
41 63 5
42 89 -1
42 69 9
42 45 0
42 76 0
42 91 -8
42 79 1
42 68 -2
42 93 4
42 84 0
42 98 8
42 48 -7
42 78 3
42 43 -1
42 50 8
42 97 6
42 64 -6
42 59 -10
42 73 -3
42 65 4
42 94 -6
42 57 7
42 56 1
42 82 0
42 49 1
42 96 -7
42 63 -2
42 100 -8
43 96 -5
43 45 0
43 86 4
43 44 2
43 51 -7
43 97 7
43 94 -7
43 62 9
43 69 3
43 83 -7
43 82 3
43 92 1
43 52 6
43 65 -1
43 47 5
43 54 7
43 73 -5
43 48 -6
43 70 -7
43 66 -4
43 80 -10
43 91 -2
43 46 9
43 68 5
43 57 9
43 60 3
44 75 3
44 79 -6
44 85 -1
44 93 8
44 67 9
44 95 -1
44 64 7
44 77 -10
44 82 1
44 96 -9
44 84 2
44 78 -6
44 80 5
44 69 -8
44 76 7
44 62 1
44 54 9
44 60 9
44 100 -1
44 89 6
44 68 0
44 71 0
44 45 -2
44 49 -7
44 97 -4
44 66 3
45 54 -8
45 62 -7
45 48 2
45 58 -9
45 64 -4
45 93 1
45 83 8
45 68 5
45 52 9
45 77 6
45 71 -1
45 79 3
45 65 5
45 88 -3
45 46 8
45 75 -2
45 53 2
45 90 4
45 72 -6
45 96 7
45 57 -1
45 97 -2
45 80 -6
45 63 -10
46 88 -7
46 83 -3
46 91 3
46 67 -6
46 81 -6
46 76 -7
46 77 -5
46 99 7
46 85 0
46 84 2
46 93 -6
46 72 2
46 97 -1
46 54 6
46 79 6
46 49 1
46 70 -3
46 86 5
46 56 -4
46 47 -6
46 92 3
46 100 -8
46 63 -8
46 50 -9
46 69 7
46 82 -2
46 80 -2
47 64 2
47 95 4
47 53 -10
47 75 -9
47 72 3
47 50 -2
47 80 -1
47 68 -3
47 52 -5
47 91 4
47 82 6
47 97 -4
47 54 -7
47 55 8
47 81 -8
47 67 7
47 88 5
47 73 9
47 48 7
47 99 7
47 94 0
47 70 10
47 65 -6
48 72 -8
48 89 9
48 77 0
48 76 -2
48 73 2
48 52 0
48 75 8
48 87 -5
48 94 7
48 81 -9
48 68 10
48 95 7
48 50 8
48 58 2
48 66 9
48 88 -6
48 61 7
48 67 5
48 90 -5
48 83 -4
48 74 6
48 99 -9
48 64 7
48 51 -7
48 82 9
48 100 2
48 49 -9
48 98 5
49 95 9
49 61 2
49 67 2
49 59 0
49 90 -4
49 89 -4
49 55 5
49 86 -1
49 70 -9
49 69 -10
49 53 4
49 58 -8
49 82 8
49 76 5
49 51 3
49 77 2
49 56 6
49 87 -2
49 80 9
49 85 -5
49 72 -2
49 57 -7
49 64 -7
49 78 -2
49 96 -7
49 81 -3
49 83 9
50 69 -10
50 68 -4
50 62 0
50 98 -2
50 92 3
50 74 4
50 59 0
50 87 8
50 79 -3
50 60 0
50 82 10
50 73 -8
50 96 -8
50 88 2
50 93 3
50 72 -5
50 58 -7
50 78 -3
50 65 -1
50 80 4
50 99 4
50 56 2
50 77 -8
50 55 3
50 75 -5
50 91 4
51 62 -4
51 63 -8
51 88 7
51 84 -7
51 91 5
51 53 -2
51 96 0
51 93 8
51 95 -9
51 73 7
51 78 8
51 99 -10
51 57 -4
51 68 10
51 86 4
51 54 -2
51 64 7
51 56 5
51 80 -6
51 94 0
51 67 7
51 70 1
51 55 4
51 97 9
51 87 8
51 98 3
51 60 -6
52 82 1
52 72 8
52 65 -8
52 66 7
52 59 -1
52 99 4
52 81 5
52 74 -6
52 91 -10
52 75 -2
52 94 -7
52 54 -4
52 53 -3
52 92 -4
52 64 -4
52 78 10
52 88 -3
52 58 8
52 80 9
53 61 -3
53 83 5
53 67 -9
53 84 10
53 64 3
53 91 1
53 56 -5
53 75 -10
53 90 -6
53 54 -8
53 69 -9
53 85 -8
53 74 5
53 100 0
53 58 1
53 95 -3
53 59 5
53 79 0
53 73 7
53 81 7
54 75 5
54 69 -2
54 87 -2
54 67 -3
54 85 -8
54 72 7
54 70 5
54 83 5
54 80 10
54 64 4
54 95 -2
54 57 -3
54 82 0
54 78 -4
54 97 -9
54 59 5
54 98 -1
54 77 -5
54 58 10
54 86 -5
54 61 -5
54 76 4
55 90 -10
55 78 -9
55 70 -2
55 72 -10
55 94 4
55 88 -1
55 91 -2
55 57 -4
55 71 7
55 59 -7
55 74 -1
55 69 9
55 96 -4
55 92 -7
55 79 -8
55 58 3
55 99 -4
55 66 -10
55 61 7
55 62 6
56 75 9
56 97 -3
56 91 8
56 87 10
56 85 -8
56 59 7
56 78 0
56 79 2
56 61 -4
56 89 2
56 73 8
56 76 -10
56 80 0
56 88 9
56 57 9
56 95 -9
57 62 3
57 76 -6
57 98 3
57 99 -1
57 58 6
57 96 3
57 63 7
57 61 0
57 68 -8
57 80 8
57 65 -5
57 95 -8
57 93 -8
57 75 -10
57 69 -10
57 79 -9
57 94 -9
57 67 -5
57 90 3
57 88 9
57 91 -1
58 77 9
58 80 0
58 90 -3
58 87 5
58 74 -10
58 98 -4
58 97 -9
58 61 4
58 79 1
58 70 9
58 84 7
58 99 -6
58 93 6
58 71 -10
58 69 4
58 60 7
58 62 9
58 94 2
58 81 10
59 90 2
59 85 -5
59 74 -9
59 95 -10
59 94 3
59 75 -5
59 68 -1
59 61 4
59 62 -6
59 63 -8
59 80 -8
59 64 8
59 84 0
59 82 9
59 98 -10
60 61 2
60 72 -9
60 89 -3
60 99 3
60 62 5
60 64 -6
60 67 9
60 82 -4
60 69 10
60 84 8
60 80 5
60 68 9
60 74 -8
60 78 -4
60 93 -5
60 88 -7
60 83 5
60 81 -2
60 95 6
60 66 9
60 73 5
61 94 -1
61 90 -10
61 79 -7
61 86 -7
61 93 -5
61 87 -8
61 73 -2
61 77 0
61 69 -6
61 91 0
61 89 -4
61 85 -4
61 98 5
61 84 -1
61 64 3
61 63 -7
61 72 9
61 67 -8
61 74 -8
61 88 2
61 70 1
61 96 7
61 80 5
61 100 -5
61 68 2
62 73 -5
62 87 -1
62 84 10
62 75 0
62 68 -6
62 78 4
62 69 -4
62 99 -1
62 93 1
62 76 1
62 95 9
62 82 -7
62 71 4
62 77 -9
62 63 6
62 96 -10
62 97 0
62 91 8
62 74 -8
63 100 5
63 75 -3
63 91 -4
63 93 -2
63 76 6
63 66 -4
63 92 -5
63 87 -5
63 86 5
63 80 -10
63 69 -6
63 74 -6
63 90 2
63 81 0
63 83 -9
63 79 -7
63 72 -4
64 76 4
64 88 9
64 94 -6
64 74 -8
64 95 6
64 83 -7
64 72 4
64 81 -7
64 100 -9
64 97 4
64 75 -2
64 71 9
64 98 3
64 80 -8
64 89 -7
64 96 -8
64 77 2
64 67 6
64 78 -10
64 65 -7
65 99 6
65 70 -5
65 100 0
65 84 9
65 87 7
65 81 2
65 75 -8
65 73 0
65 68 1
65 85 -5
65 66 -9
65 93 -4
65 76 2
65 67 2
65 90 3
65 98 -4
65 71 2
65 69 0
65 80 -2
65 74 5
65 95 -7
66 84 2
66 97 4
66 98 -6
66 83 6
66 82 7
66 99 -10
66 79 -2
66 67 10
66 90 5
66 88 -1
66 72 -7
66 94 -8
66 76 6
66 75 -4
66 81 -5
67 76 -9
67 68 -2
67 89 9
67 87 -6
67 86 -6
67 73 9
67 79 3
67 77 -2
67 82 -4
67 97 8
67 80 0
67 88 -8
67 85 -4
67 91 9
67 69 -1
68 87 -10
68 100 2
68 97 -5
68 79 2
68 74 -6
68 73 0
68 96 2
68 91 -8
68 85 1
68 82 8
68 95 7
68 72 -6
68 98 4
68 78 10
68 94 6
69 77 3
69 81 6
69 98 -2
69 86 3
69 93 1
69 89 1
69 83 9
69 84 -5
69 88 4
69 74 2
69 91 -6
69 97 6
69 80 2
70 94 4
70 88 6
70 89 9
70 71 7
70 91 -4
70 97 7
70 85 -4
70 96 -2
70 98 8
71 74 -4
71 88 -10
71 87 -1
71 83 6
71 86 -4
71 91 -10
71 79 9
71 81 10
71 92 -1
71 96 -5
71 98 6
71 97 -4
71 95 -7
71 84 -7
72 89 8
72 98 -2
72 81 -6
72 82 -7
72 77 7
72 91 -5
72 97 10
72 84 -8
72 73 7
72 100 3
72 85 -8
72 83 -4
72 75 7
72 90 -2
72 93 -8
72 88 -10
72 87 -4
73 85 -3
73 89 2
73 97 0
73 94 5
73 79 -8
73 96 5
73 88 -1
73 81 -3
73 74 -10
73 98 5
73 90 -2
73 77 -4
73 80 -1
74 99 -4
74 96 2
74 100 0
74 79 10
74 91 2
74 75 7
74 87 5
74 89 2
74 76 7
74 95 -4
74 92 0
74 83 5
74 80 7
74 98 -6
74 84 -8
74 82 9
74 85 2
75 77 0
75 94 -3
75 100 8
75 95 -6
75 86 7
75 84 0
75 97 1
75 78 5
76 88 -2
76 91 5
76 83 5
76 92 1
76 99 5
76 95 10
76 96 7
76 89 -2
76 87 5
76 86 8
76 90 4
76 100 -4
76 80 -5
76 82 6
76 78 0
77 88 1
77 90 -1
77 78 3
77 82 2
77 80 -9
77 81 10
77 95 7
77 93 5
77 79 1
77 92 0
77 97 4
77 83 2
78 83 3
78 88 -8
78 80 -4
78 97 -5
78 99 5
78 86 -8
78 100 6
78 89 1
79 81 -8
79 86 2
79 95 3
79 82 5
79 98 0
79 94 8
79 90 5
79 80 -10
79 93 4
79 91 -5
79 96 8
79 92 -10
80 88 -7
80 91 8
80 82 -8
80 92 -3
80 93 10
80 84 4
80 99 -2
80 100 4
80 81 -3
80 98 -10
80 87 -3
80 96 5
80 97 -6
80 86 -8
81 95 -4
81 90 -9
81 86 -3
81 99 7
81 100 4
82 85 9
82 86 3
82 94 10
82 93 -7
82 95 4
82 98 -1
82 88 2
82 83 6
82 99 10
83 91 10
83 90 9
83 88 -7
83 94 -9
83 96 -7
83 93 7
83 97 0
84 100 9
84 89 3
84 87 8
84 95 1
84 85 -1
84 92 0
84 90 -7
84 99 -10
84 94 -2
85 99 5
85 89 7
85 93 -1
85 92 8
85 100 -10
85 97 -7
85 95 -2
85 94 4
86 98 7
86 96 -6
86 87 10
86 90 9
86 92 8
86 97 -3
86 100 -9
86 91 -5
87 90 3
87 94 -7
87 93 6
87 91 10
87 89 -4
87 88 -6
88 94 6
88 91 -5
88 92 3
89 99 -1
89 90 10
89 93 8
89 96 -10
89 94 -4
89 98 3
89 92 -10
89 95 -1
90 97 6
90 91 -9
90 98 -5
90 92 -8
90 95 8
90 94 -4
91 100 7
91 98 -9
91 96 -5
91 97 -10
92 95 -2
92 100 5
92 99 -7
92 98 10
92 94 -9
92 97 0
92 93 10
94 98 -8
94 95 0
94 100 9
95 100 -2
95 96 -4
95 99 3
96 97 3
96 100 -2
97 99 3
97 100 -4
98 99 2
99 100 9
