100 2475 
1 18 -7
1 84 1
1 63 -6
1 9 -9
1 61 -5
1 33 -8
1 80 4
1 55 0
1 81 7
1 26 -4
1 86 -8
1 47 -3
1 90 -9
1 75 0
1 94 1
1 12 -7
1 88 -1
1 72 -1
1 27 -10
1 85 -5
1 68 2
1 98 -9
1 51 -2
1 91 9
1 64 -8
1 24 0
1 40 -5
1 35 -1
1 57 4
1 45 10
1 95 -6
1 13 -8
1 10 8
1 49 -6
1 79 0
1 42 1
1 62 8
1 11 -6
1 66 -1
1 54 -9
1 21 -9
1 53 5
1 71 -8
1 82 8
1 23 -3
1 70 8
1 39 7
1 97 1
1 73 5
1 20 2
1 78 -2
1 87 -5
1 67 -3
1 46 -2
1 83 -5
1 60 -1
2 35 5
2 24 -8
2 6 -2
2 5 8
2 8 -5
2 68 -1
2 70 3
2 77 2
2 85 -4
2 94 4
2 92 -9
2 89 -4
2 55 10
2 53 2
2 47 9
2 32 6
2 36 5
2 4 -5
2 3 1
2 34 5
2 33 3
2 10 5
2 86 7
2 11 7
2 97 9
2 15 -8
2 17 4
2 49 -2
2 39 10
2 69 -5
2 7 10
2 20 -3
2 60 -8
2 75 -1
2 29 -4
2 45 8
2 98 3
2 79 10
2 76 -5
2 91 6
2 12 5
2 44 6
2 82 7
2 26 8
2 88 -1
2 61 6
2 59 -6
2 96 -4
2 18 2
2 56 -7
2 13 6
3 38 -2
3 70 -8
3 60 8
3 16 -6
3 36 -7
3 84 3
3 53 8
3 92 -5
3 99 6
3 13 -1
3 75 -8
3 67 8
3 91 -4
3 21 3
3 14 3
3 69 6
3 20 6
3 76 -3
3 19 -5
3 90 -4
3 96 4
3 98 1
3 78 -10
3 80 5
3 11 8
3 95 8
3 49 -2
3 52 -5
3 18 2
3 37 0
3 17 3
3 26 5
3 4 2
3 48 -8
3 42 1
3 85 5
3 9 -10
3 79 -9
3 72 1
3 51 3
3 94 -6
3 66 -3
3 8 6
3 43 2
3 41 -9
3 82 5
4 24 1
4 65 -10
4 73 8
4 37 8
4 43 -1
4 91 2
4 39 -3
4 96 5
4 25 -7
4 75 6
4 70 -2
4 21 5
4 12 10
4 47 0
4 28 8
4 80 4
4 66 1
4 56 5
4 7 -6
4 97 6
4 53 -2
4 78 9
4 42 -3
4 8 -1
4 92 9
4 48 9
4 57 -8
4 20 -1
4 32 -10
4 89 -5
4 34 -1
4 93 -5
4 13 0
4 67 -5
4 85 -5
4 88 -7
4 69 -3
4 40 6
4 15 8
4 86 -6
4 71 7
4 18 -9
4 30 -5
4 74 -3
4 26 2
4 76 0
4 81 -4
4 82 -4
4 11 10
4 72 8
4 77 -5
4 36 9
5 95 -4
5 41 1
5 54 -6
5 57 8
5 74 -3
5 75 3
5 34 3
5 48 -5
5 55 9
5 22 9
5 15 5
5 93 -1
5 21 9
5 76 1
5 81 7
5 84 -2
5 19 -8
5 47 0
5 77 1
5 25 2
5 29 -9
5 30 6
5 43 -2
5 71 -6
5 85 -4
5 35 5
5 63 6
5 6 6
5 26 -3
5 13 3
5 80 9
5 50 3
5 28 -9
5 7 6
5 58 -4
5 27 -7
5 40 5
5 31 -9
5 18 -10
5 11 2
5 90 -2
5 42 0
5 98 -5
5 12 -9
5 94 6
5 69 1
5 83 0
6 76 -6
6 35 5
6 22 5
6 78 6
6 46 -5
6 8 4
6 87 2
6 13 1
6 88 0
6 89 -6
6 64 6
6 31 10
6 17 -1
6 95 3
6 62 -4
6 34 -5
6 51 6
6 54 0
6 70 0
6 80 -9
6 44 6
6 83 -4
6 79 3
6 55 1
6 58 1
6 73 -6
6 25 -6
6 27 2
6 9 1
6 59 -9
6 86 -4
6 49 -8
6 60 -9
6 75 1
6 93 2
6 97 2
6 39 -3
6 21 -3
6 11 2
6 52 -1
6 77 4
6 15 6
6 67 -8
6 68 -9
6 33 5
6 69 6
6 10 -4
6 16 10
6 29 4
6 63 -4
7 51 -3
7 21 -10
7 43 1
7 65 5
7 98 -6
7 22 -8
7 42 -3
7 28 -6
7 55 -4
7 85 -6
7 38 -10
7 15 -4
7 75 -1
7 74 -6
7 14 0
7 23 -10
7 47 -4
7 49 -6
7 81 -8
7 27 -2
7 30 5
7 66 5
7 99 5
7 34 -6
7 31 -10
7 52 -7
7 89 -3
7 24 3
7 61 5
7 48 9
7 56 -6
7 9 9
7 54 -8
7 53 4
7 82 8
7 73 3
7 92 1
7 13 9
7 68 1
7 97 10
7 77 9
7 40 -2
7 19 -3
7 95 -3
7 25 -4
8 50 5
8 41 -3
8 57 -4
8 16 -6
8 44 10
8 66 10
8 62 -8
8 98 9
8 26 5
8 68 -8
8 72 -2
8 96 2
8 45 10
8 83 -6
8 97 4
8 33 4
8 56 -7
8 82 -8
8 28 5
8 75 4
8 12 -9
8 79 -10
8 30 -3
8 29 -5
8 48 10
8 25 1
8 85 7
8 15 8
8 43 6
8 24 7
8 47 -4
8 70 -7
8 74 -9
8 99 -6
8 18 -9
8 73 1
8 90 2
8 69 3
8 89 -5
8 100 9
8 77 -10
8 87 -2
8 59 -8
8 42 -5
8 94 -6
8 34 2
8 39 8
8 80 10
8 32 -3
9 71 -3
9 47 7
9 57 -6
9 21 10
9 91 1
9 36 10
9 76 -4
9 27 6
9 43 0
9 72 5
9 86 3
9 55 0
9 98 -10
9 50 0
9 10 -10
9 96 -6
9 14 1
9 48 -10
9 56 -1
9 89 4
9 26 -9
9 40 6
9 15 -9
9 12 -4
9 65 3
9 31 -8
9 93 -6
9 52 0
9 24 7
9 78 -3
9 87 1
9 70 2
9 29 9
9 22 2
9 100 -1
9 84 2
9 35 -8
9 46 -1
9 32 5
9 19 9
9 11 8
9 85 2
9 53 3
9 51 8
9 81 -10
9 63 10
9 39 -3
10 30 -10
10 90 -7
10 45 -9
10 83 -7
10 33 4
10 17 -10
10 21 -10
10 47 -1
10 76 7
10 75 10
10 59 -6
10 25 10
10 28 2
10 89 0
10 80 -8
10 46 1
10 38 -2
10 98 -3
10 63 -7
10 64 -1
10 42 6
10 60 -3
10 55 -9
10 20 6
10 18 -2
10 16 -9
10 61 -4
10 100 -7
10 71 9
10 84 8
10 32 -9
10 27 9
10 74 1
10 19 10
10 73 -8
10 99 -10
10 86 -9
10 82 0
10 15 -6
10 51 -3
10 52 -8
10 66 -2
10 94 2
10 87 -7
10 37 -5
10 35 -5
10 13 10
10 88 1
10 85 -5
11 30 -9
11 48 -5
11 92 8
11 79 5
11 49 -3
11 56 9
11 32 1
11 29 -10
11 60 2
11 21 8
11 59 6
11 14 -10
11 61 -6
11 67 1
11 98 -1
11 95 -9
11 35 -5
11 57 3
11 25 1
11 24 -10
11 62 -1
11 73 -8
11 66 -7
11 41 -7
11 34 1
11 12 8
11 39 -8
11 72 -4
11 19 3
11 17 1
11 83 2
11 27 -7
11 84 0
11 68 -4
11 18 -10
11 90 -10
11 38 7
11 33 -10
11 64 0
11 52 -10
11 94 10
11 44 -3
11 87 -9
11 50 2
11 23 6
11 96 1
11 13 -5
11 70 -4
11 36 3
11 16 2
11 28 6
12 92 -7
12 48 1
12 60 -5
12 54 9
12 46 9
12 32 7
12 52 3
12 28 -5
12 33 -5
12 36 0
12 93 5
12 23 -5
12 56 -9
12 73 1
12 38 2
12 49 -1
12 89 -4
12 87 -9
12 78 8
12 45 3
12 41 -7
12 76 -7
12 58 0
12 61 3
12 86 -6
12 66 -10
12 88 10
12 51 -8
12 40 3
12 44 5
12 100 -5
12 21 2
12 20 -6
12 24 -1
12 30 7
12 69 6
13 81 1
13 56 -1
13 73 -4
13 20 4
13 72 -10
13 37 2
13 76 2
13 28 -1
13 71 -8
13 53 2
13 44 -9
13 61 -2
13 68 -5
13 33 -8
13 96 -4
13 69 -7
13 38 -10
13 87 -7
13 75 8
13 30 5
13 32 1
13 93 -6
13 90 6
13 48 0
13 18 -9
13 27 3
13 29 -6
13 74 4
13 64 -2
13 22 4
13 35 -3
13 92 8
13 94 5
13 66 -1
13 45 -10
13 97 8
13 31 -6
13 59 1
13 24 -5
13 46 0
13 26 -9
13 99 6
13 15 3
14 67 -10
14 15 6
14 64 -4
14 29 -8
14 71 4
14 16 -7
14 51 -8
14 42 -9
14 58 4
14 83 -6
14 27 -7
14 46 9
14 97 -4
14 63 7
14 68 -7
14 99 -1
14 25 1
14 24 8
14 18 -1
14 69 -2
14 19 4
14 45 -8
14 20 5
14 47 -8
14 93 -4
14 98 -3
14 28 4
14 53 -10
14 94 10
14 86 4
14 22 -5
14 26 3
14 84 1
14 75 -5
15 89 6
15 24 10
15 29 -3
15 43 -5
15 88 10
15 45 8
15 51 -7
15 34 -4
15 46 5
15 63 10
15 94 -1
15 56 2
15 32 -5
15 28 5
15 30 -10
15 26 -1
15 91 5
15 77 -1
15 74 -2
15 57 -9
15 87 -2
15 35 9
15 39 10
15 75 6
15 67 2
15 95 6
15 90 -7
15 16 0
15 23 -3
15 71 9
15 33 -5
15 68 -2
15 78 5
15 31 -10
15 36 -4
15 70 10
15 86 8
16 29 -5
16 68 -4
16 75 -8
16 69 3
16 54 -9
16 84 6
16 79 7
16 59 -3
16 55 -8
16 67 7
16 27 1
16 61 3
16 33 -10
16 38 -10
16 93 5
16 48 5
16 99 8
16 83 -9
16 36 6
16 44 -4
16 97 -4
16 30 -8
16 77 -1
16 43 10
16 98 -6
16 18 -6
16 34 3
16 89 -10
16 91 0
16 28 0
16 39 -5
16 90 3
16 78 -10
16 64 -9
16 92 -9
16 63 9
16 22 -6
16 72 0
16 21 6
17 62 7
17 92 2
17 82 10
17 91 -2
17 26 -7
17 66 -4
17 24 -7
17 96 1
17 95 -10
17 20 -9
17 46 -6
17 45 -6
17 18 10
17 71 -9
17 43 -8
17 78 -10
17 90 -8
17 38 -10
17 54 0
17 33 4
17 87 3
17 100 -6
17 31 4
17 77 3
17 52 -8
17 59 -2
17 35 9
17 75 -6
17 76 3
17 74 10
17 97 -3
17 55 7
17 93 9
17 84 -4
17 64 -4
17 86 3
17 39 -7
17 60 3
17 21 9
17 44 -4
17 47 2
17 32 9
18 54 9
18 32 -10
18 48 1
18 97 9
18 86 -8
18 68 7
18 45 -6
18 40 -8
18 90 -2
18 66 4
18 81 0
18 93 -9
18 61 6
18 42 5
18 41 -7
18 62 -6
18 51 -8
18 78 3
18 28 7
18 65 2
18 83 3
18 64 4
18 60 5
18 49 -4
18 92 5
18 31 -8
18 71 10
18 82 4
18 19 -7
18 36 9
18 34 9
18 24 10
18 56 6
18 87 -5
18 50 5
18 30 1
18 38 -10
18 53 -6
18 27 -1
18 55 8
18 77 -4
18 69 1
18 88 2
19 25 4
19 52 -10
19 97 -1
19 72 -3
19 31 9
19 38 0
19 29 8
19 90 10
19 99 4
19 71 9
19 88 -8
19 77 1
19 42 -5
19 91 -9
19 59 -8
19 30 -7
19 51 -5
19 73 -2
19 24 -6
19 39 -9
19 76 3
19 49 10
19 92 4
19 84 3
19 45 0
19 60 5
19 36 7
19 87 3
19 37 0
19 78 2
19 48 -6
19 56 6
19 83 -3
19 70 0
19 80 0
19 28 0
19 50 6
19 64 10
19 34 -1
19 33 8
19 82 8
19 57 -1
19 20 -10
19 95 -9
20 93 6
20 33 7
20 96 9
20 71 -1
20 75 -4
20 83 -8
20 76 -1
20 50 2
20 85 5
20 65 -7
20 39 3
20 44 9
20 60 -4
20 25 -4
20 97 -5
20 69 9
20 94 10
20 74 -7
20 31 1
20 38 -10
20 100 -10
20 49 -5
20 67 0
20 98 6
20 40 -9
20 99 3
20 58 10
20 57 -4
20 90 -9
20 45 5
20 56 -7
20 55 9
20 62 -3
20 30 7
20 48 -3
20 79 2
20 63 9
20 84 -1
20 77 6
21 92 7
21 69 -8
21 71 -6
21 77 -1
21 97 4
21 52 -10
21 50 8
21 56 -9
21 73 0
21 59 -10
21 67 2
21 22 -6
21 98 -9
21 40 -1
21 55 0
21 86 9
21 91 7
21 62 5
21 31 8
21 47 -4
21 46 -10
21 51 9
21 84 -2
21 41 10
21 42 6
21 82 2
21 35 -8
21 34 -1
21 88 4
21 37 0
21 60 3
21 26 -1
21 80 -2
21 57 10
21 100 -9
22 26 -8
22 40 -5
22 41 -3
22 35 -7
22 99 6
22 91 9
22 63 2
22 49 6
22 61 -5
22 79 8
22 30 5
22 96 -8
22 23 -7
22 83 -7
22 71 -10
22 92 -3
22 52 3
22 58 5
22 42 -6
22 67 3
22 75 -4
22 33 -1
22 72 1
22 37 2
22 60 -10
22 55 8
22 45 -10
22 36 -1
22 66 -8
22 28 -5
22 54 -9
22 86 -4
22 94 -9
22 68 -6
22 51 -8
22 46 -7
22 31 6
22 65 -6
22 69 9
23 26 -8
23 64 10
23 52 -6
23 58 -3
23 79 -7
23 98 1
23 34 6
23 48 6
23 94 8
23 44 6
23 96 -7
23 83 10
23 73 5
23 66 -2
23 47 8
23 92 5
23 54 -7
23 78 -1
23 27 6
23 69 -7
23 24 3
23 76 -10
23 37 2
23 38 2
23 62 -1
23 50 -10
23 56 6
23 49 3
23 57 -4
23 88 1
23 93 8
23 43 2
23 95 1
23 42 -5
23 53 10
23 29 3
23 60 -10
23 45 4
23 72 -8
23 84 -3
23 67 10
23 65 7
23 36 4
23 28 -10
23 77 -7
24 89 9
24 28 -8
24 78 -6
24 57 9
24 77 10
24 75 10
24 29 0
24 49 10
24 62 5
24 83 -5
24 86 8
24 40 -6
24 85 2
24 42 -5
24 35 -10
24 71 -2
24 87 8
24 79 -1
24 52 -5
24 97 -9
24 68 -9
24 53 -1
24 90 -1
24 25 -9
24 98 -3
24 74 -6
24 64 -8
24 47 5
24 44 9
24 96 4
24 67 10
24 50 -1
24 41 -6
24 95 1
24 36 -9
24 88 7
24 38 8
24 65 6
24 59 -3
24 73 -2
24 76 -6
24 26 -7
24 31 -1
24 45 -1
24 58 -5
24 32 9
25 81 -9
25 75 4
25 35 -7
25 70 3
25 74 -7
25 91 5
25 44 8
25 53 2
25 80 6
25 62 4
25 30 -2
25 94 -7
25 83 0
25 32 -6
25 38 9
25 50 8
25 41 10
25 77 -5
25 61 4
25 96 -1
25 92 -6
25 89 7
25 56 5
25 40 7
25 34 10
25 60 -10
25 59 10
25 87 7
25 98 9
25 54 -6
25 64 7
25 78 1
25 95 0
25 72 -3
25 93 -9
25 49 1
26 47 10
26 57 10
26 31 4
26 72 -10
26 88 -9
26 32 -10
26 74 0
26 83 -4
26 56 1
26 51 3
26 99 8
26 43 7
26 27 -3
26 97 -9
26 95 6
26 73 -9
26 58 2
26 61 -2
26 78 -3
26 80 0
26 90 8
26 30 -1
26 76 -7
26 53 4
26 62 8
26 67 10
26 98 -8
26 69 10
26 40 0
26 46 -6
26 29 -9
26 66 6
26 41 -2
26 77 -3
26 48 -10
27 60 3
27 66 -9
27 64 -5
27 57 0
27 76 -2
27 30 10
27 99 10
27 41 2
27 55 2
27 59 9
27 42 7
27 48 0
27 56 0
27 50 10
27 37 -10
27 61 0
27 54 7
27 35 -6
27 71 -3
27 89 8
27 72 6
27 91 4
27 88 2
27 81 -8
27 80 -3
27 87 8
27 94 10
27 84 0
27 49 -8
28 76 10
28 51 8
28 84 -5
28 90 -4
28 38 -4
28 67 2
28 34 -6
28 57 -5
28 83 -4
28 45 2
28 80 -5
28 97 -10
28 81 -2
28 55 7
28 92 6
28 31 -6
28 93 -2
28 65 -8
28 30 -10
28 44 5
28 73 -7
28 53 3
28 48 7
28 40 -1
28 86 6
28 69 -10
28 87 4
28 37 -7
28 59 6
28 66 -6
28 85 10
28 43 -3
28 82 -8
28 35 6
28 94 -3
28 61 8
29 39 -7
29 83 -1
29 89 -10
29 99 4
29 44 4
29 59 -8
29 68 -9
29 66 8
29 78 6
29 52 10
29 37 10
29 70 0
29 42 -1
29 60 -5
29 62 -6
29 98 -9
29 97 -6
29 88 -1
29 50 -3
29 71 8
29 63 10
29 40 9
29 58 -8
29 82 0
29 53 8
29 41 -1
29 72 6
29 87 -9
29 74 -9
29 61 -6
29 80 -1
29 77 7
29 46 2
29 85 9
29 94 9
29 65 -4
30 85 -5
30 99 8
30 31 -5
30 43 9
30 90 8
30 79 -7
30 91 6
30 39 -6
30 42 -10
30 98 -3
30 53 -4
30 54 7
30 66 7
30 67 8
30 77 0
30 60 -5
30 64 3
30 88 -9
30 62 2
30 46 2
30 32 -5
30 81 8
30 83 -2
30 51 -8
30 92 8
30 87 -7
30 68 0
30 69 -6
30 56 -7
30 89 -2
30 76 -5
30 96 8
30 61 -8
30 63 3
31 69 9
31 52 -4
31 79 -5
31 37 -9
31 34 -8
31 77 -4
31 96 6
31 98 6
31 57 8
31 75 -2
31 100 9
31 39 -5
31 58 6
31 94 -3
31 40 -5
31 59 -3
31 70 -10
31 86 4
31 84 9
31 88 4
31 80 -5
31 90 2
31 32 -5
31 67 2
31 76 -7
31 95 9
31 53 -6
31 47 -2
31 45 6
31 64 6
31 68 -5
31 81 -3
31 50 5
31 82 0
31 41 1
32 57 3
32 90 -2
32 76 5
32 70 -9
32 79 -8
32 66 7
32 55 9
32 99 -8
32 74 -3
32 78 -7
32 47 4
32 97 5
32 40 6
32 53 1
32 46 -6
32 77 -2
32 67 9
32 42 7
32 88 -3
32 56 7
32 39 10
32 64 1
32 41 -1
32 91 9
32 94 -6
32 96 3
32 50 -7
32 49 -1
32 81 -1
32 98 -5
32 72 -1
32 85 5
33 58 6
33 84 -4
33 52 10
33 41 -8
33 54 4
33 90 4
33 85 10
33 64 -8
33 46 -1
33 36 -7
33 49 8
33 63 7
33 70 -9
33 73 8
33 98 9
33 78 -7
33 91 -10
33 92 4
33 68 3
33 100 -1
33 37 1
33 55 -5
33 65 2
33 74 1
33 77 -8
33 48 -9
33 44 -4
33 43 -3
33 87 -1
33 61 -8
33 56 10
33 96 2
33 42 7
33 53 1
34 66 -2
34 95 6
34 42 1
34 62 0
34 71 -6
34 86 -10
34 96 -3
34 68 8
34 40 -6
34 61 -1
34 57 8
34 59 7
34 94 2
34 38 -8
34 60 -6
34 45 -1
34 39 8
34 53 -1
34 78 -3
34 92 6
34 63 -2
34 50 -4
34 74 0
34 75 -8
34 80 -6
34 93 -2
34 46 -8
35 66 7
35 99 -6
35 93 9
35 69 2
35 74 0
35 44 5
35 37 1
35 79 4
35 95 3
35 88 -3
35 89 -6
35 98 -1
35 41 7
35 59 2
35 87 -10
35 60 9
35 50 4
35 54 -3
35 96 0
35 92 9
35 82 10
35 51 -10
35 56 -4
35 49 4
35 52 -5
35 75 9
35 76 1
35 94 2
35 91 -2
35 67 -6
35 42 -1
35 38 1
35 48 5
35 97 -5
35 83 -3
35 45 4
36 64 -6
36 93 -3
36 88 2
36 95 -2
36 54 -5
36 80 -7
36 38 3
36 77 5
36 86 5
36 62 -6
36 56 -5
36 60 4
36 42 -7
36 94 -10
36 74 -10
36 48 9
36 100 3
36 46 1
36 70 -6
36 91 10
36 57 2
36 73 8
36 39 -10
36 66 -4
36 89 -10
36 40 -8
36 69 -4
36 98 1
37 79 -1
37 52 10
37 95 4
37 75 5
37 53 -5
37 41 -5
37 40 -8
37 65 -6
37 82 -3
37 45 -4
37 50 2
37 84 -6
37 78 2
37 91 10
37 87 -10
37 83 8
37 61 5
37 42 -7
37 47 2
37 70 -4
37 60 7
37 99 2
37 71 0
37 90 8
37 66 3
37 89 -8
37 88 -9
37 97 0
37 94 4
37 85 7
37 100 2
38 52 10
38 75 1
38 76 3
38 92 -4
38 42 7
38 83 1
38 79 1
38 80 3
38 94 8
38 89 -3
38 64 -7
38 48 -1
38 97 -5
38 95 7
38 78 8
38 68 -7
38 56 8
38 77 3
38 55 -3
38 58 3
38 82 5
38 40 6
38 84 8
38 67 9
38 81 -4
38 72 5
38 44 -8
38 51 1
38 53 9
38 41 6
39 91 7
39 80 -9
39 68 -4
39 95 6
39 53 8
39 76 2
39 51 -2
39 41 5
39 81 -3
39 42 7
39 55 5
39 97 -5
39 45 4
39 59 6
39 77 -4
39 86 1
39 74 -4
39 73 0
39 88 -10
39 65 -10
39 69 -9
39 43 -3
39 58 0
39 92 -1
39 72 1
39 93 -4
39 99 9
39 50 2
39 54 -7
40 95 2
40 54 2
40 75 -4
40 96 3
40 45 -6
40 78 -6
40 91 2
40 70 6
40 44 -2
40 94 3
40 59 -9
40 85 -6
40 97 0
40 76 3
40 77 -8
40 69 -8
40 58 -5
40 79 -6
40 92 -2
40 56 -9
40 61 6
40 62 5
40 47 -9
40 55 -7
40 83 -3
40 49 10
40 87 -5
40 84 -8
40 52 6
40 43 -5
40 67 4
40 57 6
41 54 10
41 75 -4
41 97 7
41 56 10
41 90 0
41 91 -8
41 93 -3
41 78 1
41 63 2
41 96 6
41 59 10
41 79 -2
41 80 -8
41 73 2
41 46 -8
41 87 -9
41 94 9
41 72 -3
41 47 10
41 77 1
41 88 -4
41 74 2
41 65 -3
41 66 7
41 49 10
41 89 2
41 48 5
41 70 -3
41 55 1
41 82 -9
41 99 2
42 77 -10
42 54 3
42 98 8
42 78 -1
42 67 -8
42 84 -10
42 76 1
42 72 10
42 50 -4
42 62 4
42 53 -6
42 51 4
42 85 6
42 48 5
42 65 -8
42 75 9
42 49 8
42 96 3
42 56 7
42 92 9
42 83 10
42 47 4
42 90 1
42 63 -6
42 88 -2
42 74 -10
42 73 -4
42 95 8
42 97 -2
42 81 3
42 64 2
42 57 -5
42 71 10
42 70 -2
42 87 -7
43 100 -7
43 67 6
43 81 -9
43 84 0
43 78 -8
43 51 9
43 48 -8
43 49 2
43 86 8
43 66 -9
43 94 2
43 79 2
43 64 8
43 53 4
43 70 5
43 68 -1
43 88 4
43 91 1
43 89 10
43 76 -8
43 72 2
43 87 -6
43 95 -2
43 44 9
43 45 -3
43 55 -1
43 60 1
43 75 5
43 97 10
43 61 -10
43 93 -5
43 99 -2
43 74 6
43 62 -5
43 85 -10
43 92 8
44 81 -9
44 88 -2
44 75 8
44 49 -2
44 74 4
44 84 -8
44 76 -6
44 66 0
44 53 -1
44 85 1
44 70 2
44 79 3
44 57 8
44 73 4
44 55 -8
44 63 -5
44 86 -3
44 91 -7
44 67 -6
44 82 -3
44 69 -9
44 99 1
44 98 -1
44 94 -4
44 95 -4
44 92 9
44 97 -1
44 78 8
44 50 10
44 90 -9
44 96 5
44 71 5
45 49 -4
45 61 -1
45 66 -10
45 47 -9
45 56 -10
45 94 -5
45 92 0
45 72 7
45 58 0
45 100 -3
45 74 10
45 50 9
45 70 5
45 83 3
45 54 -9
45 95 7
45 53 5
45 75 -6
45 80 -5
45 79 -8
45 98 -6
45 55 3
45 97 8
45 63 -7
45 76 -2
45 52 -2
45 88 1
46 75 3
46 96 1
46 72 5
46 62 5
46 76 8
46 70 7
46 60 -7
46 94 10
46 87 -1
46 93 5
46 59 -10
46 73 6
46 98 -5
46 81 -9
46 47 -5
46 51 10
46 85 9
46 57 1
46 80 -3
46 100 -3
46 67 5
46 78 9
46 50 -1
46 63 9
46 48 -4
46 61 8
46 55 -7
46 68 8
47 48 7
47 52 0
47 71 -3
47 69 -2
47 79 -1
47 60 -5
47 68 0
47 63 -5
47 85 -8
47 91 -8
47 67 -9
47 96 -2
47 59 -5
47 61 -8
47 99 -8
47 78 -9
47 62 4
47 55 -10
47 86 -10
47 90 -9
47 75 4
47 80 -4
47 53 2
48 63 10
48 77 2
48 72 10
48 75 4
48 66 6
48 52 2
48 89 -10
48 69 -10
48 84 2
48 57 -2
48 81 -5
48 50 9
48 78 1
48 95 2
48 90 1
48 73 10
48 85 6
48 60 6
48 49 7
48 94 4
48 100 -8
48 65 2
48 79 10
48 96 10
48 76 -8
48 56 -7
49 94 -4
49 73 6
49 86 -9
49 76 9
49 81 9
49 74 3
49 59 -5
49 97 10
49 98 2
49 52 7
49 62 3
49 51 -2
49 69 -3
49 53 2
49 63 -6
49 89 -4
49 71 -1
49 64 -4
49 60 9
49 68 -9
49 99 0
49 90 -2
49 79 3
49 72 8
49 83 -7
49 50 -7
49 65 -5
50 58 10
50 55 -3
50 89 -3
50 73 4
50 61 3
50 88 8
50 79 2
50 84 7
50 51 8
50 75 -5
50 68 6
50 62 -10
50 60 9
50 56 3
50 76 -6
50 85 -3
50 99 -9
51 73 5
51 56 6
51 83 9
51 65 -6
51 100 10
51 91 -7
51 95 -5
51 72 7
51 87 -5
51 64 -5
51 66 -10
51 52 9
51 59 3
51 97 -2
51 74 9
51 80 1
51 55 -2
51 81 3
51 85 3
51 62 0
51 63 -2
51 75 5
52 94 -1
52 75 7
52 98 10
52 74 -7
52 76 10
52 89 3
52 69 5
52 88 10
52 68 -3
52 57 -5
52 63 7
52 71 10
52 86 -7
52 72 0
52 53 -7
52 67 6
52 85 -8
52 92 -2
52 84 -5
52 93 3
52 82 -3
52 95 -8
52 58 1
52 55 -10
52 56 -9
52 70 3
52 62 3
52 61 -9
52 99 -1
53 88 9
53 92 2
53 56 10
53 83 5
53 81 -5
53 87 4
53 76 9
53 63 -8
53 67 -8
53 86 9
53 97 9
53 64 8
53 71 -9
53 66 -6
53 68 -7
53 73 -2
53 79 5
53 91 8
53 99 3
53 89 0
53 77 -4
53 61 -8
53 69 -6
53 55 -10
53 62 -5
53 75 3
53 95 9
54 92 2
54 66 10
54 79 3
54 63 -8
54 58 -8
54 98 10
54 81 -3
54 90 -3
54 83 10
54 68 -4
54 88 -9
54 96 10
54 60 1
54 71 -10
54 87 1
54 94 -2
54 91 -7
54 97 -8
54 56 3
54 61 1
54 80 0
54 89 -7
54 74 -8
55 99 1
55 95 -3
55 85 -10
55 67 1
55 59 10
55 91 1
55 57 8
55 60 3
55 90 -10
55 75 -2
55 80 1
55 56 8
55 68 -2
55 66 0
55 74 -2
55 63 -8
55 77 -3
55 61 6
55 81 -7
55 89 -2
55 100 -9
56 84 1
56 93 -5
56 96 -8
56 67 -2
56 90 -2
56 81 3
56 91 -9
56 100 -7
56 66 10
56 89 -7
56 73 8
56 88 1
56 58 -9
56 75 -4
56 77 -7
56 78 7
56 98 5
56 61 3
56 87 9
56 85 3
56 79 -2
56 95 -7
56 63 8
56 92 -1
57 89 -6
57 80 3
57 70 1
57 65 -6
57 98 9
57 97 0
57 85 -7
57 84 8
57 77 -2
57 69 2
57 58 -7
57 59 -9
57 83 -10
57 76 -1
57 96 10
57 86 -2
57 63 -5
57 99 7
57 91 1
57 92 -1
58 80 9
58 79 -1
58 96 9
58 71 -9
58 77 5
58 69 -4
58 85 -6
58 99 -10
58 61 6
58 72 7
58 59 -8
58 95 5
58 66 5
58 60 -10
58 91 10
58 90 1
58 94 -1
58 81 10
58 88 7
58 92 9
58 86 4
58 65 -10
58 75 10
58 98 4
58 78 9
59 62 -1
59 67 0
59 84 1
59 77 4
59 72 9
59 69 -5
59 90 6
59 81 -2
59 94 2
59 76 10
59 91 9
59 79 3
59 65 -6
59 63 -1
59 80 8
60 90 -6
60 67 -6
60 80 -1
60 81 -7
60 95 0
60 62 8
60 100 4
60 92 -2
60 75 -2
60 91 7
60 89 -1
60 71 -6
60 74 -9
60 96 -10
60 88 -2
60 85 5
60 79 -8
60 70 -9
61 92 10
61 71 -8
61 67 1
61 100 4
61 88 -9
61 90 7
61 75 -5
61 98 -8
61 82 3
61 93 -2
61 95 9
62 75 -1
62 72 -1
62 83 -7
62 82 8
62 92 -6
62 99 0
62 94 -6
62 76 -8
62 70 7
62 65 5
62 84 0
62 67 -1
62 77 10
62 73 -8
63 80 3
63 82 6
63 73 1
63 78 10
63 68 10
63 74 4
63 84 -10
63 90 -6
63 67 -1
63 77 -8
63 75 1
63 93 -6
63 69 -2
63 76 -8
63 83 5
63 85 -1
63 64 2
63 95 -10
63 86 -7
64 100 -9
64 86 1
64 72 -10
64 78 3
64 71 1
64 91 -9
64 96 -7
64 88 5
64 93 7
64 76 0
64 68 -3
64 74 -2
64 92 -1
64 69 -8
64 77 -7
65 91 -1
65 68 10
65 71 3
65 95 -7
65 92 1
65 100 0
65 85 2
65 87 -9
65 97 -9
65 99 9
65 86 8
65 76 -8
65 96 -3
65 81 1
65 89 3
65 94 -10
65 67 7
65 83 9
66 71 3
66 99 5
66 81 4
66 88 6
66 70 -1
66 69 1
66 86 5
66 76 10
66 94 5
66 75 -9
66 90 -8
66 91 9
66 83 -1
66 77 0
66 80 -2
66 98 -5
67 93 -10
67 90 -6
67 82 -7
67 95 4
67 94 2
67 85 7
67 69 9
67 78 4
67 81 9
67 97 -5
67 86 -1
67 68 10
67 89 -1
67 74 -10
67 83 -3
68 95 6
68 85 1
68 69 1
68 75 -8
68 81 -8
68 98 7
68 94 -3
68 97 0
68 86 -5
68 93 -2
68 82 8
68 91 4
68 78 -6
68 88 -10
68 90 3
68 74 -4
68 77 -10
69 86 -1
69 82 4
69 100 -1
69 85 -6
69 95 -3
69 76 7
69 98 -8
69 75 7
69 80 9
69 71 8
69 88 -1
69 97 -8
69 83 -3
69 91 -6
69 90 0
69 79 -2
70 100 6
70 75 4
70 80 9
70 71 -2
70 93 -9
70 99 1
70 83 5
70 87 10
70 74 4
70 77 6
70 82 -6
70 76 1
70 89 6
71 81 -8
71 88 7
71 91 7
71 83 9
71 79 9
71 75 -3
71 100 -1
71 73 -6
71 94 1
71 72 -1
71 76 10
71 85 -7
71 92 9
71 96 -6
71 74 8
71 97 4
71 86 6
71 80 0
72 79 -7
72 83 -4
72 100 8
72 85 5
72 73 -2
72 88 2
72 91 7
72 75 -1
72 96 5
72 87 2
72 89 1
72 90 4
72 97 -6
72 94 -10
72 82 -4
73 99 -1
73 82 2
73 77 -2
73 96 -6
73 88 -10
73 75 10
73 90 4
73 93 7
73 76 8
73 91 -5
73 97 4
73 87 7
73 83 2
73 95 5
73 81 -9
73 74 0
73 100 2
73 78 7
73 79 -8
74 83 -10
74 91 1
74 94 -5
74 77 7
74 100 9
74 99 0
74 78 -3
74 95 0
74 86 -5
74 80 -8
74 96 0
74 79 1
74 81 8
74 75 -7
74 87 7
74 88 -2
75 78 -6
75 99 -2
75 94 -3
75 85 -2
75 98 2
75 95 -9
75 96 1
75 97 -5
75 93 -10
75 81 -3
75 82 -4
75 91 7
75 89 -10
75 87 -6
75 86 -3
76 88 -7
76 93 1
76 87 1
76 89 -10
76 81 7
76 92 4
76 91 7
76 94 -3
76 86 3
76 96 -10
76 84 2
76 78 -1
77 100 0
77 96 9
77 86 -6
77 82 8
77 88 5
77 87 5
77 95 -7
77 98 -2
78 87 -8
78 97 -1
78 94 3
78 79 -3
78 95 -2
78 83 -5
78 99 4
78 96 -8
78 80 0
78 98 8
78 84 6
78 93 -9
78 82 4
79 95 -10
79 86 0
79 87 -3
79 94 8
79 92 8
79 96 -2
79 83 -10
79 98 6
79 99 -2
79 91 -1
79 84 6
79 80 7
79 100 6
79 88 -9
80 100 5
80 94 4
80 95 1
80 89 -4
80 91 -6
80 85 3
80 99 -8
81 88 -7
81 87 6
81 94 1
81 85 -9
81 82 5
81 86 -3
81 97 -10
81 99 -2
81 98 1
82 96 0
82 93 -1
82 87 -8
82 98 9
82 90 3
82 84 8
82 91 -2
82 86 2
82 100 1
82 99 -1
82 83 7
83 88 -8
83 100 3
83 99 0
83 87 -6
83 93 -6
83 85 -2
83 90 -10
83 96 0
84 95 -2
84 87 0
84 100 4
84 86 1
84 91 9
84 93 -5
85 93 2
85 100 2
85 94 1
85 99 3
85 86 10
85 98 -8
85 96 -5
85 88 8
85 97 -5
86 97 7
86 94 -10
86 93 7
86 89 8
86 100 -2
86 92 10
86 88 3
87 97 -7
87 94 10
87 93 0
87 99 -10
87 92 10
88 93 4
88 90 -9
88 98 -9
88 92 8
88 91 1
88 95 0
88 100 -3
89 94 -10
89 93 -4
89 97 6
89 98 -10
90 100 -7
90 91 5
90 93 8
90 92 -10
91 97 -10
91 98 4
91 93 6
91 100 -9
91 99 -2
92 97 -3
93 99 7
93 96 5
93 98 -5
93 97 0
93 94 7
94 96 2
94 95 -4
94 97 -6
94 99 8
95 100 4
95 96 0
96 100 -5
96 98 5
97 99 1
97 100 10
97 98 -6
99 100 -8
