100 2475 
1 77 1
1 83 3
1 9 -7
1 13 -6
1 93 0
1 14 0
1 62 9
1 65 -4
1 97 2
1 90 -7
1 32 -6
1 50 -10
1 94 6
1 27 6
1 78 -3
1 8 -2
1 88 8
1 71 -10
1 46 -5
1 100 -10
1 37 3
1 30 -3
1 54 -1
1 63 3
1 61 -9
1 17 -3
1 22 -3
1 91 9
1 29 4
1 43 9
1 35 -9
1 72 -10
1 68 7
1 41 5
1 55 4
1 2 4
1 76 -5
1 34 1
1 70 -8
1 39 -6
1 21 -3
2 39 -2
2 7 4
2 21 -9
2 48 4
2 58 -2
2 60 -2
2 87 -2
2 91 -3
2 67 -1
2 85 -6
2 95 -2
2 57 4
2 20 7
2 78 3
2 90 9
2 70 2
2 51 -10
2 9 -7
2 79 -5
2 29 10
2 52 0
2 66 7
2 63 -2
2 18 2
2 92 5
2 42 5
2 37 -10
2 22 -7
2 34 1
2 100 4
2 40 4
2 23 7
2 10 0
2 64 5
2 13 5
2 98 -4
2 71 -1
2 49 -8
2 24 5
2 15 -7
2 5 -7
2 28 -9
2 27 -3
2 19 1
2 16 -1
2 30 2
2 43 -4
2 82 4
2 93 2
2 69 -4
2 99 8
2 50 5
2 3 7
3 61 5
3 21 -6
3 72 -6
3 20 6
3 52 -4
3 86 9
3 87 -7
3 10 -8
3 68 3
3 7 -1
3 18 -4
3 36 -6
3 89 8
3 66 -3
3 62 -2
3 37 0
3 33 9
3 98 -3
3 34 -3
3 9 -3
3 15 -9
3 55 2
3 59 4
3 79 -7
3 97 4
3 57 9
3 48 -4
3 70 4
3 74 -8
3 14 -10
3 82 1
3 73 -5
3 5 -9
3 60 -3
3 77 1
3 40 -1
3 81 10
3 42 4
3 11 -10
3 17 -7
3 69 -8
3 46 -3
3 91 6
3 88 9
3 54 -6
3 31 0
3 26 9
3 58 4
3 19 5
4 30 4
4 93 -1
4 47 -7
4 41 9
4 68 -5
4 65 -8
4 32 -1
4 53 3
4 84 2
4 9 -9
4 57 -2
4 37 8
4 46 5
4 94 -1
4 28 10
4 72 3
4 35 9
4 8 0
4 54 -5
4 100 -7
4 31 -9
4 43 -7
4 51 -6
4 77 0
4 40 5
4 27 7
4 85 -1
4 48 -7
4 17 -7
4 87 -2
4 23 -4
4 75 2
4 69 -6
4 86 2
4 45 6
4 33 -1
4 39 2
4 71 0
4 59 -3
4 19 -9
4 44 -9
4 62 -7
5 36 -8
5 58 0
5 95 7
5 10 -3
5 20 5
5 99 10
5 32 3
5 25 3
5 72 5
5 81 -1
5 84 1
5 62 8
5 43 -2
5 100 -1
5 83 -8
5 46 -6
5 38 -1
5 24 4
5 97 10
5 76 8
5 87 7
5 57 -4
5 63 0
5 14 -2
5 12 8
5 65 -4
5 16 -6
5 80 9
5 59 -2
5 53 -2
5 33 -7
5 96 -4
5 19 2
5 92 -7
5 66 0
5 56 9
5 26 8
5 86 -8
5 85 0
5 64 9
5 45 -7
5 15 8
5 18 3
5 23 -4
5 6 8
5 67 9
5 89 7
5 51 2
5 98 9
5 91 9
5 44 -10
5 11 -10
6 35 10
6 45 -7
6 24 1
6 70 2
6 16 6
6 83 -8
6 97 6
6 53 -2
6 57 3
6 56 3
6 61 -3
6 65 3
6 52 -8
6 26 -2
6 96 6
6 21 -10
6 9 5
6 58 -2
6 67 8
6 39 -4
6 50 1
6 63 4
6 84 2
6 13 -3
6 15 -8
6 60 -10
6 88 3
6 77 1
6 85 5
6 80 7
6 75 2
6 71 -1
6 98 -3
6 54 -8
6 34 -4
6 32 -6
6 72 -3
6 27 -4
6 17 -10
6 51 -1
6 23 -9
6 76 8
6 28 5
6 19 0
6 99 8
6 40 6
6 87 -7
6 73 -5
7 37 9
7 10 6
7 46 -1
7 61 -5
7 71 10
7 17 5
7 9 1
7 59 4
7 23 10
7 18 0
7 31 10
7 84 10
7 43 -6
7 47 -6
7 86 9
7 73 -1
7 78 -7
7 65 3
7 87 -6
7 26 6
7 50 -10
7 24 10
7 69 -5
7 77 3
7 74 -10
7 16 -9
7 85 -7
7 72 6
7 11 -9
7 67 -4
7 45 2
7 27 -4
7 42 -4
7 89 -7
7 96 5
7 70 7
7 35 9
7 30 4
7 91 0
7 76 -6
7 95 2
7 90 7
7 32 -1
8 82 -3
8 62 -5
8 51 9
8 21 -3
8 46 -6
8 85 -8
8 70 -8
8 12 8
8 48 -7
8 22 9
8 71 -3
8 75 4
8 98 8
8 60 1
8 90 6
8 10 -3
8 68 4
8 87 2
8 26 -6
8 33 -4
8 15 1
8 36 6
8 43 0
8 50 -8
8 56 -8
8 18 -9
8 28 -8
8 77 -6
8 40 10
8 80 6
8 20 5
8 95 3
8 52 5
8 99 10
8 11 9
8 44 2
8 91 -7
8 53 -3
8 17 6
8 59 9
8 9 -2
8 35 -5
8 88 -3
8 49 -2
8 16 1
9 29 5
9 41 0
9 89 10
9 40 -6
9 57 -7
9 13 9
9 39 -3
9 63 -6
9 19 8
9 46 0
9 35 -7
9 25 -5
9 92 -1
9 87 10
9 68 4
9 30 7
9 49 8
9 88 0
9 69 6
9 10 8
9 79 6
9 42 -4
9 72 7
9 98 -4
9 16 10
9 23 4
9 59 -6
9 62 4
9 100 1
9 24 6
9 67 1
9 44 9
9 76 -3
9 75 5
9 50 0
9 28 -8
9 43 2
9 32 -2
9 33 3
9 84 -2
9 80 -5
9 12 0
9 81 0
9 66 -9
9 74 2
9 65 0
9 31 -9
9 15 -3
9 99 9
9 21 6
10 83 0
10 16 9
10 89 6
10 59 3
10 32 -10
10 72 10
10 42 -5
10 27 -2
10 20 5
10 74 -9
10 91 3
10 56 9
10 71 -1
10 88 0
10 87 0
10 37 -7
10 90 4
10 19 9
10 22 10
10 77 4
10 76 4
10 14 -2
10 96 4
10 82 -1
10 41 -5
10 66 -7
10 31 -2
10 69 2
10 95 7
10 11 1
10 52 2
10 67 0
10 80 1
10 79 -9
10 46 8
10 26 7
10 24 9
10 100 4
10 75 1
10 49 -1
10 58 4
10 18 3
10 61 -10
10 55 -10
11 73 -7
11 65 0
11 42 7
11 70 -3
11 77 3
11 74 5
11 69 9
11 62 -3
11 68 0
11 50 1
11 97 -8
11 89 5
11 20 -5
11 21 0
11 54 9
11 27 7
11 51 -8
11 34 4
11 81 -4
11 100 -9
11 86 1
11 96 10
11 78 -2
11 76 3
11 84 -5
11 98 6
11 22 6
11 82 0
11 33 -4
11 72 3
11 95 0
11 29 -8
11 17 -7
11 92 -8
11 79 6
11 18 -1
11 80 -2
11 64 -5
11 39 -10
11 49 7
11 93 4
11 15 9
11 13 -10
11 14 -3
11 56 10
11 19 3
11 12 7
12 46 -3
12 56 4
12 75 7
12 55 9
12 89 -6
12 91 3
12 22 -1
12 83 -4
12 67 4
12 100 -5
12 48 2
12 63 6
12 68 7
12 17 6
12 34 -5
12 37 4
12 25 -8
12 76 8
12 72 6
12 53 0
12 28 -6
12 90 -6
12 41 -3
12 88 -10
12 24 2
12 97 -8
12 20 7
12 31 3
12 93 0
12 61 -8
12 84 4
12 65 7
12 52 2
12 39 -3
12 43 -3
12 44 9
12 38 -5
12 15 -9
12 29 4
12 94 -1
12 74 -1
12 21 10
13 88 0
13 91 9
13 30 -5
13 41 0
13 82 -1
13 38 6
13 67 9
13 32 9
13 90 -9
13 52 1
13 54 -10
13 89 -6
13 59 3
13 77 -1
13 70 -2
13 92 -10
13 100 3
13 29 4
13 22 -7
13 31 2
13 15 7
13 47 4
13 23 7
13 79 -7
13 63 -4
13 49 3
13 37 -7
13 33 8
13 27 2
13 25 -9
13 24 6
13 80 -8
13 26 -9
13 17 7
13 50 10
13 35 -1
13 62 -4
13 61 9
13 73 -4
13 85 7
13 39 -4
13 66 3
13 87 2
14 44 8
14 53 0
14 78 -10
14 50 1
14 16 -1
14 21 10
14 29 0
14 34 7
14 64 9
14 70 -2
14 33 -7
14 31 3
14 15 -6
14 25 1
14 93 -7
14 51 -4
14 60 -4
14 58 -5
14 71 -8
14 26 -4
14 96 9
14 23 -9
14 24 1
14 61 -8
14 69 -8
14 55 -1
14 27 9
14 74 -5
14 49 8
14 40 -9
14 98 6
14 30 -3
14 37 6
14 17 -9
14 68 -4
14 46 -3
14 36 -2
14 76 0
14 90 -6
14 32 -6
14 65 -5
14 38 3
14 94 9
14 72 3
14 47 -5
14 62 2
15 30 2
15 81 -8
15 38 1
15 23 -10
15 71 0
15 56 8
15 60 6
15 36 3
15 24 -2
15 46 -3
15 68 -9
15 29 3
15 33 1
15 59 7
15 21 -10
15 42 9
15 74 5
15 32 6
15 62 -7
15 97 -5
15 67 -3
15 17 4
15 92 1
15 19 4
15 37 -10
15 94 1
15 98 8
15 50 9
15 26 8
15 96 -6
15 73 1
15 80 -7
15 100 -4
15 65 7
15 18 1
15 88 5
15 89 -4
15 45 -9
15 84 10
15 47 2
15 93 -8
15 39 -5
15 27 -3
15 61 -10
15 58 -2
15 22 1
15 53 -10
16 31 0
16 68 -4
16 27 8
16 98 0
16 83 -4
16 91 1
16 74 5
16 45 1
16 70 -2
16 54 9
16 80 -2
16 62 -10
16 69 -6
16 96 -9
16 77 7
16 87 -6
16 28 -4
16 36 -5
16 89 3
16 92 7
16 41 -4
16 35 -9
16 40 -8
16 21 -1
16 43 -7
16 90 5
16 17 7
16 67 -5
16 59 8
16 19 -7
16 46 -1
16 38 -10
16 63 0
16 33 7
16 79 1
16 86 10
16 78 -10
16 93 -10
16 22 4
16 84 6
16 52 9
17 49 -4
17 28 -1
17 70 -2
17 36 -1
17 32 6
17 86 -10
17 80 2
17 83 2
17 66 -7
17 94 -3
17 59 -10
17 82 0
17 46 1
17 35 -6
17 72 6
17 33 3
17 68 5
17 27 -3
17 57 -9
17 71 8
17 93 -6
17 39 8
17 38 -2
17 88 0
17 62 3
17 54 -8
17 58 -1
17 65 8
17 63 -2
17 51 -9
17 84 -10
17 64 1
17 75 -6
17 21 -8
17 22 -8
18 71 -10
18 27 -2
18 31 -9
18 40 7
18 22 -3
18 30 -4
18 28 -10
18 88 5
18 41 5
18 24 6
18 49 -2
18 64 2
18 70 9
18 46 1
18 47 6
18 85 -4
18 45 -5
18 90 7
18 62 8
18 60 -5
18 44 -4
18 58 -6
18 32 10
18 56 4
18 75 -7
18 91 5
18 59 0
18 74 -1
18 53 -2
18 73 3
18 66 -3
18 93 -5
18 82 1
18 77 6
18 29 3
18 42 9
18 55 9
19 60 -8
19 92 -6
19 35 5
19 48 8
19 33 10
19 24 -10
19 82 4
19 43 -8
19 73 -5
19 45 -1
19 36 8
19 79 5
19 54 -4
19 51 -6
19 56 -5
19 83 6
19 47 5
19 97 4
19 57 -5
19 26 -6
19 50 1
19 21 -1
19 84 1
19 23 1
19 44 4
19 34 4
19 40 4
19 58 10
19 76 2
19 100 9
19 46 -4
19 98 -1
19 78 -4
19 53 -4
19 29 -7
19 66 -3
19 31 -3
19 41 0
20 64 5
20 92 5
20 89 7
20 46 -9
20 28 -5
20 83 -4
20 39 1
20 30 -2
20 69 9
20 74 8
20 73 -3
20 84 -9
20 38 -7
20 37 7
20 59 9
20 24 4
20 78 5
20 98 -6
20 95 2
20 43 -8
20 27 -6
20 58 2
20 68 1
20 90 8
20 35 2
20 56 2
20 72 -7
20 34 3
20 80 9
20 53 1
20 51 10
20 21 -9
20 87 2
20 99 8
20 61 -8
20 100 -6
20 91 -8
20 25 0
20 40 0
20 42 2
20 57 7
20 22 0
20 77 2
21 56 5
21 57 6
21 60 -6
21 80 8
21 55 -8
21 22 9
21 71 -2
21 61 8
21 99 -10
21 58 -1
21 77 5
21 35 9
21 44 0
21 66 1
21 95 10
21 64 0
21 65 4
21 92 -8
21 42 -9
21 70 -9
21 63 -9
21 86 7
21 27 -4
21 98 -8
21 26 -9
21 25 -4
21 41 0
21 94 -7
21 23 -6
21 47 1
21 87 -10
21 73 -1
21 74 -5
21 48 -10
21 76 3
21 78 2
21 59 -5
21 33 -4
21 85 10
21 37 2
21 49 2
21 54 -6
21 51 0
22 23 -1
22 45 8
22 52 -9
22 59 -7
22 72 -9
22 100 0
22 78 -10
22 84 -2
22 30 10
22 98 -8
22 63 8
22 74 10
22 58 6
22 44 10
22 40 -4
22 29 -4
22 85 3
22 31 8
22 93 10
22 50 -7
22 60 1
22 39 3
22 80 10
22 37 -1
22 66 -7
22 61 1
22 62 10
22 67 -10
22 77 -1
22 46 3
22 81 0
22 42 -6
22 48 3
22 32 5
22 91 5
22 56 5
22 79 10
22 25 7
22 92 -10
22 70 4
22 38 0
23 79 -9
23 68 -1
23 82 7
23 38 2
23 95 7
23 39 8
23 33 2
23 52 -3
23 28 -10
23 67 -8
23 24 2
23 97 -5
23 66 0
23 87 4
23 56 10
23 100 -1
23 63 -6
23 70 4
23 43 -2
23 91 -2
23 27 6
23 25 -10
23 69 -5
23 58 5
23 84 9
23 59 -4
23 57 -4
23 89 -7
23 73 2
23 55 4
23 75 -5
23 53 4
23 88 0
23 65 -8
23 35 9
23 26 -10
23 34 -2
23 71 0
23 40 6
23 31 0
23 92 -10
23 98 8
24 84 7
24 45 -8
24 100 -3
24 50 -2
24 51 5
24 36 0
24 73 -9
24 56 6
24 63 2
24 33 7
24 64 5
24 53 5
24 46 -2
24 65 -4
24 92 0
24 66 -9
24 69 3
24 94 3
24 97 2
24 40 10
24 52 0
24 81 -9
24 49 10
24 29 -7
24 41 5
24 76 3
24 87 -5
24 37 7
24 48 -10
25 53 -3
25 77 6
25 60 -9
25 35 1
25 46 -4
25 90 6
25 83 -7
25 45 4
25 26 6
25 79 8
25 43 -8
25 98 -8
25 70 8
25 42 -6
25 76 2
25 93 -6
25 72 -4
25 64 -5
25 29 -1
25 91 10
25 50 0
25 41 8
25 100 8
25 30 9
25 54 -7
25 80 3
25 94 -8
25 96 10
25 74 2
25 37 -3
25 27 -6
25 97 -7
25 88 -7
25 78 -1
25 28 -6
25 47 -9
26 34 5
26 74 0
26 60 6
26 36 0
26 39 -4
26 43 8
26 64 2
26 83 -7
26 96 -10
26 65 5
26 55 9
26 57 4
26 87 10
26 90 -5
26 53 5
26 58 -5
26 62 6
26 99 -7
26 41 1
26 29 -3
26 85 9
26 93 -3
26 38 -1
26 35 7
26 88 5
26 40 2
26 46 7
26 30 -10
26 66 4
26 67 -1
26 56 -3
26 95 7
26 97 6
26 33 2
27 50 0
27 32 8
27 74 0
27 59 10
27 85 6
27 88 4
27 91 5
27 39 -9
27 33 1
27 100 -1
27 58 7
27 69 -3
27 79 -6
27 40 2
27 76 -9
27 63 2
27 60 10
27 66 8
27 98 -6
27 81 6
27 51 8
27 54 -9
27 35 -1
27 38 -8
27 43 5
27 48 1
27 46 8
27 61 0
27 93 -4
27 55 9
27 90 -7
27 67 7
28 55 -2
28 35 5
28 48 9
28 100 8
28 97 6
28 85 -10
28 73 -2
28 71 5
28 62 -4
28 56 -2
28 87 -5
28 36 -1
28 92 3
28 98 -10
28 49 -6
28 75 5
28 54 7
28 42 0
28 93 -8
28 79 -4
28 77 0
28 43 9
28 86 -6
28 82 6
28 84 -10
28 39 -9
28 53 7
28 38 -4
28 51 1
28 46 -9
28 80 5
28 91 -10
28 70 -4
28 64 8
28 50 -5
28 61 -10
28 88 -6
28 68 5
29 56 -2
29 81 -8
29 49 -4
29 36 -6
29 80 -1
29 53 -9
29 86 -1
29 78 10
29 87 -2
29 42 7
29 76 8
29 43 1
29 70 -5
29 54 0
29 40 -7
29 45 4
29 94 -3
29 33 3
29 63 -5
29 57 10
29 67 -8
29 41 -6
29 73 -2
29 83 -3
29 48 -6
29 31 8
29 75 2
29 47 -10
29 64 -6
29 95 8
29 44 9
29 55 -8
29 82 -6
29 68 -3
30 81 -7
30 43 -8
30 93 10
30 69 -7
30 42 -5
30 33 -1
30 98 6
30 51 5
30 46 3
30 52 10
30 55 -4
30 41 -4
30 57 0
30 78 -7
30 54 -2
30 64 -10
30 86 7
30 53 -1
30 75 -3
30 61 8
30 58 -6
30 32 -6
30 38 1
30 35 2
30 44 -1
30 95 -10
30 91 -1
30 80 -1
30 97 6
30 50 6
30 84 -10
30 71 -2
31 32 1
31 98 10
31 96 -10
31 60 -5
31 86 2
31 38 4
31 87 3
31 65 -4
31 34 -7
31 63 7
31 35 6
31 46 -1
31 73 3
31 42 -4
31 59 4
31 99 7
31 69 8
31 61 -3
31 70 10
31 39 -6
31 48 9
31 82 -3
31 40 8
31 85 -7
31 72 -4
31 83 -2
31 53 3
31 43 2
31 51 8
31 67 -8
31 36 -2
31 94 -6
31 54 10
32 35 -1
32 75 -6
32 39 -1
32 45 -3
32 82 -2
32 87 -5
32 81 3
32 79 9
32 78 8
32 100 9
32 34 5
32 62 -4
32 41 8
32 83 2
32 97 -10
32 86 7
32 91 4
32 88 3
32 37 4
32 69 4
32 80 6
32 49 -3
32 64 -1
32 98 -8
32 50 10
32 90 -8
32 95 -7
32 57 9
32 59 -10
32 70 6
32 43 -6
32 93 1
32 85 0
32 96 10
32 33 0
33 70 -10
33 47 4
33 58 -10
33 40 -1
33 68 6
33 67 2
33 97 3
33 62 -5
33 53 -10
33 85 6
33 60 6
33 76 7
33 92 4
33 49 -6
33 82 7
33 50 3
33 87 -4
33 81 -6
33 79 -7
33 77 -5
33 65 -10
33 61 4
33 44 -7
33 41 1
33 46 8
33 69 4
33 39 -4
33 45 7
33 98 4
33 78 -2
33 55 2
33 66 4
33 90 -1
33 96 -8
34 90 0
34 83 2
34 84 5
34 52 -1
34 77 8
34 79 -3
34 94 9
34 71 -6
34 43 -7
34 57 5
34 87 -1
34 93 3
34 54 -4
34 64 7
34 62 3
34 80 2
34 40 -3
34 56 -6
34 65 -4
34 60 3
34 76 -5
34 59 3
34 44 1
34 61 0
34 100 3
34 39 5
34 78 4
34 85 8
34 86 -3
34 53 -1
34 68 10
35 67 -6
35 89 -10
35 42 3
35 41 -4
35 65 -6
35 80 -4
35 79 -7
35 100 6
35 44 9
35 58 -6
35 50 6
35 75 8
35 51 0
35 52 -10
35 70 -3
35 47 -5
35 99 -6
35 37 3
35 90 -9
35 94 -10
35 48 8
35 77 9
35 69 2
35 76 9
35 59 2
35 83 9
35 92 -7
35 91 9
35 88 3
35 60 -3
35 78 -7
36 68 1
36 99 -3
36 100 -7
36 42 -3
36 98 9
36 57 6
36 50 3
36 86 1
36 71 1
36 41 -6
36 40 -6
36 45 5
36 80 0
36 47 5
36 87 8
36 79 8
36 37 -6
36 38 9
36 39 3
36 61 6
36 44 7
36 54 10
36 96 0
36 53 -9
36 49 9
36 65 9
36 78 -7
36 92 -5
36 59 9
36 89 -2
36 76 8
36 63 -3
36 69 0
36 95 4
36 60 5
36 94 -7
36 52 -8
36 73 -1
36 83 2
37 39 3
37 80 -4
37 95 -6
37 52 -6
37 77 -10
37 62 -9
37 97 0
37 47 10
37 64 9
37 65 -2
37 79 -6
37 58 0
37 45 -7
37 76 -4
37 66 -10
37 61 -4
37 75 -1
37 54 -1
37 69 1
37 60 -9
37 86 7
37 68 0
37 46 2
37 98 6
37 78 5
37 55 -10
37 70 1
37 99 8
37 43 -8
37 41 7
37 50 1
37 51 3
37 87 -8
37 63 -4
38 88 -5
38 95 6
38 83 -7
38 86 -1
38 65 1
38 91 -9
38 77 5
38 40 -3
38 60 -3
38 74 -10
38 78 0
38 44 10
38 41 5
38 92 7
38 100 -9
38 51 -4
38 46 -10
38 62 -5
38 59 -10
38 57 5
38 73 -7
38 93 0
38 43 10
38 64 -2
38 67 -2
38 68 -10
38 50 4
38 84 3
38 90 10
38 81 -8
38 72 -6
38 98 2
38 71 7
39 82 -3
39 67 -1
39 53 1
39 84 -5
39 90 3
39 91 1
39 71 0
39 50 7
39 79 9
39 45 -8
39 54 5
39 63 1
39 58 -5
39 96 -3
39 46 7
39 64 7
39 61 -10
39 56 0
39 93 10
39 66 -8
39 88 9
39 100 -6
39 86 -1
39 73 10
39 99 -5
39 97 3
39 43 -6
39 87 -10
39 70 -1
39 81 -10
40 61 -4
40 92 7
40 86 0
40 65 10
40 67 1
40 41 -10
40 82 8
40 95 -7
40 83 -6
40 62 7
40 72 8
40 90 5
40 98 1
40 64 -4
40 70 7
40 53 2
40 78 7
40 45 9
40 42 -10
40 76 7
40 55 -1
40 94 -7
40 96 -2
40 43 -1
40 74 -9
40 100 -4
40 56 -8
40 57 -10
40 47 -6
40 48 9
40 66 -4
40 80 -7
41 53 9
41 75 -1
41 91 -5
41 71 -8
41 99 5
41 59 -6
41 51 -7
41 62 7
41 50 4
41 52 -8
41 79 6
41 70 7
41 69 3
41 97 10
41 58 7
41 47 -2
41 88 -4
41 63 -4
41 81 -8
41 73 -6
41 72 -8
41 100 -2
41 83 -8
41 89 -8
41 49 6
41 65 -10
41 64 -7
41 68 -5
41 57 1
42 97 2
42 56 -4
42 51 -10
42 49 8
42 89 2
42 71 -9
42 87 7
42 58 10
42 55 7
42 81 10
42 50 -9
42 52 4
42 67 10
42 63 1
42 47 -8
42 53 9
42 80 -7
42 94 -10
42 90 -6
42 84 -9
42 99 2
42 85 7
42 88 -4
42 45 0
42 86 -4
42 60 8
42 72 -6
42 57 -9
43 60 -4
43 71 4
43 49 5
43 92 -1
43 78 -8
43 88 5
43 58 8
43 83 -3
43 48 -7
43 81 -2
43 94 -3
43 87 -5
43 72 -3
43 82 -3
43 86 -4
43 67 -1
43 62 -7
43 51 2
43 70 3
43 45 3
43 63 0
43 44 -6
43 53 -10
43 68 1
43 96 1
43 79 -9
43 69 -1
43 65 -2
43 50 1
43 61 4
43 57 9
44 90 1
44 87 3
44 96 3
44 51 -8
44 80 -8
44 52 -5
44 97 -7
44 68 -10
44 93 8
44 74 -9
44 64 5
44 67 2
44 76 6
44 83 3
44 89 -10
44 100 8
44 66 0
44 72 5
44 63 -6
44 58 -6
44 95 -4
44 56 6
44 92 -1
44 59 -9
45 57 -7
45 68 -1
45 99 -6
45 83 8
45 93 7
45 67 5
45 53 -10
45 79 6
45 75 -8
45 100 2
45 46 0
45 70 -1
45 47 0
45 62 -4
45 76 3
45 63 -9
45 48 -7
45 50 -3
45 87 2
45 69 -6
45 78 -6
45 81 0
45 51 4
45 96 -6
45 91 -4
46 78 0
46 65 8
46 72 4
46 98 10
46 52 -5
46 69 -2
46 63 7
46 79 -3
46 64 8
46 51 3
46 58 7
46 89 -8
46 80 -9
46 77 6
46 84 0
46 75 -8
46 70 -5
46 61 -7
46 68 1
46 73 -2
46 62 5
46 57 -1
46 67 -1
46 93 -5
47 71 4
47 95 2
47 81 7
47 85 4
47 77 1
47 55 1
47 76 5
47 83 -2
47 94 8
47 80 0
47 82 -4
47 74 -7
47 78 -8
47 70 -3
47 67 0
47 92 10
47 98 0
47 59 -1
47 84 -5
47 50 -9
47 54 -2
47 51 7
47 73 -7
47 91 8
47 88 -9
47 53 9
47 97 -6
47 57 -2
47 87 -4
47 72 9
47 49 -4
47 75 -2
47 99 0
47 58 -7
47 48 6
48 60 -2
48 92 -9
48 97 -2
48 81 -1
48 53 8
48 56 7
48 85 0
48 78 -8
48 93 -3
48 94 -3
48 54 -5
48 91 -10
48 74 0
48 90 1
48 66 -4
48 58 -8
48 70 -6
48 62 -2
48 55 -2
48 82 -10
48 89 -6
49 82 0
49 59 3
49 77 -6
49 51 8
49 68 -3
49 78 -1
49 80 -10
49 66 -10
49 58 9
49 65 -1
49 75 -10
49 57 7
49 90 1
49 91 -5
49 70 -6
49 97 8
49 84 3
49 87 -5
49 67 0
49 96 -6
49 71 0
49 72 2
49 61 1
49 52 6
50 51 8
50 53 -9
50 74 4
50 93 7
50 76 6
50 89 -7
50 77 -3
50 84 9
50 59 3
50 70 10
50 62 7
50 67 3
50 52 -5
50 58 7
50 55 -3
50 80 10
50 83 7
50 78 0
50 60 2
50 68 -6
50 54 -1
50 98 4
50 91 -1
50 85 -4
50 100 -7
50 57 -7
50 99 7
50 79 2
50 90 -5
51 77 -5
51 64 -7
51 78 2
51 53 1
51 87 9
51 61 4
51 73 -1
51 60 -5
51 96 3
51 91 3
51 100 8
51 89 4
51 99 5
51 74 6
51 57 -7
51 81 9
51 63 -3
51 58 -7
51 76 -5
51 69 -5
51 52 -9
51 79 9
51 98 -7
51 95 -10
51 71 -4
51 72 9
52 77 0
52 53 0
52 89 -9
52 95 5
52 63 -6
52 60 1
52 58 10
52 64 -8
52 92 -7
52 68 5
52 84 10
52 88 10
52 96 -5
52 90 1
52 78 3
52 71 5
52 80 -8
52 85 0
52 83 -1
52 87 -2
52 74 -3
52 65 2
52 57 -3
52 99 10
52 56 -2
52 75 4
53 76 3
53 99 -6
53 93 4
53 66 5
53 58 -2
53 97 7
53 88 0
53 68 -3
53 65 8
53 86 6
53 91 -8
53 74 -2
53 64 5
53 85 -5
53 71 7
53 98 -10
53 79 -7
53 75 9
53 57 -8
53 84 -8
53 55 -6
53 80 -1
53 69 8
53 67 7
53 83 -6
53 60 0
54 59 9
54 99 -1
54 85 -4
54 57 0
54 81 8
54 55 -5
54 88 4
54 67 1
54 78 -10
54 68 0
54 65 6
54 87 -7
54 97 -1
54 56 5
54 76 0
54 72 4
54 69 -8
54 58 -10
54 92 3
54 93 -8
54 86 -1
55 82 -5
55 59 5
55 73 4
55 62 -6
55 57 8
55 99 3
55 97 -10
55 65 3
55 92 7
55 90 -9
55 91 4
55 96 1
55 63 2
55 88 -1
55 84 -8
55 89 -4
55 87 -5
55 56 2
55 64 4
55 66 -1
55 75 3
55 60 -6
55 78 -8
55 58 -7
56 90 -6
56 64 4
56 77 4
56 92 0
56 97 0
56 59 -3
56 63 -2
56 87 -2
56 58 2
56 84 0
56 80 -6
56 78 -1
56 88 -10
56 100 1
56 96 -7
56 89 5
56 74 -6
56 60 6
56 81 9
56 94 -4
56 95 9
56 91 9
56 76 -2
56 98 -7
56 62 -1
56 65 -8
56 93 -7
57 61 -5
57 90 2
57 94 -1
57 69 9
57 83 1
57 66 5
57 97 -8
57 60 5
57 88 -8
57 76 -2
57 70 -9
57 58 7
57 63 3
57 73 2
57 67 8
57 62 -6
57 93 -4
57 72 10
57 82 -5
58 82 -9
58 74 4
58 63 -9
58 88 4
58 93 -9
58 89 8
58 80 -7
58 66 4
58 100 1
58 64 7
58 90 -8
58 72 4
58 92 0
58 85 8
58 61 -3
58 75 -9
58 79 -5
58 77 8
58 67 -10
59 84 7
59 91 5
59 78 1
59 66 3
59 100 5
59 88 4
59 87 -8
59 67 -6
59 90 -7
59 85 -10
59 96 0
59 76 5
59 72 -9
59 61 4
59 60 -7
59 62 -5
59 83 -2
59 89 -6
59 79 -3
59 98 -7
59 81 1
59 92 -7
59 75 5
59 64 2
60 66 -2
60 78 5
60 84 0
60 91 9
60 90 1
60 82 -9
60 92 -8
60 73 4
60 80 6
60 98 -4
60 71 1
60 75 -6
60 88 -1
60 94 0
60 95 -2
60 93 8
60 79 6
60 85 -9
61 62 -3
61 79 -2
61 72 0
61 76 -2
61 63 -10
61 66 3
61 75 -3
61 93 -2
61 97 9
61 90 -7
61 67 -3
61 87 -10
61 88 4
61 74 4
61 100 -7
61 86 -10
61 77 -1
61 71 -1
61 89 0
61 91 9
61 85 -3
62 78 -8
62 73 -5
62 81 2
62 85 -5
62 63 -4
62 88 -6
62 91 10
62 75 3
62 94 1
62 65 3
62 76 5
62 89 7
62 83 7
62 80 9
62 71 10
62 96 -3
62 97 -5
62 86 4
62 87 3
62 64 -4
62 67 -4
63 79 -4
63 91 -6
63 93 8
63 85 -9
63 89 8
63 76 9
63 81 2
63 92 6
63 94 0
63 73 -6
63 70 5
63 84 8
63 87 4
63 97 3
63 74 -1
63 69 7
63 78 -3
63 98 8
63 68 -3
63 99 -5
63 67 -7
63 80 8
63 82 3
64 74 5
64 95 -4
64 93 -5
64 82 -9
64 78 7
64 73 1
64 99 -9
64 66 0
64 100 -6
64 69 0
64 68 -7
64 80 -8
65 66 -2
65 74 -8
65 96 -8
65 85 9
65 99 5
65 78 -8
65 94 -8
65 75 9
65 92 1
65 100 -3
65 71 4
65 81 -6
65 91 3
65 90 7
65 84 1
65 89 3
65 87 -3
65 72 0
65 79 -2
65 76 -9
65 98 -4
65 93 1
65 80 -4
66 85 -10
66 94 8
66 72 2
66 78 -7
66 82 -2
66 74 2
66 71 10
66 83 3
66 89 5
66 87 -8
66 86 0
66 70 -7
66 97 3
66 80 -2
66 73 -5
67 75 7
67 71 3
67 94 -1
67 79 -7
67 99 9
67 91 0
67 92 5
67 80 5
67 81 1
67 83 4
67 84 3
67 72 0
67 85 -5
67 98 -6
67 90 -8
67 70 9
68 77 9
68 82 -9
68 78 2
68 75 -3
68 72 7
68 89 3
68 92 -2
68 93 2
68 97 2
68 81 -1
68 73 10
68 70 -1
68 80 -6
68 88 -3
68 87 2
68 94 3
69 88 1
69 93 -5
69 71 -10
69 78 4
69 98 -3
69 97 -8
69 80 -2
69 72 -5
69 82 -4
69 86 -1
69 81 1
70 72 6
70 80 -6
70 77 -6
70 78 7
70 73 1
70 87 -3
70 92 -8
70 98 0
70 84 -5
70 99 -10
70 81 -4
70 75 -5
70 74 -10
70 76 -6
70 83 -6
70 89 2
70 100 7
71 77 -9
71 85 9
71 76 3
71 90 8
71 93 6
71 91 6
71 100 1
71 95 -4
71 82 9
71 81 -1
71 87 -6
71 78 -2
71 84 -5
72 85 -1
72 99 7
72 79 7
72 76 1
72 83 0
72 84 10
72 97 -6
72 92 9
72 90 7
72 94 -10
72 93 7
72 80 -1
72 74 9
72 82 -6
72 78 6
72 89 -10
72 86 8
72 98 -9
73 98 10
73 88 -2
73 85 6
73 83 5
73 74 3
73 79 9
73 81 -7
73 89 3
73 99 -8
73 87 -8
73 77 9
74 77 3
74 86 -2
74 94 3
74 100 -7
74 76 1
74 83 0
74 89 -10
74 81 4
74 84 1
74 95 6
74 98 -3
75 89 -7
75 98 3
75 87 -5
75 84 7
75 93 6
75 96 8
75 88 -4
75 81 -7
75 97 -2
75 83 0
75 82 -3
75 80 -4
76 99 -5
76 97 1
76 80 -8
76 92 7
76 81 2
76 100 3
76 91 8
76 87 6
76 93 3
76 79 -9
76 86 7
76 83 0
76 82 -6
76 98 8
77 92 7
77 91 -6
77 83 8
77 84 -10
77 80 0
77 90 3
77 94 -5
77 96 9
78 83 2
78 92 -5
78 84 10
78 97 10
78 79 -7
78 85 5
78 86 -3
78 91 -4
78 99 4
78 95 7
78 98 -3
78 88 -5
78 90 -6
78 80 -3
78 82 7
79 89 10
79 80 3
79 90 7
79 92 -3
79 88 8
79 98 1
79 81 -5
79 95 9
79 87 -2
79 97 7
79 84 -4
80 82 -10
80 95 8
80 81 2
80 99 -6
80 96 9
80 84 2
80 97 7
80 90 -7
80 93 10
80 100 -10
81 94 0
81 85 5
81 98 4
81 90 -2
81 97 -6
81 86 7
81 96 7
81 95 -1
81 84 3
81 88 -10
82 97 6
82 89 10
82 94 -10
82 92 2
82 86 10
82 99 1
82 83 2
82 95 -6
82 90 4
82 96 8
83 93 0
83 99 -8
83 100 4
83 87 -8
83 92 -1
83 91 8
83 85 10
83 95 0
83 86 2
84 93 9
84 85 -5
84 92 -2
84 86 8
84 90 -4
84 88 -6
85 86 10
85 100 -6
85 91 -2
85 93 -7
86 89 -9
86 98 -7
86 91 -9
86 100 -6
86 93 -6
86 94 -4
86 99 8
87 100 8
87 89 -7
87 95 -4
87 92 3
87 94 1
88 98 1
88 90 -9
88 94 -7
88 100 0
88 96 -5
88 97 4
88 99 -2
88 92 5
89 95 8
89 96 8
89 100 2
89 99 -1
89 97 -2
89 98 0
89 90 10
90 91 -6
90 96 5
90 99 -10
90 93 -5
90 94 -8
90 100 1
91 94 9
91 93 -4
92 99 -7
92 97 -4
92 95 -6
92 93 7
93 94 1
93 95 -5
93 97 -9
93 98 -2
94 99 6
94 100 -1
94 97 -9
94 95 -5
95 100 -10
95 96 -5
95 97 3
95 98 7
95 99 6
96 100 -2
96 99 2
97 99 5
97 100 -1
98 99 -7
98 100 -4
99 100 -10
