100 2475 
1 3 -8
1 23 -9
1 85 -5
1 22 -6
1 21 -10
1 71 -4
1 7 5
1 54 -7
1 26 0
1 13 -10
1 76 -10
1 42 9
1 29 -3
1 16 -1
1 61 -7
1 63 -9
1 74 -9
1 48 -4
1 45 -3
1 15 0
1 97 10
1 100 -4
1 37 -5
1 35 -5
1 64 0
1 68 10
1 59 6
1 98 5
1 33 -3
1 5 -6
1 12 -4
1 62 7
1 95 -3
1 17 8
1 27 -9
1 2 9
1 40 -8
1 51 -10
1 25 -4
1 18 0
1 93 8
1 96 3
1 57 10
1 50 3
1 28 6
1 81 8
1 77 6
1 32 8
1 84 -2
1 66 8
1 78 1
1 94 -6
2 32 1
2 7 4
2 15 6
2 79 5
2 10 3
2 4 1
2 16 7
2 90 9
2 34 1
2 17 1
2 44 -1
2 27 -6
2 93 -2
2 13 -7
2 54 -10
2 72 1
2 64 -7
2 62 -10
2 58 -9
2 39 -6
2 65 4
2 26 -4
2 94 -8
2 18 3
2 11 2
2 41 -1
2 23 -1
2 45 -2
2 73 -1
2 40 7
2 70 0
2 86 -8
2 100 6
2 49 -6
2 31 7
2 91 -2
2 6 3
2 55 8
2 69 9
2 25 7
2 60 -4
2 52 -5
2 56 -8
2 99 8
2 92 3
2 83 -9
2 8 -2
2 30 -3
2 14 7
2 61 7
2 85 7
3 32 -6
3 71 1
3 38 -9
3 57 -5
3 53 -5
3 21 -1
3 82 10
3 36 8
3 59 1
3 99 6
3 100 -9
3 64 2
3 73 8
3 42 -8
3 16 -3
3 86 -1
3 6 -4
3 56 -10
3 27 -10
3 74 -5
3 48 -4
3 20 -6
3 80 -9
3 96 7
3 61 -6
3 31 -5
3 40 -5
3 23 -3
3 19 6
3 24 4
3 69 9
3 34 10
3 29 -6
3 70 8
3 46 8
3 63 -1
3 33 6
3 22 1
3 92 -8
3 68 6
3 45 -6
3 94 -7
3 78 -8
3 50 -2
3 89 8
3 67 9
3 51 -10
4 42 0
4 44 2
4 6 -7
4 85 10
4 78 -4
4 26 7
4 19 8
4 35 3
4 29 1
4 94 -3
4 36 10
4 95 5
4 20 6
4 12 -8
4 77 10
4 56 -3
4 49 -1
4 43 5
4 91 0
4 62 -5
4 57 3
4 88 1
4 58 -8
4 66 -4
4 65 8
4 25 9
4 93 0
4 41 5
4 71 3
4 17 3
4 53 2
4 80 3
4 52 5
4 47 -8
4 92 -1
4 59 -1
4 86 -9
4 63 8
4 51 -10
4 45 3
4 89 -8
4 15 -9
4 38 2
4 13 -1
4 27 -3
4 83 4
4 32 -5
5 58 -5
5 98 -1
5 44 -6
5 81 3
5 90 1
5 57 6
5 87 2
5 80 2
5 13 -6
5 47 2
5 7 -5
5 62 7
5 27 -10
5 77 5
5 66 7
5 54 9
5 28 -3
5 59 -8
5 93 7
5 42 -2
5 71 -8
5 38 -1
5 95 -3
5 61 -3
5 76 -1
5 78 -9
5 46 10
5 8 8
5 41 10
5 20 9
5 53 -6
5 30 0
5 55 -7
5 68 -6
5 14 -8
5 40 5
5 43 -2
5 11 -5
5 22 -4
5 50 -4
5 23 -9
5 26 -3
5 96 -3
5 32 10
5 15 -9
5 69 3
5 83 5
5 63 -10
5 25 -8
5 75 4
5 33 3
6 78 -2
6 35 6
6 68 5
6 80 -10
6 75 7
6 79 7
6 15 5
6 73 -2
6 97 -10
6 62 -3
6 61 0
6 52 -2
6 44 -1
6 23 4
6 60 6
6 21 -6
6 88 0
6 51 -8
6 32 -5
6 20 -2
6 77 3
6 93 -8
6 89 0
6 16 10
6 55 -9
6 47 4
6 34 7
6 24 -10
6 83 -6
6 36 1
6 37 -1
6 86 0
6 9 -5
6 56 1
6 58 3
6 82 -8
6 49 -2
6 26 -1
6 76 2
6 92 4
6 33 10
6 45 10
6 28 -2
6 39 -10
6 99 2
6 41 2
6 25 8
6 19 8
6 54 -8
6 30 4
6 7 3
7 26 -1
7 21 -3
7 52 1
7 96 1
7 25 -2
7 48 5
7 45 -2
7 35 4
7 67 -2
7 39 6
7 62 6
7 100 3
7 64 -7
7 70 -1
7 83 -4
7 87 9
7 84 -4
7 86 2
7 22 6
7 76 0
7 37 -6
7 31 10
7 89 -9
7 81 -6
7 12 4
7 23 6
7 75 -7
7 46 -8
7 40 -10
7 71 -9
7 54 0
7 24 4
7 16 -7
7 94 -2
7 15 -7
7 27 -10
7 91 -10
7 28 10
7 65 10
7 9 9
7 90 -5
7 43 -6
7 57 -1
7 19 6
7 53 10
8 37 -6
8 68 2
8 51 -8
8 10 -1
8 61 -2
8 45 -9
8 31 3
8 35 -8
8 15 -10
8 76 -1
8 79 -3
8 14 -7
8 29 -5
8 22 -2
8 36 0
8 55 -5
8 39 4
8 72 4
8 58 -4
8 95 -5
8 91 -3
8 96 -7
8 43 9
8 85 -10
8 77 6
8 12 9
8 32 9
8 17 -7
8 56 -4
8 98 9
8 52 -3
8 38 -10
8 42 4
8 100 -6
8 69 -8
8 33 -4
8 50 -2
8 89 -5
8 99 -10
8 82 0
8 66 -7
8 23 -8
9 70 -10
9 74 -2
9 55 -2
9 83 -3
9 73 -5
9 69 6
9 27 10
9 38 6
9 64 -4
9 50 9
9 30 -4
9 15 8
9 90 9
9 11 -2
9 84 2
9 85 -3
9 94 0
9 86 1
9 81 -10
9 41 -5
9 60 -4
9 92 9
9 89 -3
9 33 4
9 66 -5
9 32 -10
9 87 6
9 52 4
9 43 6
9 28 -6
9 98 -10
9 39 -7
9 59 10
9 17 -4
9 78 -7
9 71 -10
9 24 -9
9 68 7
9 96 -8
9 63 6
9 40 -9
9 93 8
9 25 -7
9 16 -2
9 42 9
9 65 -6
9 53 -8
9 46 4
9 58 9
9 36 -3
10 45 5
10 12 9
10 48 0
10 14 2
10 60 3
10 62 -7
10 32 7
10 49 -8
10 94 -4
10 41 -7
10 27 5
10 16 -9
10 78 1
10 19 5
10 28 -8
10 25 0
10 68 -6
10 65 3
10 79 1
10 58 -5
10 52 8
10 67 -1
10 56 -9
10 50 5
10 57 8
10 100 8
10 36 -2
10 75 2
10 96 0
10 66 8
10 18 2
10 42 -2
10 95 -7
10 99 -6
10 64 -7
10 13 -10
10 80 -5
10 88 2
10 81 9
10 59 9
10 44 6
10 89 -2
10 11 10
10 29 -3
10 86 2
10 43 -7
10 17 2
10 53 -2
10 22 0
10 39 1
10 33 3
10 24 6
10 72 -4
10 34 -2
10 30 -1
10 71 0
11 74 3
11 47 4
11 91 -10
11 80 -10
11 14 3
11 56 -9
11 83 -3
11 61 9
11 26 -3
11 63 -7
11 78 4
11 75 -1
11 82 10
11 50 -2
11 34 8
11 68 2
11 84 10
11 44 3
11 23 -1
11 43 -10
11 69 -2
11 65 8
11 20 1
11 60 -10
11 19 10
11 89 -10
11 46 4
11 70 3
11 99 1
11 55 8
11 21 6
11 33 0
11 59 9
11 88 2
11 52 0
11 13 -6
11 58 6
11 79 7
11 54 3
11 87 3
11 16 4
11 18 9
11 36 7
11 29 8
12 37 -9
12 34 -6
12 36 -6
12 53 8
12 50 -10
12 48 -2
12 74 -10
12 75 8
12 41 -1
12 31 7
12 68 3
12 45 6
12 40 -2
12 25 -1
12 38 10
12 99 6
12 51 0
12 91 -4
12 84 -5
12 72 7
12 57 4
12 58 -6
12 56 8
12 35 -7
12 97 9
12 85 -7
12 73 -4
12 79 -1
12 52 -4
12 70 -9
12 13 -8
12 46 5
12 28 3
12 43 9
12 98 -8
12 78 2
12 29 -9
12 76 4
12 21 -7
12 24 10
12 100 2
12 44 -7
12 17 4
12 15 1
12 22 2
12 54 0
12 66 2
13 29 7
13 96 0
13 57 7
13 64 -2
13 63 3
13 78 -3
13 85 0
13 66 -10
13 32 6
13 94 -3
13 46 3
13 75 -10
13 40 -2
13 22 10
13 73 -10
13 89 2
13 41 2
13 39 -4
13 90 5
13 71 7
13 82 -2
13 50 6
13 15 4
13 65 6
13 95 -2
13 93 6
13 91 9
13 81 5
13 28 -1
13 38 4
13 56 10
13 59 9
13 48 3
13 18 2
13 21 7
13 77 0
13 31 -7
13 16 -3
13 74 -5
13 79 6
13 14 -1
14 92 2
14 73 1
14 50 2
14 33 -7
14 40 4
14 60 -4
14 52 -10
14 72 -6
14 87 1
14 43 -1
14 30 -6
14 77 -5
14 86 3
14 42 9
14 24 -3
14 71 -4
14 35 4
14 95 2
14 69 10
14 46 -5
14 96 5
14 21 8
14 99 10
14 49 -4
14 57 -1
14 97 2
14 27 -8
14 54 -10
14 81 -10
14 64 10
14 89 -9
14 56 0
14 78 5
14 44 -3
14 61 -1
14 53 10
14 22 4
14 51 0
14 34 -8
14 79 1
14 47 -3
14 84 9
14 48 -9
14 93 7
14 25 7
15 21 10
15 30 -8
15 55 7
15 83 10
15 28 10
15 49 2
15 95 0
15 41 -4
15 91 -1
15 40 5
15 29 10
15 57 -1
15 69 3
15 86 -2
15 67 9
15 26 -8
15 89 -2
15 72 -4
15 62 -3
15 35 4
15 74 9
15 27 0
15 47 10
15 16 -7
15 68 -9
15 70 1
15 44 6
15 19 8
15 97 1
15 20 2
15 42 8
15 25 -9
15 50 -1
15 71 7
15 58 5
15 85 -8
15 84 -9
16 96 6
16 44 8
16 74 -6
16 80 3
16 26 9
16 62 -6
16 71 6
16 57 -2
16 23 5
16 52 -3
16 53 -10
16 32 8
16 90 -9
16 88 9
16 47 -8
16 75 1
16 40 1
16 38 -9
16 17 -8
16 46 -8
16 84 -2
16 69 -10
16 89 0
16 99 7
16 49 1
16 24 -6
16 92 -8
16 58 5
16 77 -6
16 98 -4
16 83 -7
16 18 -6
16 97 -3
16 42 -3
16 100 0
16 60 -3
16 21 2
16 63 -1
16 31 9
16 70 1
16 27 -4
16 41 6
16 68 10
16 51 -8
16 91 1
16 20 10
16 94 2
17 60 8
17 64 -9
17 69 -8
17 66 -3
17 58 -10
17 94 6
17 91 -5
17 24 0
17 56 -4
17 99 4
17 47 8
17 18 -10
17 54 -9
17 75 8
17 41 -5
17 80 -10
17 27 8
17 98 8
17 74 9
17 81 -2
17 86 -9
17 28 4
17 83 -8
17 57 5
17 92 2
17 67 -4
17 34 -10
17 88 -9
17 89 8
17 46 -7
17 96 -1
17 45 0
17 26 -1
17 30 -6
17 68 6
17 19 -8
17 73 -1
17 40 1
17 42 -2
17 85 -3
17 72 8
17 29 2
17 52 -6
17 48 0
17 33 -10
17 31 -3
18 45 -8
18 34 9
18 28 10
18 77 8
18 52 -8
18 36 -7
18 46 3
18 41 10
18 80 -9
18 29 -1
18 27 -8
18 54 -8
18 31 -3
18 42 3
18 95 6
18 67 6
18 71 6
18 63 8
18 55 0
18 59 6
18 47 -4
18 89 8
18 93 2
18 37 -6
18 49 9
18 32 -2
18 88 -4
18 50 9
18 23 -1
18 96 -6
18 22 -9
18 56 2
18 33 4
18 100 -2
18 65 -3
18 82 -4
18 57 10
18 64 7
18 58 -4
18 91 -8
18 84 3
18 90 5
18 83 -8
18 62 0
18 81 -3
18 60 7
18 68 -6
19 46 -8
19 75 9
19 96 2
19 100 2
19 98 -10
19 43 -9
19 95 10
19 69 3
19 30 1
19 99 -9
19 42 -6
19 79 10
19 93 5
19 90 -8
19 45 -9
19 66 10
19 28 -1
19 91 8
19 48 7
19 54 -6
19 50 -2
19 77 8
19 85 5
19 94 -1
19 65 -2
19 38 -1
19 35 -2
19 71 -10
19 82 -6
19 62 1
19 31 -7
19 67 7
19 76 2
19 49 -8
19 53 -1
19 86 8
19 72 -8
19 44 -6
19 22 -5
19 40 7
19 83 -10
19 41 2
19 27 -4
19 26 9
19 32 -9
19 29 9
19 34 9
20 44 -3
20 94 -7
20 45 -5
20 41 -6
20 63 -9
20 81 -6
20 47 -4
20 100 10
20 29 -3
20 51 -6
20 99 -4
20 73 10
20 89 -7
20 28 -3
20 86 -10
20 97 9
20 83 8
20 40 6
20 75 9
20 59 -7
20 52 -2
20 93 9
20 27 -10
20 90 -2
20 21 6
20 22 0
20 50 0
20 25 9
20 72 -1
20 79 -7
20 88 1
20 82 -3
20 64 8
20 98 7
20 46 -2
21 73 3
21 69 10
21 34 5
21 51 10
21 53 5
21 70 4
21 38 -8
21 65 -9
21 45 0
21 28 -4
21 50 -4
21 100 5
21 30 -1
21 32 -3
21 93 -10
21 91 -10
21 77 5
21 35 -3
21 92 -9
21 71 -5
21 80 2
21 89 -5
21 36 -9
21 74 -6
21 94 4
21 39 10
21 78 4
21 86 10
21 55 5
21 99 3
21 83 -8
21 85 -2
21 46 -2
21 56 9
21 23 -10
21 87 1
21 60 -2
21 49 4
21 96 2
21 95 -2
21 44 -4
21 76 7
21 57 8
21 26 4
21 48 8
22 60 -10
22 83 -4
22 61 -10
22 44 0
22 42 -3
22 64 5
22 71 -10
22 33 5
22 67 2
22 58 -6
22 85 4
22 81 6
22 65 -1
22 100 -8
22 39 0
22 69 2
22 35 -8
22 43 6
22 86 -10
22 57 -7
22 59 -1
22 24 -9
22 82 -8
22 84 6
22 41 0
22 92 -6
22 50 5
22 62 7
22 68 -10
22 53 -10
22 49 -7
22 99 -5
22 28 6
22 46 7
22 79 1
23 99 6
23 50 -4
23 53 1
23 57 -5
23 58 -8
23 39 -10
23 48 -2
23 47 2
23 83 -7
23 72 8
23 29 6
23 96 -1
23 34 4
23 41 1
23 69 9
23 24 -8
23 45 3
23 28 -7
23 64 -5
23 32 1
23 97 -10
23 27 -4
23 86 -2
23 98 -7
23 30 -4
23 77 0
23 95 1
23 70 0
23 44 3
23 93 -8
23 25 -8
23 40 9
23 43 6
23 56 -5
24 34 8
24 25 10
24 74 -2
24 72 -9
24 94 4
24 31 2
24 79 -2
24 85 -10
24 89 3
24 36 -6
24 66 5
24 54 -4
24 57 6
24 44 5
24 99 9
24 95 8
24 88 -4
24 58 5
24 93 4
24 55 -9
24 87 -6
24 98 -2
24 90 7
24 38 -7
24 39 -10
24 70 -3
24 62 5
24 69 7
24 27 -1
24 51 4
24 68 -7
24 52 -7
24 97 2
24 86 4
24 53 8
24 49 9
24 96 10
25 92 -6
25 52 -8
25 74 -5
25 43 8
25 47 3
25 45 -6
25 50 6
25 48 -1
25 79 -2
25 41 0
25 84 -2
25 97 -5
25 49 8
25 64 -2
25 38 2
25 68 -5
25 63 2
25 62 5
25 55 3
25 95 10
25 89 -10
25 91 3
25 65 -8
25 70 4
25 78 9
25 34 0
25 53 4
25 73 9
25 87 7
25 59 10
25 80 -2
25 57 9
25 27 7
25 32 -5
26 88 1
26 98 7
26 40 6
26 79 -9
26 69 0
26 30 -10
26 100 -6
26 39 10
26 70 0
26 96 -7
26 45 0
26 76 -1
26 31 2
26 50 9
26 63 0
26 51 1
26 83 10
26 58 -4
26 41 9
26 57 -3
26 92 0
26 61 7
26 93 -6
26 97 5
26 49 6
26 94 -10
26 59 -10
26 53 -8
26 90 5
26 44 0
26 77 5
26 42 -6
26 46 3
26 64 -6
26 87 -3
26 75 0
26 84 8
26 43 6
26 65 4
26 72 3
26 34 3
26 47 7
27 46 -6
27 62 -2
27 51 -1
27 69 -5
27 35 -8
27 37 -4
27 45 5
27 50 1
27 77 5
27 54 2
27 34 -10
27 91 -10
27 41 -6
27 75 6
27 79 3
27 87 5
27 85 -3
27 43 4
27 94 -5
27 99 7
27 30 -2
27 76 4
27 96 3
27 67 -6
27 81 1
27 31 5
27 73 -3
27 40 6
27 82 -2
27 38 0
27 28 -4
27 55 -4
27 47 -3
27 59 7
28 41 9
28 65 7
28 35 -9
28 80 8
28 42 -6
28 83 -9
28 63 7
28 57 9
28 69 6
28 56 0
28 59 4
28 90 7
28 67 1
28 88 -4
28 73 -10
28 94 10
28 46 2
28 86 5
28 37 -5
28 68 2
28 66 2
28 100 -10
28 77 -2
28 91 8
28 95 7
28 81 -2
28 36 6
28 48 -5
28 44 -1
28 85 8
28 82 -6
28 87 -3
28 64 -4
28 74 -1
28 71 3
28 70 -9
28 38 0
28 34 -8
28 39 8
28 97 0
29 43 1
29 45 0
29 30 0
29 68 7
29 41 -5
29 35 -6
29 62 -8
29 93 2
29 86 -1
29 56 7
29 39 1
29 51 0
29 84 -6
29 60 10
29 40 0
29 63 6
29 83 5
29 81 8
29 53 -5
29 82 4
29 91 -3
29 38 -5
29 57 9
29 70 6
29 72 -4
29 79 -10
29 34 -4
29 55 7
29 99 10
29 74 -3
29 87 5
30 71 8
30 88 -1
30 33 4
30 32 10
30 83 -6
30 87 -2
30 75 3
30 77 5
30 65 1
30 74 6
30 82 -4
30 99 -3
30 98 -5
30 43 -4
30 68 2
30 36 -2
30 54 10
30 42 -5
30 38 3
30 96 5
30 56 9
30 93 -9
30 48 -4
30 62 -10
30 64 4
30 51 -10
30 57 -5
30 34 0
30 59 -2
30 92 5
30 58 6
30 94 -5
31 53 -2
31 87 3
31 77 0
31 96 -10
31 47 -6
31 64 2
31 98 3
31 82 10
31 74 -1
31 61 -6
31 55 -10
31 70 -3
31 95 2
31 45 -7
31 73 4
31 52 2
31 100 10
31 83 0
31 54 -5
31 32 -1
31 35 10
31 75 2
31 40 -3
31 63 -3
31 72 -9
31 57 -6
31 41 -7
31 38 7
31 34 10
31 71 -6
32 65 -5
32 98 -6
32 91 -6
32 63 4
32 48 3
32 82 -3
32 44 -3
32 68 4
32 67 8
32 55 -4
32 42 -1
32 75 10
32 60 3
32 41 3
32 47 0
32 62 -10
32 89 -4
32 87 10
32 72 -5
32 70 5
32 96 8
32 71 0
32 34 -1
32 95 1
32 73 0
32 33 -3
32 38 4
32 88 5
32 45 7
32 78 9
32 93 10
32 69 -10
32 76 1
32 61 4
32 36 9
32 66 6
32 80 -6
32 50 -4
33 95 2
33 63 -4
33 100 5
33 40 5
33 56 8
33 51 3
33 70 3
33 99 9
33 59 -4
33 65 -3
33 72 6
33 87 -9
33 37 -9
33 42 6
33 34 6
33 82 9
33 85 7
33 57 4
33 93 6
33 45 10
33 69 6
33 44 3
33 83 0
33 75 2
33 66 -10
33 74 1
33 89 5
33 39 -8
33 86 7
33 49 8
33 68 4
33 47 0
33 55 2
33 67 8
34 41 2
34 94 -5
34 87 5
34 90 10
34 38 -9
34 88 -7
34 44 0
34 51 4
34 47 1
34 59 -3
34 80 9
34 85 -8
34 40 10
34 55 8
34 93 6
34 81 -3
34 79 2
34 68 -3
34 50 -5
34 49 8
34 70 10
34 45 -10
34 61 1
34 65 1
34 74 -2
34 52 -10
34 99 -8
34 43 -10
34 48 1
34 63 -2
34 77 -9
34 83 9
34 71 9
34 69 -1
34 66 9
34 36 8
34 89 4
35 59 3
35 81 -1
35 47 -10
35 95 -1
35 76 7
35 69 -4
35 65 -3
35 64 1
35 66 -10
35 79 10
35 54 -6
35 62 1
35 78 -6
35 48 -2
35 40 -4
35 46 2
35 51 2
35 57 -7
35 41 -2
35 89 10
35 84 0
35 50 5
35 99 -10
35 71 -5
35 43 -4
35 73 -3
35 88 6
35 85 1
35 45 10
35 61 -3
35 96 -7
35 37 -9
35 36 -8
35 83 4
36 91 3
36 75 2
36 64 3
36 61 0
36 54 0
36 85 -10
36 81 -10
36 84 7
36 56 -4
36 98 -4
36 79 -5
36 48 -3
36 77 -9
36 46 9
36 52 -4
36 88 -3
36 59 6
36 82 7
36 51 10
36 95 -1
36 65 4
36 63 0
36 68 -5
36 42 -9
36 73 -5
36 60 -4
36 72 7
36 70 8
36 69 -10
36 40 -1
36 58 -4
36 53 9
36 89 6
36 50 8
36 67 -3
36 83 -1
36 57 0
37 85 3
37 63 1
37 97 3
37 50 8
37 84 3
37 70 4
37 48 -1
37 89 -10
37 96 -7
37 45 -4
37 61 -9
37 77 -6
37 99 3
37 40 2
37 81 0
37 42 1
37 57 4
37 88 4
37 68 -4
37 83 6
37 44 -3
37 53 -7
37 55 10
37 46 -8
37 52 -9
37 95 5
37 91 6
37 76 -6
37 98 10
37 80 -9
38 89 2
38 49 -3
38 72 -7
38 60 -9
38 86 7
38 42 -3
38 79 -3
38 74 -8
38 66 0
38 58 -7
38 91 0
38 83 10
38 67 8
38 44 -3
38 68 6
38 41 -9
38 99 -9
38 75 9
38 97 4
38 77 10
38 84 -4
38 73 -3
38 98 -9
38 62 0
38 76 7
38 69 8
38 59 5
39 64 1
39 83 1
39 57 -10
39 97 10
39 74 -3
39 79 -4
39 77 -1
39 49 6
39 56 -8
39 71 0
39 96 10
39 54 -7
39 62 7
39 85 -9
39 88 1
39 82 5
39 59 -9
39 89 2
39 50 1
39 68 -4
39 55 10
39 94 6
39 67 6
39 46 7
39 48 -8
39 65 -1
39 75 3
39 41 5
39 76 -6
39 42 5
39 98 5
39 86 1
39 66 -9
39 93 7
39 78 6
40 46 -7
40 56 -9
40 89 5
40 59 3
40 49 0
40 47 -4
40 99 -6
40 98 3
40 82 5
40 87 -9
40 66 8
40 92 -10
40 68 6
40 97 10
40 67 0
40 44 9
40 70 0
40 100 10
40 78 6
40 86 8
40 96 5
40 58 -1
40 61 -1
40 57 5
40 72 -9
40 76 -1
40 53 -1
40 62 8
40 43 2
40 71 2
40 84 -7
41 92 -7
41 63 -1
41 81 -10
41 100 -7
41 47 6
41 96 -4
41 61 -3
41 97 8
41 91 -5
41 51 -10
41 58 8
41 76 -6
41 93 10
41 78 9
41 88 -6
41 67 2
41 55 -3
41 87 -2
41 80 10
41 68 -10
41 73 -10
41 42 3
41 66 9
41 50 7
41 82 3
41 62 7
41 54 1
41 69 -7
41 74 -6
41 86 -6
41 72 -5
42 50 3
42 97 -5
42 53 6
42 47 -1
42 56 5
42 69 6
42 48 9
42 96 -5
42 61 -4
42 79 1
42 59 10
42 49 2
42 60 4
42 63 8
42 82 5
42 73 6
42 86 8
42 54 1
42 80 -3
42 78 -4
42 51 2
42 72 -2
42 83 -6
42 74 -9
42 77 -8
42 91 0
42 92 -2
42 57 1
42 67 -4
42 65 -10
43 47 -7
43 53 -3
43 99 3
43 91 -9
43 83 -8
43 45 -6
43 66 -4
43 81 10
43 58 5
43 84 6
43 59 8
43 46 1
43 54 -6
43 50 -5
43 65 -4
43 78 -4
43 74 0
43 64 -6
43 69 4
43 70 -8
43 89 7
43 100 -8
43 93 -2
44 100 7
44 98 3
44 77 -7
44 82 4
44 54 9
44 86 -9
44 71 3
44 75 -9
44 91 -8
44 79 1
44 50 9
44 56 -5
44 51 -4
44 69 -8
44 72 -7
44 94 9
44 49 -7
44 93 -4
44 84 -1
44 99 -9
44 83 5
44 92 5
44 85 -7
44 66 7
44 46 -2
45 53 5
45 84 0
45 51 4
45 100 10
45 70 -2
45 85 -6
45 72 7
45 89 9
45 83 5
45 74 -2
45 65 -4
45 46 4
45 57 2
45 90 1
45 71 -9
45 58 2
45 78 2
45 60 -1
45 63 2
45 75 3
45 99 4
45 59 1
45 64 2
45 96 7
45 67 -1
45 68 9
45 87 -10
45 55 5
45 79 2
45 94 -8
45 95 -9
46 99 -10
46 75 -3
46 81 -8
46 53 6
46 59 6
46 52 7
46 69 -9
46 48 5
46 98 10
46 71 -6
46 89 6
46 65 6
46 88 -9
46 54 4
46 57 8
46 49 -8
46 47 3
46 60 -5
46 86 6
46 83 -6
46 96 -6
46 79 1
46 82 -2
46 74 8
46 56 5
46 64 9
46 84 4
46 76 -7
46 50 -2
46 61 7
46 78 -10
47 48 -2
47 73 4
47 85 7
47 50 0
47 72 3
47 54 -9
47 60 2
47 78 -9
47 68 -7
47 94 4
47 71 -4
47 98 -4
47 79 3
47 93 1
47 95 3
47 91 -1
47 56 3
47 62 -10
47 55 8
47 77 -4
47 51 -2
47 61 9
47 83 -9
47 87 -6
47 99 -9
47 70 -3
47 81 -1
47 89 -3
48 90 -9
48 70 -8
48 65 -10
48 52 -3
48 77 3
48 58 0
48 81 -9
48 66 7
48 88 9
48 82 -7
48 64 3
48 93 -10
48 96 -7
48 78 5
48 87 -7
48 74 5
48 67 -3
48 83 6
48 79 -9
48 59 8
48 68 10
48 54 -10
48 91 4
48 75 1
48 100 7
48 63 7
48 92 -9
49 69 0
49 68 -1
49 82 7
49 52 7
49 91 10
49 74 -5
49 86 1
49 62 -3
49 56 -6
49 93 2
49 77 1
49 99 3
49 85 2
49 88 10
49 63 8
49 90 -3
49 70 -10
49 89 8
49 84 -1
49 61 -3
49 72 8
49 83 0
49 87 -1
50 69 -6
50 95 -3
50 63 -8
50 98 -9
50 61 -6
50 90 -7
50 51 -3
50 60 -7
50 70 -10
50 99 1
50 96 -8
50 57 2
50 94 9
50 84 6
50 91 3
50 55 3
50 88 -3
50 52 -9
50 54 -5
50 77 -1
50 56 -9
50 87 3
50 64 1
51 62 3
51 87 -10
51 98 7
51 71 -5
51 100 0
51 53 -7
51 59 -10
51 52 6
51 89 10
51 73 -1
51 64 -8
51 93 -2
51 65 0
51 97 -10
51 60 -5
51 85 3
51 68 -10
51 96 4
51 66 -6
51 58 2
51 82 7
51 76 4
51 78 7
51 86 -5
51 99 -1
51 55 10
51 88 -7
51 90 -10
51 54 -4
52 80 1
52 85 4
52 92 9
52 74 -8
52 71 -1
52 60 -2
52 100 9
52 86 9
52 63 3
52 84 9
52 88 0
52 77 9
52 76 3
52 66 4
52 57 -4
52 70 -9
52 72 8
52 90 -5
52 59 3
52 58 -6
52 81 10
52 55 -5
53 81 1
53 69 -9
53 90 -1
53 66 7
53 85 1
53 88 -8
53 73 9
53 71 7
53 57 -7
53 55 -2
53 61 1
53 65 -1
53 77 6
53 62 -8
53 98 -10
53 94 -1
53 92 -2
53 63 10
53 54 9
53 82 0
53 100 -10
54 64 -7
54 59 -8
54 87 -10
54 77 9
54 60 -10
54 97 -4
54 100 5
54 58 -6
54 76 9
54 73 -10
54 65 -1
54 62 0
54 93 -5
54 57 10
54 84 -2
54 80 -9
54 86 -4
54 85 0
54 61 -9
54 92 10
54 99 4
54 81 0
54 71 7
54 98 -5
54 70 9
54 74 -7
54 68 7
54 89 5
54 63 8
54 79 -5
55 86 1
55 57 4
55 64 1
55 93 1
55 80 4
55 83 9
55 77 -2
55 69 5
55 60 3
55 63 -7
55 84 -5
55 91 9
55 67 10
55 97 10
55 72 10
56 86 1
56 59 4
56 99 6
56 63 5
56 77 1
56 90 0
56 83 -3
56 68 -10
56 57 -10
56 76 -8
56 79 3
56 93 1
56 78 5
56 88 10
56 66 -5
56 69 -9
56 65 -8
56 87 -10
56 67 -9
56 89 6
57 60 -10
57 97 10
57 70 8
57 98 7
57 77 -6
57 78 -1
57 62 -6
57 81 -8
57 71 2
57 66 -5
57 64 4
57 76 -5
57 80 -8
57 100 6
57 59 6
57 68 4
57 61 -4
57 89 -9
57 86 -3
58 84 10
58 67 4
58 97 10
58 72 -5
58 100 3
58 89 -1
58 99 1
58 63 0
58 60 -7
58 73 -6
58 98 3
58 86 -8
58 80 0
58 65 0
58 66 7
58 61 -10
58 62 -5
58 95 5
59 69 2
59 93 -5
59 60 2
59 75 3
59 71 6
59 61 3
59 83 -4
59 80 10
59 91 7
59 89 -2
59 94 -10
59 74 -5
59 64 -2
59 66 9
59 96 4
59 67 -1
59 79 1
59 78 -5
59 77 8
59 87 0
59 62 -1
59 90 6
59 84 0
59 100 -6
60 81 5
60 84 3
60 96 -9
60 71 -4
60 90 0
60 100 -6
60 72 7
60 86 0
60 89 1
60 61 4
60 76 -10
60 69 -9
60 62 8
60 66 6
60 78 0
61 73 9
61 98 1
61 81 -10
61 95 -5
61 90 0
61 70 -1
61 76 -7
61 99 5
61 69 -5
61 94 0
61 66 2
61 100 3
61 88 -9
61 89 -4
61 83 -7
61 87 -4
61 93 -2
62 88 -5
62 82 -10
62 64 -2
62 98 -8
62 75 0
62 86 -6
62 79 -6
62 77 -9
62 71 5
62 76 5
62 83 -6
62 96 -7
62 97 -9
62 87 -10
62 92 2
62 63 -2
62 80 3
62 93 8
62 70 -6
62 81 -6
62 85 -7
62 74 -1
62 73 7
62 94 10
62 65 9
63 90 7
63 65 4
63 97 10
63 83 1
63 92 5
63 85 9
63 75 9
63 82 5
63 76 9
63 91 -1
63 66 2
63 89 0
63 80 6
63 68 -2
63 73 0
63 96 -4
63 86 -10
64 92 -4
64 79 -5
64 87 3
64 100 -9
64 68 -2
64 88 8
64 99 5
64 82 -5
64 70 5
64 72 1
64 73 4
64 65 -6
64 96 4
64 69 5
64 86 -9
64 81 -8
64 75 3
64 76 -2
65 90 -2
65 88 5
65 95 1
65 84 -9
65 98 7
65 69 -5
65 91 -4
65 97 -4
65 83 3
65 71 4
65 85 10
65 68 5
65 99 4
65 77 3
66 78 6
66 76 -2
66 85 6
66 88 9
66 89 1
66 90 10
66 83 8
66 97 -7
66 71 4
66 98 -2
66 79 -1
66 75 -6
66 81 -8
66 93 0
66 91 0
66 95 6
66 72 7
66 68 7
67 75 10
67 71 6
67 98 -7
67 76 -2
67 93 -6
67 90 4
67 92 -1
67 99 8
67 73 6
67 97 -10
67 78 -1
67 81 10
67 86 -9
68 72 1
68 83 -2
68 86 -5
68 80 -2
68 89 7
68 78 7
68 77 -5
68 84 -1
68 73 4
68 75 8
68 87 4
68 85 9
68 91 5
68 95 -1
68 96 9
68 97 9
68 90 5
68 82 9
69 77 8
69 89 -2
69 99 0
69 76 -1
69 86 3
69 82 10
69 91 1
69 73 1
69 90 5
69 94 -7
69 71 -7
69 78 4
69 75 -1
69 81 0
69 100 2
69 74 9
70 94 10
70 97 9
70 89 -5
70 76 -10
70 78 -6
70 82 6
70 73 -3
70 87 0
70 92 -5
70 96 -7
70 71 -6
70 86 -9
70 84 -9
71 97 6
71 84 -3
71 98 10
71 99 -9
71 92 6
71 94 -2
71 88 -2
71 85 -1
71 78 6
71 72 -8
72 75 0
72 99 2
72 92 -4
72 81 10
72 98 0
72 90 -4
72 88 -8
72 77 0
72 83 -3
72 73 7
73 88 3
73 80 -9
73 84 -1
73 77 -7
73 87 9
73 85 -6
73 78 -10
73 76 5
73 97 -3
73 99 -7
73 75 -9
73 91 6
73 79 9
73 82 -1
73 90 -5
74 94 5
74 84 8
74 93 9
74 98 10
74 85 -7
74 76 -10
74 89 -7
74 95 3
74 86 4
74 88 8
74 83 -9
74 82 -2
74 90 -5
74 96 6
75 80 -6
75 81 -3
75 94 6
75 90 -7
75 79 7
75 83 4
75 91 -6
75 93 5
75 97 -6
75 86 2
75 100 1
75 84 -4
75 85 6
75 95 2
76 94 -3
76 82 4
76 78 6
76 98 -1
76 90 -5
76 97 -2
76 83 -9
76 89 9
76 77 3
76 80 4
76 91 -2
76 96 9
77 89 0
77 79 -9
77 94 -5
77 83 0
77 98 4
77 91 5
77 80 6
77 81 2
77 87 -5
77 85 -6
77 99 3
77 82 0
77 96 5
77 90 6
78 83 2
78 97 -4
78 84 -9
78 91 -6
78 96 -7
78 89 5
78 88 6
78 95 3
78 79 9
78 99 -2
78 98 0
78 87 10
79 92 3
79 94 3
79 82 -5
79 85 -3
80 81 -8
80 98 -5
80 84 -5
80 82 8
80 92 -1
80 83 -4
80 89 -6
80 99 4
81 82 6
81 84 1
81 90 9
81 83 7
81 89 7
81 99 1
81 86 -5
81 91 1
82 87 5
82 96 -2
82 86 0
82 97 -8
82 100 8
82 99 3
82 95 1
83 88 8
83 90 -3
83 96 3
83 95 -10
83 93 10
83 100 -3
83 91 9
83 89 3
83 97 1
84 99 7
84 92 -8
84 85 0
84 91 -10
85 96 10
85 90 9
85 91 5
85 98 0
85 94 5
85 88 6
85 89 -10
85 93 9
85 86 -10
85 95 -4
85 87 4
86 88 -2
86 97 -9
86 93 -6
86 99 -10
86 100 0
86 92 8
87 94 -3
87 90 -2
87 97 -7
87 95 -8
87 92 -8
87 91 -1
87 89 5
88 97 3
88 92 9
88 95 -7
88 96 -8
88 94 2
88 98 -4
89 100 -6
89 92 -3
89 91 7
89 97 2
89 90 -9
90 99 1
90 91 -1
90 93 -2
90 96 -9
91 93 -7
91 95 8
91 100 9
91 94 10
91 98 10
92 99 -7
92 94 -7
93 98 -1
93 95 5
94 98 6
94 96 -4
94 95 1
94 99 4
96 98 10
96 97 3
99 100 -5
