100 2475 
1 54 -2
1 33 9
1 74 -9
1 80 -10
1 9 -10
1 46 4
1 70 3
1 81 -6
1 66 -6
1 4 -10
1 23 3
1 71 -8
1 68 10
1 78 3
1 12 -10
1 55 -6
1 56 5
1 53 -1
1 6 0
1 45 2
1 5 9
1 38 3
1 91 0
1 25 8
1 73 1
1 17 0
1 44 -10
1 16 6
1 8 1
1 93 -8
1 31 -8
1 3 -9
1 61 -7
1 41 -5
1 76 4
1 92 -3
1 88 -10
1 11 4
1 51 4
1 60 -2
1 14 3
1 26 -7
1 84 9
1 42 -10
1 87 -10
1 58 -7
1 90 3
1 10 8
1 18 -6
1 30 8
1 48 -4
2 34 -7
2 64 3
2 25 -4
2 67 -7
2 95 5
2 40 9
2 6 6
2 97 0
2 85 0
2 55 0
2 69 -4
2 23 -1
2 32 10
2 71 5
2 37 10
2 7 6
2 58 3
2 84 2
2 92 -1
2 68 -8
2 87 -10
2 80 9
2 17 6
2 90 1
2 82 3
2 43 0
2 27 -9
2 72 3
2 44 6
2 8 -10
2 30 -4
2 22 1
2 93 1
2 78 -4
2 54 -3
2 88 6
2 41 -5
2 57 -4
2 3 6
2 50 -1
2 61 -3
2 13 -7
2 79 2
2 46 -6
2 86 5
3 99 3
3 57 7
3 100 -7
3 70 -2
3 17 -5
3 34 -1
3 16 -5
3 64 8
3 46 0
3 95 7
3 83 -5
3 65 -10
3 78 9
3 56 6
3 52 9
3 89 5
3 7 6
3 14 4
3 77 2
3 9 -9
3 67 -6
3 75 -2
3 68 3
3 24 -6
3 40 4
3 91 7
3 30 8
3 36 7
3 44 -6
3 19 8
3 32 -10
3 50 -7
3 82 5
3 25 -10
3 31 9
3 38 2
3 76 5
3 13 0
3 12 7
3 87 -4
3 33 -10
3 41 9
3 97 9
3 74 -1
3 18 -6
3 92 -7
4 28 -1
4 70 3
4 8 -4
4 91 -9
4 54 8
4 96 8
4 98 -5
4 71 -5
4 99 -10
4 9 6
4 19 -7
4 5 1
4 15 7
4 73 9
4 17 -1
4 52 -5
4 34 -9
4 32 7
4 20 -4
4 82 5
4 26 3
4 74 8
4 36 1
4 18 -10
4 50 5
4 41 -7
4 79 4
4 76 5
4 31 6
4 72 6
4 64 -5
4 59 -10
4 11 -3
4 45 10
4 13 -1
4 43 10
4 78 -5
4 37 -1
4 66 -5
4 10 -6
4 21 -7
4 42 -2
4 80 -5
4 33 9
4 65 10
4 94 -7
4 29 -5
4 40 -10
5 30 -8
5 52 5
5 23 -8
5 83 10
5 15 -2
5 24 1
5 81 -5
5 11 5
5 93 8
5 42 5
5 92 0
5 47 9
5 48 4
5 51 8
5 87 3
5 6 9
5 78 -8
5 68 -3
5 90 6
5 74 -10
5 34 5
5 86 2
5 12 -5
5 62 9
5 40 -6
5 57 -2
5 27 7
5 26 -9
5 17 -7
5 22 -1
5 69 8
5 79 -1
5 33 2
5 85 2
5 63 -9
5 77 0
5 28 6
5 16 -8
5 43 9
5 66 3
5 50 9
5 49 4
5 19 9
5 73 -3
5 55 7
5 89 1
5 71 3
5 91 -10
5 67 -2
6 91 -1
6 10 -7
6 78 4
6 79 7
6 65 -6
6 30 -5
6 61 -4
6 33 2
6 69 -6
6 19 6
6 45 -4
6 21 -10
6 66 -5
6 90 -8
6 82 7
6 47 -9
6 83 6
6 60 -7
6 13 -10
6 17 3
6 84 5
6 44 2
6 98 -7
6 26 -10
6 59 7
6 50 8
6 73 -4
6 15 -3
6 55 -7
6 43 8
6 95 9
6 99 -7
6 29 -10
6 54 -6
6 63 -8
6 35 6
6 62 2
6 28 4
6 20 5
6 51 -5
6 100 7
6 97 -2
6 22 -6
6 39 5
6 8 -5
6 32 -2
6 40 -1
7 63 10
7 50 -5
7 12 -8
7 62 -4
7 56 7
7 13 4
7 93 6
7 39 -9
7 57 -1
7 77 1
7 47 -6
7 72 -10
7 53 4
7 31 -2
7 69 6
7 27 8
7 40 -3
7 60 -5
7 21 -8
7 34 4
7 35 0
7 22 4
7 33 -5
7 75 2
7 65 7
7 59 6
7 48 -5
7 88 3
7 54 7
7 52 10
7 90 -3
7 26 -1
7 11 -10
7 16 3
7 94 2
7 67 9
7 85 1
7 28 8
7 83 1
7 43 7
7 51 8
7 97 3
7 38 -4
7 91 10
7 79 -2
7 44 0
7 81 -5
7 100 -3
7 32 -10
7 95 2
7 17 -4
7 29 7
7 14 -5
8 76 8
8 96 -8
8 22 10
8 59 8
8 37 -9
8 48 -4
8 20 -5
8 95 -8
8 70 8
8 92 2
8 18 4
8 60 -8
8 100 9
8 61 9
8 11 9
8 15 -6
8 16 -6
8 81 2
8 14 -10
8 93 7
8 27 9
8 68 -10
8 66 9
8 99 -8
8 56 3
8 98 -3
8 86 -10
8 74 -2
8 42 -7
8 21 -10
8 43 2
8 84 4
8 39 9
8 35 0
8 12 8
8 23 1
8 97 -4
8 91 -8
8 63 8
8 52 -6
8 44 2
8 24 -2
8 28 -3
9 14 -1
9 95 -4
9 85 9
9 53 5
9 32 -2
9 29 -2
9 99 4
9 79 9
9 76 10
9 34 -5
9 46 -4
9 82 5
9 86 0
9 31 -10
9 18 10
9 45 -9
9 69 -6
9 55 -10
9 94 9
9 28 -2
9 37 10
9 77 10
9 72 4
9 87 3
9 43 7
9 25 -9
9 52 -7
9 19 6
9 48 -6
9 54 8
9 75 4
9 12 -6
9 98 3
9 81 -9
9 67 3
9 66 3
9 74 0
9 64 -8
9 15 -10
9 89 9
9 50 8
9 60 -4
9 96 -3
9 90 7
9 93 9
9 62 3
9 39 -10
9 97 2
9 49 -8
9 11 10
10 94 6
10 45 -1
10 97 -8
10 26 5
10 34 -3
10 80 3
10 93 -2
10 31 -5
10 95 1
10 54 -1
10 39 4
10 15 7
10 55 -1
10 12 6
10 41 -10
10 85 -2
10 49 0
10 47 -2
10 62 2
10 99 6
10 84 -6
10 48 2
10 20 -10
10 46 -6
10 86 10
10 32 -9
10 38 -4
10 40 3
10 81 -3
10 33 7
10 82 -10
10 92 4
10 43 -6
10 87 -9
10 19 5
10 60 10
10 14 0
11 72 -4
11 99 -5
11 35 9
11 22 -5
11 19 -8
11 52 -1
11 54 -6
11 65 10
11 38 5
11 37 -8
11 85 5
11 82 -1
11 40 -10
11 21 4
11 28 -9
11 49 -2
11 60 -8
11 48 -7
11 66 0
11 63 2
11 45 -7
11 94 -7
11 20 7
11 41 7
11 12 -3
11 81 -8
11 87 10
11 36 -5
11 89 0
11 29 -1
11 93 -9
11 90 -10
11 59 -10
11 69 -10
11 33 2
11 96 10
11 70 10
11 44 -10
11 100 -8
11 24 10
11 27 -4
11 53 -9
11 64 -10
11 46 3
11 61 0
11 92 8
11 25 3
11 62 5
11 79 -9
12 46 -7
12 60 4
12 97 -6
12 38 -4
12 71 -2
12 59 0
12 34 8
12 21 -8
12 72 0
12 87 9
12 69 1
12 15 5
12 14 8
12 100 -6
12 55 5
12 19 5
12 17 -5
12 31 -9
12 63 -1
12 13 9
12 62 8
12 88 7
12 43 -8
12 49 10
12 93 1
12 92 3
12 96 10
12 94 1
12 83 2
12 64 -8
12 39 -1
12 91 2
12 52 -4
12 29 3
12 70 -9
12 25 -10
12 81 -9
12 89 1
12 36 -8
12 18 0
12 32 9
12 75 -10
12 79 4
12 56 -4
12 95 7
12 76 -3
12 45 0
12 50 -4
12 80 9
12 68 -7
12 61 2
12 41 -10
13 42 6
13 75 9
13 91 -7
13 53 3
13 16 4
13 71 5
13 96 1
13 93 -1
13 48 -8
13 82 0
13 18 -10
13 89 3
13 68 6
13 88 -9
13 100 -2
13 65 7
13 30 -4
13 74 5
13 59 7
13 99 6
13 78 -8
13 73 2
13 45 9
13 92 8
13 43 8
13 80 9
13 36 -10
13 19 3
13 32 -10
13 76 0
13 40 6
13 15 -9
13 22 -2
13 83 -2
13 98 6
13 25 2
13 28 9
13 69 -2
13 14 8
14 46 1
14 36 -2
14 71 4
14 52 -7
14 31 6
14 35 9
14 96 -4
14 18 1
14 50 -9
14 82 5
14 67 -7
14 42 1
14 98 7
14 63 -5
14 30 8
14 15 10
14 93 -5
14 84 0
14 47 1
14 95 9
14 23 5
14 83 5
14 16 4
14 77 -5
14 53 1
14 57 -5
14 100 -1
14 21 -3
14 88 -5
14 56 -8
14 34 -2
14 99 6
14 20 6
14 87 3
14 48 -1
14 60 8
14 45 -6
14 54 9
14 43 5
14 79 -7
14 65 3
14 44 -1
14 29 5
14 66 5
14 76 10
14 37 -10
14 81 8
14 49 -4
14 69 2
14 32 -3
14 80 6
15 58 2
15 77 -5
15 94 3
15 85 6
15 79 -8
15 43 -9
15 53 -10
15 25 0
15 47 -1
15 98 -8
15 40 6
15 87 -4
15 97 4
15 76 6
15 57 8
15 33 -1
15 50 -1
15 71 3
15 64 6
15 99 8
15 69 -3
15 83 -6
15 34 -3
15 26 -10
15 61 -10
15 84 4
15 96 6
15 95 -8
15 37 -1
15 22 -3
15 52 6
15 36 6
15 80 -3
15 65 7
15 100 1
15 89 -3
15 27 0
15 72 -9
15 49 -4
15 46 -6
15 86 -2
15 75 5
15 38 -6
15 16 -8
15 82 9
15 90 -2
15 31 -6
15 67 -10
16 49 5
16 43 -7
16 60 -10
16 99 -7
16 26 -8
16 45 9
16 53 -1
16 97 6
16 75 -7
16 66 -10
16 22 0
16 77 2
16 100 -4
16 94 -10
16 20 -2
16 40 -3
16 88 9
16 34 -10
16 76 -9
16 27 -7
16 69 5
16 83 -7
16 44 4
16 52 -5
16 68 6
16 65 6
16 82 -1
16 46 -6
16 73 6
16 41 0
16 93 -1
16 89 9
16 86 -6
16 90 5
16 19 -2
16 98 1
16 18 6
16 54 -10
16 36 -6
16 59 -8
16 37 -4
16 80 8
16 63 -5
16 33 1
16 96 -9
17 78 7
17 63 6
17 93 -4
17 22 10
17 94 -10
17 61 1
17 97 -5
17 91 1
17 33 8
17 36 2
17 44 -6
17 49 0
17 82 -7
17 68 7
17 100 -10
17 79 4
17 39 -3
17 51 -2
17 76 2
17 19 -8
17 86 5
17 59 -4
17 96 7
17 62 -1
17 28 10
17 32 -4
17 66 3
17 83 5
17 34 -2
17 53 -10
17 75 4
17 55 3
17 89 -5
17 88 10
17 64 7
17 35 7
17 46 -9
17 26 4
17 99 -2
17 43 -4
17 80 -8
18 48 0
18 79 2
18 28 9
18 39 6
18 49 -2
18 22 2
18 57 4
18 19 -1
18 92 -9
18 76 -4
18 59 -2
18 90 6
18 41 -5
18 98 -7
18 73 1
18 75 -1
18 78 -2
18 69 10
18 95 -9
18 74 -2
18 25 1
18 37 0
18 60 -6
18 51 -3
18 36 1
18 99 5
18 61 7
18 32 3
18 97 -5
18 68 -6
18 94 7
18 77 5
18 67 -10
18 20 -9
18 100 9
18 58 8
18 72 -7
18 46 -6
18 80 9
18 52 7
18 71 -1
18 83 10
18 88 9
18 70 2
18 91 -9
19 37 -9
19 47 -8
19 35 -6
19 32 2
19 34 -7
19 52 4
19 46 7
19 23 1
19 31 -3
19 44 3
19 63 6
19 87 4
19 77 -7
19 78 7
19 95 -1
19 22 4
19 71 -3
19 24 -7
19 64 2
19 25 -6
19 80 6
19 88 0
19 82 1
19 55 5
19 50 2
19 73 -5
19 26 6
19 65 -3
19 91 6
19 98 -2
19 94 10
19 36 8
19 69 -9
19 92 0
19 60 5
19 28 9
19 83 8
19 56 10
19 53 10
19 68 9
19 76 2
19 93 -8
20 71 -6
20 51 -8
20 22 -3
20 65 8
20 28 -9
20 61 4
20 38 0
20 77 -5
20 24 -4
20 43 -8
20 68 -4
20 45 -6
20 64 1
20 37 -2
20 30 6
20 100 8
20 75 -4
20 82 -4
20 95 8
20 96 9
20 70 5
20 73 0
20 92 -3
20 46 3
20 33 9
20 62 -9
20 47 4
20 89 -8
20 79 -8
20 90 1
20 58 1
20 23 2
20 32 -5
20 87 8
20 91 3
20 41 0
20 72 1
20 42 6
20 97 -1
21 37 -3
21 43 -2
21 50 8
21 24 9
21 61 -10
21 29 7
21 79 10
21 71 -2
21 64 -7
21 62 8
21 85 -6
21 45 -5
21 44 -1
21 87 4
21 70 8
21 23 -3
21 38 10
21 25 -2
21 81 -10
21 76 0
21 59 -7
21 95 5
21 99 10
21 96 8
21 73 -7
21 78 2
21 86 -1
21 51 6
21 58 4
21 69 -10
21 75 2
21 26 7
21 57 -10
21 97 5
21 66 -7
21 34 -1
21 36 -4
21 55 -4
21 22 7
21 90 6
22 35 -3
22 50 5
22 52 -3
22 33 -2
22 55 9
22 45 -9
22 49 1
22 36 0
22 75 -5
22 38 3
22 100 8
22 99 -1
22 41 8
22 54 -2
22 64 -6
22 83 -7
22 73 -4
22 29 4
22 93 5
22 24 0
22 69 1
22 82 -4
22 40 1
22 70 10
22 78 2
22 98 -3
22 46 -3
22 23 5
22 53 -6
22 44 8
22 48 1
22 94 2
22 42 10
22 62 2
22 91 3
22 88 -5
22 37 1
22 28 8
22 31 -5
23 34 -2
23 100 10
23 35 -7
23 69 0
23 79 -1
23 76 2
23 84 -5
23 46 7
23 93 -4
23 67 0
23 27 -6
23 49 3
23 86 6
23 73 4
23 96 -10
23 72 9
23 68 -2
23 50 1
23 80 -1
23 77 10
23 63 -10
23 42 -4
23 81 -6
23 38 3
23 37 8
23 47 5
23 99 -2
23 87 -2
23 28 -5
23 54 -1
23 78 -1
23 55 -10
23 30 7
23 51 -5
23 58 -9
23 31 9
24 29 3
24 45 5
24 25 7
24 42 10
24 83 10
24 56 -6
24 54 9
24 44 1
24 91 -10
24 71 8
24 46 -4
24 73 6
24 39 -1
24 81 1
24 41 1
24 70 4
24 30 -8
24 61 -8
24 100 -6
24 99 0
24 95 7
24 53 -2
24 93 -3
24 86 5
24 68 -10
24 28 -7
24 47 -6
24 85 -1
24 77 -2
24 63 5
24 60 -5
24 65 5
24 43 -6
24 69 -10
24 34 -5
24 59 9
24 74 1
24 62 -7
24 36 -8
24 40 2
24 79 -1
24 98 6
24 52 -9
24 38 -10
25 48 -7
25 68 6
25 39 -7
25 76 7
25 88 4
25 95 -6
25 42 5
25 43 10
25 49 -6
25 64 2
25 66 0
25 63 -9
25 58 0
25 85 -10
25 62 4
25 82 2
25 75 -8
25 31 -2
25 34 8
25 55 -1
25 30 6
25 87 -4
25 60 -7
25 38 -2
25 77 1
25 32 2
25 53 -1
25 51 1
25 50 3
25 90 9
25 93 9
25 99 -4
25 98 -7
25 29 8
25 96 -10
25 57 -1
25 70 -7
25 100 8
25 83 -4
25 26 2
25 27 0
25 37 0
25 35 6
26 73 8
26 65 -6
26 50 -10
26 56 5
26 84 -7
26 74 -8
26 66 -9
26 88 -3
26 59 2
26 79 2
26 44 -2
26 89 2
26 60 3
26 41 -3
26 29 0
26 58 5
26 39 2
26 54 -10
26 48 -3
26 71 -7
26 99 7
26 32 -5
26 33 6
26 94 -9
26 69 -1
26 57 9
26 92 -3
26 82 -6
26 100 0
26 81 -7
26 98 -7
26 52 -5
26 78 1
26 55 -3
26 75 -7
26 87 -3
26 46 -6
26 86 -10
27 45 2
27 56 3
27 29 -3
27 44 4
27 93 7
27 36 -8
27 71 -2
27 80 7
27 60 7
27 97 0
27 66 -9
27 47 1
27 73 -1
27 57 7
27 31 -8
27 100 5
27 88 -7
27 43 2
27 91 -5
27 63 -9
27 55 -10
27 52 -7
27 37 -1
27 65 4
27 77 8
27 67 9
27 72 -4
27 78 -5
27 86 -6
27 98 -6
27 95 6
27 70 -7
27 82 -4
27 87 -9
27 51 -8
27 54 -1
27 69 10
27 96 6
28 37 0
28 32 8
28 74 3
28 47 -4
28 70 -9
28 100 -9
28 80 5
28 36 -10
28 69 4
28 81 0
28 77 0
28 88 -10
28 30 -10
28 95 -9
28 94 -6
28 68 7
28 52 2
28 58 3
28 42 -5
28 39 -2
28 29 2
28 38 10
28 43 -10
28 84 1
28 40 -5
28 62 -5
28 85 6
28 45 5
28 90 9
28 34 2
28 56 -1
28 48 -1
28 73 4
29 54 -10
29 100 -3
29 60 3
29 49 -1
29 30 -8
29 44 -7
29 31 -2
29 90 -1
29 79 10
29 98 -2
29 86 -9
29 56 -6
29 53 10
29 62 -8
29 61 8
29 95 2
29 42 4
29 66 5
29 68 -1
29 75 5
29 58 8
29 41 0
29 73 4
29 63 -9
29 52 -7
29 46 -5
29 87 3
29 91 3
29 71 9
29 43 -10
29 40 -9
30 84 -3
30 47 -10
30 74 -8
30 68 3
30 59 1
30 73 5
30 41 7
30 85 0
30 65 -3
30 62 6
30 81 -3
30 60 1
30 56 -6
30 79 5
30 52 -3
30 32 -4
30 35 7
30 89 -1
30 95 8
30 38 -7
30 69 5
30 86 2
30 39 -10
30 82 8
30 48 3
30 50 7
30 43 9
30 70 -2
30 45 3
30 49 2
30 46 -8
30 75 -8
30 61 -2
30 90 0
30 80 -7
30 57 -7
31 76 6
31 62 -2
31 88 -4
31 51 -9
31 32 -1
31 61 -1
31 81 10
31 79 6
31 80 10
31 65 10
31 74 1
31 50 9
31 47 0
31 84 3
31 60 5
31 41 -9
31 48 2
31 49 4
31 75 -2
31 42 -3
31 34 4
31 89 6
31 95 4
31 73 -8
31 55 -10
31 59 -3
31 69 -8
31 97 9
31 54 -2
31 57 7
32 33 9
32 59 -5
32 93 -7
32 96 1
32 88 2
32 79 -5
32 46 -5
32 36 -1
32 34 2
32 61 0
32 65 10
32 76 6
32 86 6
32 83 2
32 68 10
32 37 -3
32 73 -9
32 84 1
32 42 7
32 95 0
32 67 0
32 98 1
32 45 0
32 44 1
32 38 3
32 69 -9
32 48 4
32 49 7
32 99 5
32 80 4
33 67 -6
33 68 -1
33 91 4
33 78 -5
33 81 5
33 79 -3
33 51 -8
33 54 -7
33 96 8
33 99 4
33 62 -1
33 93 -8
33 38 6
33 63 3
33 76 5
33 74 10
33 100 3
33 71 4
33 46 7
33 48 -6
33 66 3
33 53 8
33 60 -2
33 80 4
33 97 10
33 64 -2
33 42 -8
33 43 7
33 61 7
33 87 4
33 84 8
33 45 10
33 85 9
33 44 -7
33 50 -4
33 40 6
33 58 -10
34 63 9
34 83 6
34 94 1
34 54 -5
34 89 -10
34 45 -2
34 69 7
34 48 5
34 78 -3
34 79 1
34 91 7
34 42 10
34 71 3
34 41 -7
34 88 -3
34 76 7
34 50 9
34 92 -2
34 60 -2
34 80 3
34 38 1
34 68 -6
34 86 -6
34 61 6
34 64 10
34 59 9
34 93 1
34 36 -6
34 100 -9
34 39 -5
34 49 -8
34 70 8
34 73 -5
34 44 -10
34 84 -1
34 77 -3
34 96 -10
34 75 0
34 58 10
34 82 -8
34 53 -3
35 81 -2
35 63 4
35 72 0
35 91 -7
35 56 -8
35 45 8
35 41 -5
35 62 -7
35 90 -1
35 59 4
35 100 5
35 88 9
35 74 -4
35 40 9
35 82 7
35 96 5
35 78 9
35 60 -6
35 85 -3
35 93 7
35 97 5
35 46 6
35 68 6
35 92 -9
35 89 -4
35 61 -4
35 38 9
35 84 -9
35 55 5
35 39 10
35 71 1
35 43 7
36 47 1
36 56 -5
36 40 -1
36 66 0
36 97 0
36 78 -8
36 60 -8
36 96 -9
36 100 5
36 45 -9
36 63 6
36 46 2
36 37 -8
36 48 10
36 62 2
36 95 2
36 51 4
36 98 10
36 49 -2
36 80 10
36 92 -1
36 41 -6
36 38 -9
36 73 3
36 87 5
36 61 2
36 53 2
36 88 -3
36 39 -10
36 69 -9
36 76 7
36 68 2
37 87 7
37 59 -1
37 61 3
37 95 4
37 42 -9
37 44 8
37 91 -8
37 45 8
37 99 8
37 71 0
37 75 3
37 92 3
37 54 3
37 41 -10
37 81 -2
37 76 8
37 94 10
37 51 -10
37 74 2
37 77 8
37 69 10
37 98 -4
37 96 -1
37 46 8
37 88 8
37 90 -2
37 63 -2
37 56 5
37 93 10
37 73 -9
38 44 3
38 86 -9
38 59 -1
38 71 8
38 75 -4
38 50 -6
38 72 -5
38 96 8
38 88 4
38 42 9
38 70 7
38 82 2
38 90 2
38 63 -6
38 68 10
38 76 2
38 51 -1
38 79 5
38 64 10
38 48 10
38 61 9
38 56 -5
38 43 7
38 99 -10
38 100 -1
38 52 1
38 91 3
38 80 2
38 77 8
38 49 -9
38 94 3
38 39 -9
38 53 3
38 66 6
39 80 -5
39 100 9
39 97 -2
39 92 -5
39 88 -3
39 49 2
39 95 -6
39 85 -8
39 50 3
39 53 5
39 40 -1
39 75 8
39 41 -5
39 81 7
39 69 -5
39 59 -2
39 44 7
39 45 -9
39 66 7
39 79 -10
39 89 -5
39 70 -7
39 67 -3
39 65 -8
39 68 -3
39 94 5
39 54 -5
39 72 -2
39 61 6
39 55 9
39 62 5
39 48 -1
39 63 -1
40 98 -4
40 64 5
40 88 -3
40 86 -2
40 83 -7
40 66 -3
40 78 9
40 43 5
40 49 4
40 50 -5
40 61 -9
40 47 3
40 77 9
40 54 -6
40 55 4
40 63 1
40 80 -4
40 73 8
40 56 -2
40 41 -3
40 75 9
40 76 -4
40 92 0
40 62 -7
40 71 -4
40 69 2
40 67 3
40 48 -6
41 75 -2
41 61 -2
41 84 -7
41 99 -5
41 86 -3
41 68 -10
41 100 6
41 71 0
41 70 1
41 65 -1
41 53 10
41 50 -7
41 63 4
41 94 -4
41 76 -3
41 85 5
41 97 7
41 48 0
41 81 6
41 79 8
41 90 -6
41 83 6
41 46 5
41 56 -2
41 69 -5
41 80 -4
41 93 10
41 57 -1
42 50 3
42 52 -8
42 91 4
42 63 0
42 98 -2
42 44 -4
42 80 8
42 75 -9
42 45 4
42 43 4
42 58 -4
42 86 5
42 62 4
42 56 -1
42 69 10
42 78 10
42 87 5
42 49 4
42 92 1
42 74 -4
42 97 0
42 68 -7
42 100 2
42 90 10
42 73 -6
43 91 -5
43 71 5
43 45 4
43 72 -9
43 95 5
43 56 10
43 81 3
43 52 4
43 61 0
43 51 -1
43 85 -4
43 63 1
43 77 -5
43 100 2
43 48 -1
43 88 -5
43 93 7
43 57 9
43 99 3
43 82 9
43 47 -3
43 76 2
43 75 -3
43 98 -2
43 62 -2
43 64 2
43 94 -5
43 89 3
43 92 -8
43 86 -6
44 92 -7
44 50 7
44 53 -3
44 97 -9
44 45 5
44 75 1
44 47 -5
44 51 10
44 66 -6
44 89 10
44 78 -3
44 90 7
44 96 -1
44 54 -9
44 79 1
44 63 -6
44 59 -7
44 100 -7
44 68 -3
44 95 -3
44 74 -8
44 77 6
44 71 10
44 94 -5
44 85 0
44 80 -2
44 56 -1
44 87 -1
44 82 6
44 52 8
45 86 3
45 82 -8
45 83 2
45 87 7
45 74 10
45 63 9
45 76 -3
45 54 0
45 46 1
45 49 6
45 85 4
45 58 1
45 67 -6
45 70 -9
45 66 0
45 77 0
45 53 5
45 95 5
45 94 7
45 68 10
45 80 -2
45 62 4
45 59 9
45 50 4
45 72 3
45 75 -1
45 60 10
45 47 10
45 98 8
46 68 2
46 54 6
46 48 7
46 79 -10
46 93 -3
46 63 -2
46 77 -1
46 56 3
46 58 3
46 73 5
46 76 10
46 70 3
46 88 -1
46 86 10
46 98 10
46 65 5
46 91 2
46 87 5
46 89 -1
46 90 2
46 67 7
46 71 8
46 62 -2
46 50 -4
46 100 -7
47 63 8
47 96 1
47 48 10
47 74 8
47 80 2
47 60 9
47 52 -4
47 56 9
47 82 -3
47 51 4
47 75 4
47 59 5
47 62 -4
47 72 -2
47 55 3
47 49 1
47 88 -9
47 99 1
47 89 4
47 94 4
47 50 3
48 53 -9
48 84 9
48 70 -4
48 94 -7
48 73 -2
48 54 -3
48 71 6
48 81 -10
48 82 -5
48 90 -1
48 72 2
48 80 9
48 83 0
48 64 1
48 98 8
48 92 -2
48 67 -10
48 95 -2
48 61 -4
48 57 -4
49 94 -4
49 62 -10
49 85 -8
49 51 -6
49 91 3
49 96 8
49 99 5
49 93 1
49 78 -3
49 58 -6
49 81 -6
49 61 10
49 74 3
49 90 -5
49 56 -6
49 52 9
49 65 3
49 82 9
49 60 3
49 79 -7
49 75 5
49 86 -5
50 55 1
50 54 4
50 57 -3
50 96 -1
50 74 8
50 89 8
50 86 -8
50 93 7
50 67 -8
50 68 -10
50 82 -3
50 99 5
50 64 4
50 87 -1
50 78 2
50 51 2
50 72 -1
50 62 0
50 91 6
50 100 -9
51 64 10
51 71 1
51 55 2
51 95 1
51 100 -2
51 79 -8
51 62 -2
51 87 -5
51 56 0
51 70 5
51 92 7
51 65 4
51 94 -8
51 96 -2
51 82 1
51 61 3
51 53 -1
51 68 9
51 98 -3
51 60 7
51 58 7
51 80 -10
51 84 2
51 76 7
51 89 -7
51 77 7
52 76 10
52 99 -9
52 71 3
52 83 -2
52 74 -7
52 55 3
52 64 9
52 97 -4
52 59 4
52 54 5
52 96 -4
52 88 9
52 57 2
52 72 2
52 90 8
52 98 5
52 53 3
52 63 9
52 58 7
52 61 -3
52 79 3
52 92 0
52 73 9
52 80 -4
52 91 0
52 66 -7
52 60 -2
52 84 -2
52 89 0
53 71 5
53 59 -2
53 72 -8
53 74 9
53 88 -5
53 78 0
53 64 -4
53 63 2
53 96 -8
53 87 -10
53 92 4
53 93 -3
53 85 -10
53 65 6
53 81 -6
53 98 -1
53 99 -4
53 77 -10
53 54 -2
53 61 -8
53 94 -2
53 84 -8
53 62 0
53 79 4
53 68 -5
53 67 -5
53 56 0
53 70 5
54 88 -7
54 71 3
54 76 -8
54 87 6
54 57 -2
54 90 7
54 79 -5
54 55 -3
54 78 -6
54 61 3
54 70 -3
54 80 -6
54 83 -7
54 67 -10
54 66 -9
55 89 7
55 56 -1
55 66 9
55 92 -8
55 85 -7
55 82 -10
55 90 3
55 91 -6
55 60 1
55 76 -8
55 58 2
55 59 6
55 96 0
55 57 1
55 71 -8
55 83 -3
55 69 0
55 63 -7
56 72 4
56 68 -1
56 58 -8
56 83 -6
56 88 -3
56 87 -5
56 61 -4
56 63 -1
56 84 -3
56 80 -1
56 99 -9
56 71 2
56 94 4
56 57 -4
56 65 5
56 60 -2
56 59 7
56 78 7
56 82 -5
56 91 10
56 86 -8
56 75 2
56 74 8
56 67 -3
56 77 5
56 92 -7
57 58 -8
57 64 7
57 62 -3
57 99 -8
57 66 7
57 70 -1
57 82 8
57 87 -8
57 67 -5
57 79 -1
57 72 5
57 68 9
57 88 6
57 84 7
57 69 4
57 65 10
57 90 -10
57 92 1
57 85 1
57 98 -7
57 83 -6
57 91 -10
57 63 6
57 81 4
57 73 -6
57 74 -6
58 62 -6
58 79 5
58 91 -2
58 70 3
58 90 8
58 74 1
58 63 2
58 86 -3
58 96 3
58 93 3
58 81 4
58 60 9
58 82 -3
58 100 -8
58 97 2
58 72 -6
58 71 4
58 85 -2
58 64 9
58 98 2
58 83 -10
58 67 7
59 82 -3
59 76 9
59 93 -7
59 100 8
59 84 8
59 86 -9
59 79 4
59 71 4
59 62 5
59 78 -8
59 69 5
59 68 4
59 75 6
59 95 -1
59 98 -8
59 72 -9
59 97 -8
59 83 0
59 99 3
59 85 -3
60 66 0
60 76 -3
60 73 9
60 91 -1
60 98 -4
60 83 10
60 84 1
60 93 8
60 67 1
60 95 4
60 80 7
60 79 -4
60 64 9
60 68 -6
60 62 -9
60 97 3
61 70 -1
61 99 8
61 100 -9
61 68 -9
61 65 -1
61 97 3
61 84 -1
61 81 1
61 72 -3
61 92 4
61 69 1
61 63 5
61 73 -3
61 94 4
61 98 5
61 90 -1
62 79 2
62 75 -6
62 72 10
62 94 9
62 93 -2
62 69 -10
62 82 4
62 98 8
62 97 -4
62 89 -10
62 92 0
62 86 1
62 64 9
62 88 -10
62 63 -4
62 68 -5
62 67 4
62 73 4
63 91 2
63 72 8
63 73 10
63 97 -10
63 94 4
63 75 2
63 67 -8
63 98 7
63 99 10
63 78 -4
63 81 8
63 66 10
63 90 6
63 85 -2
63 89 8
63 70 -6
63 83 4
63 96 -2
63 80 5
63 79 -5
64 97 -4
64 81 7
64 89 2
64 94 8
64 65 -3
64 67 7
64 88 4
64 68 6
64 84 7
64 96 -1
64 86 -9
64 91 -10
64 75 -4
64 98 -10
64 95 -8
64 79 2
64 73 -8
64 77 -5
64 100 9
64 76 3
64 71 5
64 90 1
65 79 2
65 81 9
65 100 -3
65 69 3
65 78 -4
65 83 -4
65 66 5
65 84 5
65 92 -9
65 88 6
65 73 7
65 72 9
65 76 5
65 94 3
65 68 1
65 91 -1
65 96 4
65 97 -5
66 72 -3
66 69 -1
66 91 -2
66 96 -3
66 82 -7
66 92 6
66 89 9
66 97 2
66 85 1
66 78 -3
66 95 5
66 70 -5
66 98 5
66 75 -8
66 81 -8
66 71 -3
66 73 10
66 80 2
66 84 -5
67 76 -8
67 89 7
67 92 8
67 82 -4
67 88 7
67 87 -6
67 90 -4
67 84 7
67 74 2
67 99 -5
67 93 -6
67 81 -7
67 96 -6
67 86 8
67 97 1
68 99 2
68 100 -1
68 88 4
68 81 3
68 97 -7
68 69 10
68 98 8
68 70 -8
68 76 3
68 89 -3
68 80 -8
68 94 7
69 97 0
69 81 -10
69 100 -3
69 87 8
69 94 -4
69 99 7
69 85 6
69 84 -10
69 72 -1
69 80 9
69 86 -2
69 77 -2
69 96 -7
69 79 9
69 93 -4
70 84 0
70 79 -6
70 73 8
70 78 -2
70 100 5
70 92 10
70 95 7
70 93 -2
70 86 1
70 88 -10
70 75 -1
70 81 -6
70 98 8
70 71 0
70 74 7
70 76 -7
71 80 -5
71 89 6
71 88 -1
71 97 2
71 98 3
71 74 2
71 86 -3
71 81 2
71 95 -1
71 85 0
71 82 6
71 87 -9
71 91 -10
71 96 -4
71 76 -10
72 73 7
72 78 2
72 96 -1
72 94 3
72 75 0
72 92 0
72 84 3
72 81 -10
72 91 7
72 86 -7
72 93 -9
73 82 6
73 74 5
73 84 -6
73 98 -8
73 79 -10
73 93 5
73 90 5
73 97 7
73 96 -6
73 91 2
73 99 2
73 76 -1
74 87 -6
74 84 -8
74 85 -8
74 81 3
74 80 -2
74 99 7
74 77 0
74 88 -10
74 91 -7
74 97 -7
74 83 -3
74 95 -6
75 76 -1
75 97 -1
75 79 2
75 98 -4
75 86 8
75 85 -8
75 94 -7
75 89 6
75 77 7
75 81 9
75 100 -4
75 90 0
76 94 -8
76 85 0
76 81 -8
76 87 -5
76 97 -8
76 80 -10
76 99 0
76 88 7
76 78 -3
77 88 0
77 99 4
77 97 -3
77 93 6
77 91 1
77 89 9
77 79 3
77 84 -4
77 83 -5
77 90 5
78 95 4
78 97 8
78 94 7
78 98 -4
78 86 8
78 92 0
78 89 -9
78 79 -2
78 85 3
79 98 -9
79 85 -8
79 87 -9
79 99 2
79 94 1
79 90 3
79 82 -4
79 89 -1
79 83 3
80 90 -1
80 99 -2
80 87 7
80 89 4
80 85 -2
80 94 -7
80 83 0
80 86 -2
80 81 4
80 100 5
80 98 5
80 92 -6
80 95 1
80 82 3
81 83 -2
81 89 6
81 90 -4
81 98 0
81 94 5
81 91 2
81 85 2
81 88 -1
81 84 10
81 100 -6
82 94 -7
82 97 5
82 100 -3
82 87 0
82 89 -9
82 96 -9
82 99 -9
82 93 -9
82 85 -10
83 86 2
83 97 -5
83 89 9
83 91 3
83 96 -5
83 85 1
83 100 -5
83 84 -10
84 95 -8
84 91 0
84 90 -10
84 99 3
84 88 7
84 86 -7
84 92 7
84 87 10
84 97 -7
84 96 -1
84 93 -7
85 86 -2
85 88 10
85 94 10
85 92 -1
85 89 -5
85 90 -10
85 100 7
86 96 3
86 89 1
86 93 -9
86 95 8
86 100 -9
86 99 -9
86 98 -7
87 89 4
87 95 -9
87 93 6
87 97 -5
87 91 -6
87 90 -10
88 96 -8
88 93 -1
88 94 -8
88 97 0
88 95 9
89 91 0
89 92 6
90 98 -8
90 100 -7
90 96 7
90 91 10
90 93 8
91 93 3
91 94 -1
91 99 3
91 95 5
91 96 6
92 94 4
92 97 3
92 93 0
92 100 8
93 97 -7
93 100 2
94 95 -2
94 99 -2
94 98 -4
94 96 0
95 97 -8
96 97 1
96 98 0
97 99 1
97 100 -6
