100 2475 
1 7 3
1 56 -4
1 23 8
1 62 -5
1 35 7
1 79 3
1 59 7
1 97 1
1 49 8
1 81 6
1 33 1
1 25 -3
1 36 -4
1 68 8
1 64 9
1 19 -10
1 41 -5
1 54 -3
1 48 -8
1 24 4
1 42 -7
1 17 -7
1 46 0
1 78 -5
1 39 0
1 70 7
1 65 3
1 22 -7
1 80 1
1 9 8
1 82 -10
1 76 4
1 88 -5
1 40 7
1 86 -10
1 47 7
1 92 0
1 20 3
1 74 4
1 30 -9
1 38 -10
1 83 7
1 99 -2
1 89 5
1 14 -5
1 10 -4
1 96 -2
1 26 -4
1 13 7
2 93 -8
2 41 -4
2 7 2
2 95 -3
2 49 8
2 70 10
2 76 3
2 34 2
2 96 -9
2 57 3
2 50 2
2 48 -7
2 68 8
2 99 2
2 14 9
2 20 7
2 84 4
2 53 -3
2 19 1
2 91 -9
2 51 4
2 40 7
2 47 9
2 17 10
2 12 -9
2 37 -5
2 100 6
2 92 4
2 9 -8
2 29 -8
2 36 -8
2 79 5
2 85 9
2 64 5
2 25 -3
2 73 2
2 23 10
2 10 -9
2 98 -9
2 74 10
2 87 8
3 46 -8
3 96 8
3 33 9
3 23 -5
3 39 -4
3 95 -3
3 36 -2
3 64 -7
3 25 -1
3 74 0
3 42 0
3 83 -2
3 54 -7
3 13 0
3 15 -8
3 11 5
3 53 1
3 76 -4
3 32 -2
3 40 -8
3 57 -5
3 72 -10
3 97 5
3 89 6
3 47 8
3 69 10
3 91 8
3 9 -7
3 37 -1
3 20 7
3 77 1
3 73 5
3 22 7
3 87 -10
3 18 -10
3 5 -1
3 4 -4
3 65 -5
3 94 -5
3 67 -5
3 100 -3
3 16 10
3 93 1
3 34 8
3 28 0
3 62 4
3 68 -3
3 88 10
3 10 5
3 48 -4
3 99 -8
3 29 -1
3 19 0
4 90 -10
4 85 -5
4 48 3
4 89 5
4 45 -9
4 42 6
4 52 -2
4 9 3
4 86 5
4 27 7
4 60 -10
4 28 -1
4 12 7
4 11 4
4 56 -3
4 81 3
4 98 -7
4 6 2
4 32 6
4 55 3
4 75 -4
4 64 -2
4 29 -9
4 99 -5
4 33 5
4 13 -3
4 93 9
4 41 1
4 30 8
4 73 8
4 62 10
4 100 1
4 61 10
4 71 10
4 88 -9
4 63 7
4 37 0
4 80 0
4 16 0
4 14 -9
4 94 -9
4 79 -9
4 17 9
4 53 -7
4 49 -4
4 5 7
5 16 -6
5 97 6
5 86 -8
5 9 -1
5 71 -9
5 52 -1
5 91 -10
5 12 -4
5 96 2
5 68 -4
5 85 2
5 88 6
5 99 8
5 87 -4
5 95 3
5 48 10
5 57 9
5 51 -4
5 79 -6
5 83 -4
5 28 1
5 94 7
5 42 -5
5 31 -9
5 76 -2
5 11 -10
5 58 -3
5 77 1
5 63 6
5 20 8
5 37 -5
5 39 -6
5 89 -1
5 61 -10
5 80 3
5 60 2
5 26 4
5 62 -7
5 40 3
5 19 5
5 47 10
5 49 7
5 82 -8
5 81 5
6 90 -4
6 68 5
6 11 0
6 37 -8
6 98 5
6 99 9
6 29 7
6 28 -6
6 31 5
6 38 1
6 39 -7
6 88 8
6 18 9
6 92 5
6 25 7
6 8 -3
6 79 10
6 59 5
6 63 -3
6 22 -3
6 26 4
6 96 -5
6 78 10
6 54 -3
6 73 1
6 82 6
6 45 -8
6 74 -2
6 56 -3
6 15 -5
6 86 -3
6 44 7
6 41 -1
6 94 8
6 12 4
6 57 -3
6 43 10
6 89 -2
6 16 5
6 13 5
6 48 2
6 87 4
7 94 -9
7 13 2
7 91 10
7 11 -3
7 73 -5
7 50 8
7 64 4
7 55 2
7 58 7
7 92 -4
7 81 -8
7 66 5
7 84 -9
7 33 -10
7 97 0
7 23 -8
7 65 4
7 67 -6
7 57 8
7 37 -4
7 17 4
7 9 -10
7 42 -5
7 14 2
7 89 -5
7 48 8
7 63 -7
7 22 -4
7 36 -1
7 62 9
7 52 2
7 75 -7
7 72 9
7 74 4
7 32 5
7 38 0
7 41 6
7 93 -2
7 96 -5
7 20 0
7 77 1
7 16 3
7 39 -7
7 53 3
7 28 1
7 45 7
7 79 -2
7 80 2
7 68 5
7 46 -9
7 85 4
8 73 1
8 63 -10
8 81 -9
8 61 -8
8 65 -3
8 82 -10
8 91 -4
8 25 9
8 100 9
8 49 8
8 27 8
8 26 0
8 99 -2
8 74 0
8 57 5
8 69 0
8 37 -7
8 47 -4
8 59 7
8 28 -1
8 48 -3
8 33 4
8 52 -3
8 29 5
8 38 -7
8 85 4
8 16 10
8 71 4
8 50 5
8 35 4
8 58 6
8 93 -1
8 9 -1
8 39 -10
8 70 9
8 41 -6
8 20 -1
8 55 7
8 90 -2
8 44 -5
8 43 9
8 78 5
8 21 6
9 99 4
9 22 -3
9 50 1
9 90 1
9 64 2
9 92 3
9 32 -3
9 45 -2
9 83 -10
9 81 1
9 34 -4
9 51 0
9 65 8
9 20 -8
9 96 9
9 17 -8
9 31 0
9 67 -6
9 58 -4
9 57 -4
9 19 9
9 78 9
9 43 -9
9 33 3
9 37 10
9 42 10
9 28 -5
9 25 -9
9 14 -8
9 74 -3
9 79 3
9 15 -7
9 44 2
9 84 8
9 11 -2
9 39 -4
9 63 9
9 21 -5
9 47 -10
9 88 -10
9 100 8
9 94 7
9 73 -10
9 70 5
9 13 -10
9 54 -9
9 29 9
9 76 8
9 80 1
9 61 3
9 93 2
9 66 -1
9 62 -7
9 85 10
9 40 -4
9 10 -4
9 98 8
10 66 7
10 34 -9
10 25 -1
10 63 -3
10 15 1
10 18 10
10 75 4
10 94 10
10 28 10
10 51 6
10 47 7
10 77 -1
10 87 -9
10 50 -4
10 78 5
10 30 -9
10 71 8
10 22 0
10 39 -6
10 70 -10
10 40 -5
10 81 -3
10 83 3
10 74 5
10 16 10
10 36 1
10 64 6
10 37 -3
10 13 10
10 93 7
10 62 4
10 90 -4
10 21 -4
10 68 10
10 76 7
10 98 -5
10 23 -6
10 85 9
10 96 8
10 95 -5
10 12 1
10 52 7
10 48 7
10 55 9
10 91 7
10 24 -2
10 41 -3
11 62 -3
11 61 -2
11 45 3
11 65 -3
11 18 -10
11 21 4
11 57 -1
11 24 9
11 42 4
11 91 -8
11 79 -1
11 82 -8
11 70 -10
11 64 7
11 20 -6
11 22 -8
11 44 4
11 94 2
11 99 9
11 90 -4
11 71 -7
11 15 9
11 67 4
11 68 -6
11 19 10
11 37 6
11 74 1
11 89 10
11 80 7
11 52 4
11 51 -3
11 81 -7
11 23 -9
11 100 -8
11 77 -1
11 76 4
11 69 1
11 98 -8
12 43 -2
12 77 2
12 57 7
12 84 -4
12 55 -7
12 16 -8
12 44 -6
12 72 -2
12 91 -9
12 36 8
12 48 9
12 60 5
12 76 6
12 19 -9
12 24 1
12 62 6
12 26 -2
12 64 2
12 41 9
12 78 -1
12 15 -3
12 49 6
12 73 -1
12 32 7
12 40 -4
12 70 5
12 30 2
12 63 4
12 95 6
12 82 -7
12 23 -8
12 50 1
12 94 7
12 45 -2
12 59 3
12 90 -6
12 68 -9
12 93 10
12 51 4
12 20 6
12 69 -10
12 92 0
12 66 -8
12 31 7
12 38 6
12 29 -6
12 28 2
12 35 -5
13 88 3
13 71 9
13 91 -6
13 27 -9
13 29 3
13 39 4
13 84 3
13 92 -3
13 65 -10
13 54 -5
13 40 -9
13 100 -9
13 98 0
13 25 -8
13 78 -3
13 67 9
13 87 -4
13 31 0
13 41 4
13 26 7
13 14 -4
13 15 5
13 93 -8
13 38 -6
13 20 3
13 63 -5
13 49 -10
13 30 0
13 60 -9
13 24 8
13 80 0
13 55 -7
13 83 4
13 44 2
13 81 -5
13 34 -6
13 16 5
13 18 -8
13 52 -7
13 96 -5
13 36 4
13 23 -1
13 89 -9
13 90 10
14 18 8
14 30 -5
14 35 -6
14 70 -7
14 84 0
14 26 1
14 100 2
14 76 -3
14 95 -7
14 31 -5
14 63 -9
14 43 2
14 21 8
14 82 -10
14 78 -1
14 15 6
14 16 -2
14 67 0
14 96 5
14 83 -5
14 25 8
14 73 8
14 60 0
14 65 1
14 86 3
14 34 -1
14 44 4
14 79 10
14 19 -8
14 48 4
14 81 -3
14 39 1
14 99 -9
14 24 -3
14 66 -4
14 20 -7
14 52 -7
14 58 -4
14 62 5
14 75 10
14 92 -2
14 64 -5
14 51 3
14 53 8
15 89 0
15 18 -4
15 55 2
15 68 -9
15 64 0
15 60 9
15 88 -3
15 54 -1
15 87 0
15 62 -8
15 83 2
15 67 6
15 57 -8
15 80 7
15 97 6
15 48 -10
15 75 0
15 73 -4
15 40 -9
15 33 -3
15 45 -8
15 20 9
15 70 7
15 30 -5
15 41 -4
15 96 10
15 22 10
15 24 -7
15 93 -4
15 47 4
15 69 -5
15 53 -2
15 38 9
15 59 4
15 34 6
15 72 1
15 32 -5
16 57 0
16 59 -2
16 61 0
16 33 -7
16 54 -4
16 40 -2
16 51 7
16 49 -5
16 29 -7
16 76 6
16 62 5
16 70 5
16 71 0
16 79 7
16 75 -5
16 90 -6
16 95 -7
16 41 -10
16 32 0
16 47 10
16 65 9
16 93 6
16 38 -8
16 19 -6
16 37 -6
16 94 2
16 78 5
16 23 3
16 55 -9
16 87 -5
16 34 -2
16 99 -4
16 24 2
16 46 -3
16 84 -4
16 81 -2
16 17 -2
16 44 3
16 69 4
16 85 1
16 18 -7
16 50 9
16 72 8
16 80 1
16 35 0
16 82 -10
16 42 9
17 95 -1
17 59 -2
17 100 -6
17 22 -10
17 50 5
17 70 -5
17 92 5
17 54 5
17 56 1
17 96 -6
17 63 6
17 39 -6
17 38 -10
17 20 4
17 80 7
17 47 1
17 97 0
17 85 6
17 84 -3
17 32 1
17 42 1
17 66 0
17 61 -5
17 76 -2
17 98 -3
17 68 8
17 31 -4
17 81 -10
17 89 10
17 69 3
17 64 9
17 60 3
17 57 10
17 37 -6
17 93 7
17 94 10
17 26 -4
17 43 5
17 53 10
17 29 -3
17 49 0
17 75 -2
17 51 -1
17 30 1
17 27 5
17 90 -6
17 23 -1
18 86 3
18 39 5
18 36 10
18 45 5
18 32 -2
18 74 1
18 78 -1
18 65 -7
18 22 -5
18 75 1
18 91 4
18 44 -1
18 61 -5
18 94 3
18 71 5
18 53 1
18 82 10
18 64 -6
18 100 10
18 85 10
18 59 10
18 84 4
18 67 -1
18 23 -5
18 47 9
18 93 1
18 87 -9
18 68 -7
18 88 -7
18 70 10
18 96 2
18 41 8
18 97 -6
18 60 10
18 33 1
18 42 2
18 26 2
18 34 3
18 79 -10
18 21 -4
19 85 2
19 78 -8
19 74 9
19 63 -3
19 33 -7
19 72 -8
19 22 2
19 32 -1
19 66 7
19 39 9
19 26 4
19 54 -8
19 65 1
19 88 5
19 60 -1
19 90 -6
19 29 2
19 58 -3
19 38 -8
19 31 10
19 56 6
19 87 -4
19 69 9
19 96 4
19 81 1
19 70 8
19 44 -5
19 95 -6
19 93 1
19 75 6
19 28 0
19 61 9
19 48 4
19 24 2
19 51 6
19 35 -1
19 68 -4
19 80 2
20 33 -10
20 67 -1
20 57 -7
20 71 3
20 79 5
20 26 1
20 44 8
20 41 -5
20 51 -3
20 94 2
20 76 -8
20 75 9
20 81 -4
20 65 -9
20 70 -6
20 61 10
20 99 -9
20 56 -7
20 91 1
20 23 0
20 86 -6
20 54 1
20 88 0
20 30 2
20 84 -3
20 36 9
20 87 4
20 21 -10
20 58 4
20 93 10
20 89 5
20 55 8
20 32 2
20 60 -1
20 68 -2
20 40 0
21 22 10
21 36 3
21 44 0
21 70 6
21 41 4
21 50 6
21 94 -9
21 43 9
21 33 9
21 73 3
21 39 5
21 47 -8
21 52 -6
21 75 -10
21 58 -3
21 40 6
21 67 -1
21 37 4
21 96 -10
21 63 2
21 69 5
21 31 -5
21 93 10
21 78 3
21 89 -10
21 54 -7
21 100 9
21 80 -7
21 46 -10
21 51 6
21 95 7
21 83 -3
21 66 -2
21 90 -10
21 28 -7
21 35 0
21 74 5
21 45 6
21 25 -5
21 99 -8
21 82 -10
21 55 5
21 49 -4
21 27 -8
21 26 5
21 53 4
21 30 -1
21 72 5
22 28 -2
22 83 -6
22 50 3
22 92 8
22 34 6
22 43 -1
22 89 1
22 71 9
22 24 -6
22 45 1
22 61 -4
22 55 -10
22 49 0
22 25 3
22 63 1
22 88 -7
22 47 -8
22 36 -1
22 38 -4
22 74 -5
22 82 -4
22 57 -10
22 56 2
22 23 -9
22 67 4
22 93 1
22 86 -3
22 29 7
22 54 4
22 87 -9
22 32 10
22 66 -9
22 90 1
22 39 -9
22 80 2
22 69 4
22 72 -2
22 77 -1
22 73 -2
22 52 6
22 40 1
22 51 -2
23 69 7
23 95 10
23 46 7
23 98 -3
23 40 -4
23 25 0
23 31 -10
23 92 9
23 64 -3
23 33 3
23 94 0
23 54 9
23 78 -7
23 44 -2
23 74 10
23 43 -2
23 70 6
23 81 8
23 79 5
23 57 -6
23 35 -5
23 58 8
23 97 -8
23 68 2
23 91 -8
23 82 1
23 80 5
23 51 -9
23 93 4
23 47 -10
23 72 -3
23 96 0
23 77 6
23 34 -8
23 83 -6
23 65 1
23 67 4
23 63 -10
24 33 -5
24 39 -5
24 46 -6
24 89 -10
24 91 5
24 43 -3
24 86 6
24 71 -3
24 69 -1
24 67 7
24 51 9
24 90 -9
24 88 9
24 45 0
24 36 2
24 37 -8
24 97 -8
24 78 7
24 48 2
24 31 -6
24 29 7
24 64 -7
24 62 0
24 80 4
24 98 -7
24 35 5
24 34 -8
24 59 -9
24 92 10
24 83 10
24 40 9
24 73 3
24 77 0
24 53 -4
24 95 -3
24 44 9
24 42 -10
24 99 8
24 56 0
24 76 10
24 57 1
24 52 -9
24 30 -6
24 47 -8
24 25 7
24 26 8
25 91 -10
25 44 5
25 86 6
25 63 5
25 89 3
25 70 1
25 95 -9
25 42 -6
25 78 2
25 94 -1
25 26 9
25 74 2
25 55 1
25 61 7
25 59 -4
25 30 -2
25 37 -2
25 32 -7
25 52 -9
25 84 -7
25 29 -3
25 45 5
25 75 -3
25 50 7
25 33 -8
25 65 3
25 53 5
25 83 -9
25 71 0
25 49 6
25 47 2
25 56 0
25 43 -1
25 51 -7
25 39 8
25 69 8
25 87 4
25 48 3
26 77 -5
26 36 -9
26 71 -1
26 50 -4
26 84 7
26 31 8
26 60 10
26 73 4
26 70 -2
26 83 5
26 66 -2
26 62 4
26 52 -5
26 58 6
26 39 -2
26 65 -3
26 97 3
26 63 8
26 61 3
26 59 -8
26 32 8
26 57 -5
26 74 0
26 93 -1
26 55 5
26 85 8
26 43 -4
26 27 -4
27 32 0
27 34 2
27 89 10
27 57 -3
27 87 2
27 88 8
27 46 4
27 35 8
27 30 7
27 45 -1
27 55 7
27 72 0
27 41 -3
27 59 -7
27 39 -6
27 68 6
27 58 10
27 97 0
27 63 -9
27 54 5
27 33 2
27 73 5
27 48 2
27 81 -6
27 65 7
27 29 9
27 85 -4
27 79 -3
27 36 -4
27 56 -4
27 50 6
27 60 -8
27 43 10
27 86 3
27 47 2
27 40 8
28 96 -4
28 61 9
28 91 3
28 90 -4
28 39 -4
28 87 -5
28 36 -5
28 86 -10
28 51 -8
28 73 -6
28 80 2
28 44 6
28 34 -7
28 40 6
28 65 -3
28 83 -10
28 82 6
28 35 -5
28 56 1
28 66 5
28 37 -10
28 62 -1
28 52 -8
28 33 3
28 41 -1
28 88 0
28 93 -7
28 53 -9
28 71 2
28 31 -7
28 89 -6
28 46 3
28 60 8
28 47 1
28 92 1
28 81 -6
29 42 -6
29 57 5
29 69 -8
29 46 5
29 61 -6
29 99 -3
29 63 -3
29 32 5
29 81 5
29 66 -7
29 62 10
29 45 1
29 47 3
29 41 -1
29 60 -4
29 38 8
29 34 0
29 73 5
29 54 1
29 67 -9
29 83 -6
29 51 2
29 89 -6
29 71 -1
29 64 4
29 77 7
29 53 4
29 93 -7
29 74 -4
29 70 -3
29 79 10
29 56 -6
29 31 -6
29 55 -5
29 52 -2
29 76 6
30 47 4
30 62 -3
30 65 9
30 84 -8
30 96 -5
30 77 8
30 49 -3
30 52 -5
30 42 5
30 37 -9
30 50 -6
30 61 10
30 70 2
30 80 -1
30 58 -1
30 57 10
30 98 9
30 38 -3
30 79 9
30 71 10
30 40 2
30 85 -8
30 31 5
30 90 -10
30 97 -7
30 92 10
30 75 9
30 32 -2
30 74 -3
30 35 -5
30 88 0
30 100 -4
30 44 -3
30 87 -10
31 51 2
31 53 -4
31 71 7
31 72 5
31 76 -1
31 94 9
31 73 7
31 86 8
31 45 8
31 35 7
31 57 9
31 83 -2
31 92 -4
31 40 10
31 62 -6
31 98 -2
31 87 9
31 65 -1
31 52 7
31 100 5
31 58 -9
31 69 -1
31 81 -8
31 84 -4
31 44 -2
31 47 -6
31 67 -10
31 97 9
31 78 5
31 36 -4
31 95 8
31 34 -3
31 91 2
31 64 10
32 51 9
32 100 -2
32 82 8
32 64 -3
32 69 -5
32 47 2
32 96 -2
32 62 8
32 44 1
32 35 4
32 79 7
32 42 -1
32 50 -4
32 76 2
32 83 9
32 66 6
32 70 9
32 92 -4
32 46 -8
32 40 -6
32 73 3
32 80 2
32 54 1
32 99 -7
32 98 -4
32 78 -8
32 39 -9
32 84 -9
32 86 -8
32 88 2
32 58 6
32 81 5
32 91 1
33 41 -1
33 96 -1
33 52 7
33 94 4
33 49 -3
33 53 2
33 59 4
33 72 -1
33 63 -4
33 58 -4
33 74 -5
33 77 0
33 71 -8
33 43 8
33 85 6
33 97 -1
33 82 -1
33 54 10
33 55 8
33 100 6
33 91 -4
33 90 -7
33 48 -4
33 35 10
33 80 10
33 95 3
33 68 -2
33 42 7
33 62 2
33 75 10
33 69 -7
33 99 -2
33 83 8
33 46 9
34 45 8
34 52 -9
34 100 2
34 54 5
34 46 -1
34 88 -1
34 69 -5
34 61 -5
34 81 5
34 63 -2
34 53 1
34 98 -6
34 39 -7
34 96 6
34 85 -6
34 86 5
34 68 9
34 36 7
34 82 4
34 56 5
34 76 6
34 87 1
34 40 8
34 97 1
34 77 1
34 44 1
34 95 -3
34 70 -9
34 48 0
34 92 8
34 58 10
34 50 -9
34 62 -10
34 37 -4
34 93 -8
34 41 10
35 74 -7
35 86 -1
35 45 8
35 83 -3
35 82 -4
35 76 8
35 61 -8
35 99 -8
35 71 8
35 79 -10
35 49 2
35 96 -4
35 73 -5
35 63 9
35 80 -3
35 98 3
35 43 10
35 89 -1
35 95 6
35 39 8
35 81 8
35 94 10
35 70 3
35 60 0
35 65 -5
35 40 -6
35 67 -9
35 56 8
35 100 4
35 91 -9
35 50 6
35 84 -1
35 87 2
35 75 0
35 62 -8
35 66 9
36 93 0
36 58 6
36 84 6
36 97 2
36 40 5
36 50 -10
36 51 -7
36 80 -10
36 95 -4
36 52 5
36 99 -8
36 76 -9
36 38 -4
36 71 -9
36 55 -6
36 60 10
36 91 5
36 70 0
36 82 1
36 73 7
36 59 -4
36 77 5
36 100 5
36 41 -10
36 85 -3
36 87 9
36 62 10
36 66 -6
36 57 7
36 69 10
36 37 0
36 81 1
36 44 -5
37 96 5
37 87 10
37 85 1
37 59 2
37 40 -4
37 94 -10
37 97 -9
37 83 -4
37 48 -10
37 43 -3
37 54 1
37 84 9
37 88 5
37 91 4
37 41 -10
37 65 -4
37 76 7
37 38 8
37 79 0
37 50 7
37 78 -5
37 60 2
37 39 -6
37 51 5
37 72 -3
37 95 10
37 70 0
37 67 -5
37 80 2
37 81 10
37 71 7
37 64 6
37 68 5
37 75 -5
37 45 5
37 99 -4
37 49 -3
37 52 -6
37 90 6
37 66 8
37 73 -9
37 44 2
37 46 -8
38 85 6
38 59 10
38 60 -3
38 89 -2
38 84 -7
38 47 1
38 44 5
38 58 -3
38 57 8
38 70 4
38 54 -7
38 99 0
38 46 10
38 64 0
38 40 7
38 87 4
38 50 9
38 90 -10
38 52 -8
38 56 -7
38 45 5
38 67 -1
38 92 -1
38 93 9
38 91 -4
38 43 3
38 55 1
38 53 -3
39 65 -10
39 55 7
39 73 -6
39 100 6
39 49 -9
39 85 -5
39 61 -8
39 74 -4
39 82 6
39 81 5
39 60 10
39 58 3
39 98 0
39 44 -10
39 88 -9
39 97 -7
39 51 -4
39 91 9
39 75 -6
39 99 -8
39 48 -1
39 84 -7
39 77 2
39 69 10
39 40 7
39 87 -9
39 54 -4
39 52 -9
39 46 -4
39 63 -1
40 55 -8
40 45 -1
40 67 4
40 95 -5
40 78 1
40 56 3
40 90 -8
40 81 10
40 41 8
40 74 3
40 46 1
40 98 -1
40 96 1
40 88 -6
40 51 10
40 79 3
40 65 8
40 85 -3
40 62 -8
40 61 -7
40 89 5
40 86 8
40 91 0
40 47 -10
40 57 -6
40 72 5
40 87 -6
40 52 7
40 53 -10
40 69 -2
40 83 -3
40 68 -3
40 75 8
41 89 9
41 97 4
41 57 -6
41 93 10
41 83 5
41 56 -9
41 51 0
41 53 -4
41 91 0
41 76 -1
41 96 -4
41 94 -6
41 45 1
41 67 -7
41 65 1
41 63 -5
41 70 -2
41 48 5
41 77 0
41 79 8
41 85 4
41 62 9
41 81 8
41 69 -1
41 43 8
41 98 -7
41 54 8
41 78 4
41 80 8
42 93 10
42 59 4
42 94 10
42 67 7
42 45 2
42 43 -10
42 44 -8
42 57 3
42 78 -9
42 74 5
42 47 -8
42 91 -7
42 66 9
42 72 5
42 69 -4
42 81 10
42 97 -1
42 55 -6
42 85 -1
42 50 1
42 68 -9
42 79 -10
42 70 -6
42 53 -1
42 88 2
42 46 -7
42 89 -5
43 93 -1
43 74 -3
43 97 4
43 62 -6
43 75 -1
43 51 4
43 50 -5
43 82 -3
43 55 -9
43 90 -3
43 52 -8
43 88 2
43 78 1
43 85 4
43 59 -10
43 66 -4
43 100 4
43 54 6
43 68 -10
43 83 -4
43 81 9
43 80 6
43 69 7
43 71 6
43 49 -3
43 86 8
43 87 -4
44 52 1
44 53 5
44 89 7
44 60 -9
44 66 -5
44 75 -2
44 65 -9
44 45 -10
44 63 -3
44 96 -9
44 77 -2
44 71 4
44 85 -5
44 59 -9
44 97 5
44 49 -3
44 100 0
44 62 0
44 58 -2
44 73 -4
44 61 8
44 76 9
44 94 -4
44 46 8
44 84 10
44 86 -8
45 51 6
45 93 -8
45 58 -9
45 81 0
45 67 2
45 100 -8
45 62 -4
45 97 -10
45 61 -3
45 56 1
45 74 9
45 63 10
45 76 -10
45 90 -9
45 96 2
45 48 10
45 54 9
45 85 -5
45 53 6
45 92 -7
45 71 7
45 82 -3
45 83 2
45 46 2
45 68 -2
45 80 -5
45 69 -2
45 65 10
45 86 -6
45 57 -8
45 64 -7
46 51 4
46 62 9
46 73 9
46 47 -7
46 98 -2
46 88 -9
46 87 -6
46 65 10
46 77 10
46 81 -10
46 57 -8
46 59 -10
46 95 5
46 66 3
46 89 10
46 69 9
46 58 -9
46 86 -4
46 61 -9
46 78 0
46 63 7
46 99 9
46 72 8
46 49 9
46 54 4
46 82 3
46 64 4
46 56 7
46 83 -7
46 79 10
47 72 -5
47 52 -6
47 70 1
47 92 4
47 68 -5
47 64 -9
47 89 -8
47 88 5
47 49 3
47 87 4
47 98 -3
47 62 -10
47 58 7
47 94 1
47 51 0
47 77 10
47 67 -8
48 55 -4
48 80 -6
48 64 0
48 87 0
48 89 6
48 57 -1
48 88 -5
48 93 -9
48 69 9
48 85 9
48 68 8
48 65 6
48 51 9
48 83 0
48 49 -8
48 81 -8
48 53 7
48 77 1
48 92 9
48 82 5
48 52 4
48 50 -8
48 71 -4
49 88 -6
49 94 5
49 92 -4
49 63 -7
49 89 4
49 77 10
49 75 9
49 64 4
49 50 6
49 59 4
49 72 -6
49 71 4
49 66 8
49 100 5
49 78 4
49 52 -8
49 57 8
49 95 -5
49 68 2
49 96 -6
49 74 -4
49 80 -9
49 97 3
49 82 4
49 53 5
50 81 -1
50 93 -10
50 92 9
50 86 9
50 78 10
50 53 -8
50 67 -4
50 70 -5
50 65 -10
50 64 -1
50 66 -10
50 74 10
50 97 1
50 79 -2
50 58 -7
50 91 -3
50 69 -4
50 68 -6
50 72 -9
50 98 6
50 89 3
50 59 0
50 56 -10
50 88 4
50 75 2
50 63 9
51 71 2
51 100 -10
51 65 2
51 80 5
51 59 -4
51 91 7
51 77 -6
51 85 10
51 64 -1
51 54 -8
51 70 -8
51 81 2
51 63 -7
51 52 10
51 87 9
51 66 -3
51 96 6
51 88 -8
51 68 8
51 58 5
51 93 -6
51 56 -7
51 53 -9
51 94 -10
51 86 -5
51 57 4
51 75 3
52 76 4
52 86 -10
52 58 9
52 72 -6
52 55 -4
52 91 -3
52 85 8
52 83 9
52 80 -8
52 73 3
52 82 7
52 78 -2
52 90 -1
52 94 -8
52 67 3
52 65 7
52 79 0
52 70 6
52 75 -8
52 71 1
52 62 -4
52 81 -7
52 97 -10
52 60 -8
52 92 3
53 89 7
53 81 7
53 60 1
53 87 0
53 75 -9
53 74 -3
53 61 -9
53 96 10
53 94 -2
53 64 -10
53 57 -7
53 71 -6
53 99 5
53 69 9
53 59 6
53 72 -3
53 88 -3
53 85 0
53 78 -3
53 84 4
53 83 0
53 77 5
53 100 -2
53 68 -2
53 97 10
53 62 8
53 82 0
53 56 -8
53 70 -9
54 61 -5
54 86 4
54 92 -1
54 89 -1
54 76 -4
54 63 7
54 60 -3
54 70 -2
54 98 -4
54 75 9
54 59 7
54 93 3
54 91 -1
54 71 -10
54 57 -8
54 58 3
54 69 -5
54 72 -3
54 66 7
54 65 -4
54 55 -4
54 85 1
54 77 -7
54 68 8
55 75 5
55 96 5
55 79 4
55 81 9
55 89 -10
55 85 -7
55 62 -10
55 88 -4
55 56 -10
55 87 -3
55 66 4
55 82 -7
55 63 9
55 93 9
55 95 4
55 59 4
55 92 7
56 82 9
56 85 5
56 60 -6
56 63 1
56 78 -6
56 87 6
56 92 -5
56 88 -2
56 79 9
56 61 -7
56 76 9
56 71 3
56 73 -1
56 62 -9
56 98 -7
56 89 -7
56 75 3
56 65 5
56 57 8
56 86 -3
56 68 -4
56 80 -9
57 86 -5
57 63 10
57 88 1
57 93 5
57 99 -2
57 69 9
57 75 0
57 74 7
57 89 0
57 71 -10
57 70 0
57 59 7
57 84 10
57 80 10
58 94 6
58 97 -2
58 93 1
58 71 4
58 87 -7
58 59 1
58 92 -7
58 70 5
58 76 7
58 72 10
58 80 4
58 77 -4
58 62 8
58 85 -4
58 88 3
58 98 3
58 99 7
58 65 -1
58 82 -6
58 89 -7
58 81 -7
58 75 5
58 79 -1
58 68 -2
59 80 3
59 60 2
59 65 -4
59 95 -7
59 90 1
59 85 0
59 96 8
59 86 -1
59 66 -4
59 68 -1
59 87 -1
59 88 -9
59 61 9
59 64 10
59 63 -4
59 91 -2
59 75 8
59 74 -3
59 69 5
59 98 8
60 87 2
60 65 0
60 95 -8
60 79 9
60 100 -7
60 97 4
60 86 -8
60 90 8
60 66 3
60 94 1
60 89 6
60 62 -10
60 75 -2
60 61 -6
60 83 -1
60 85 1
60 84 -7
60 93 8
60 96 6
60 71 9
60 91 10
60 69 9
60 64 -2
60 81 0
60 82 2
60 92 -7
61 88 -9
61 74 9
61 62 4
61 95 6
61 79 -7
61 63 8
61 67 10
61 89 10
61 81 -4
61 82 9
61 73 -10
61 87 -3
61 80 -3
61 69 5
61 64 -2
62 66 -2
62 69 -9
62 80 -10
62 65 -10
62 99 6
62 63 -10
62 94 0
62 73 7
62 79 2
62 89 2
62 97 -10
62 91 6
62 78 -1
62 68 -10
62 64 -2
62 71 8
62 75 2
62 92 -8
63 88 7
63 65 2
63 64 -9
63 86 7
63 67 9
63 90 -8
63 98 0
63 93 -2
63 94 -8
63 100 6
63 83 -7
63 82 8
63 78 -10
63 71 6
63 99 -4
63 75 -4
63 77 -5
63 95 0
63 72 9
63 96 -7
63 69 3
64 81 -3
64 75 -2
64 100 10
64 65 7
64 79 7
64 70 3
64 95 -9
64 78 -7
64 77 -3
64 73 -10
64 76 6
64 82 -4
64 86 1
64 93 -4
64 74 4
65 76 -7
65 71 -8
65 77 0
65 68 3
65 70 7
65 66 -1
65 98 0
65 84 -3
65 92 10
65 80 9
65 81 6
65 75 -9
65 83 8
65 82 -9
65 97 3
65 87 7
65 86 7
66 82 3
66 81 -4
66 86 -7
66 73 7
66 74 9
66 91 -9
66 95 -9
66 100 -5
66 72 -4
66 87 2
66 92 9
66 96 3
66 88 8
66 83 -6
66 67 6
66 97 10
67 91 1
67 86 6
67 74 -6
67 83 -6
67 100 -4
67 75 7
67 72 -1
67 84 5
67 70 -10
67 98 -7
67 68 -1
67 78 4
67 94 -7
67 76 8
68 96 4
68 87 -6
68 98 6
68 97 1
68 90 -6
68 85 -5
68 93 -4
68 75 6
68 76 -3
68 71 7
68 80 6
68 77 3
68 91 -7
68 72 -2
68 88 3
68 83 -1
68 92 -6
68 70 3
69 77 0
69 81 7
69 79 0
69 87 -5
69 83 0
69 89 -6
69 94 2
69 95 -5
69 98 -3
69 74 -3
69 86 -8
69 99 -4
69 73 -8
69 71 -10
69 88 9
70 90 -4
70 94 7
70 72 -5
70 75 3
70 100 7
70 96 6
70 85 -3
70 82 6
70 79 -5
70 89 -7
70 87 4
70 91 6
70 99 8
70 73 -7
70 83 -6
71 93 3
71 73 -4
71 92 -1
71 91 -5
71 79 5
71 95 -2
71 77 -8
71 87 9
71 86 8
71 75 2
71 100 3
71 74 6
71 88 -8
71 85 -7
71 83 -1
72 84 1
72 94 -4
72 80 -2
72 98 5
72 88 1
72 99 1
72 96 1
72 74 4
72 100 -3
72 90 -8
72 86 5
72 93 5
72 83 -4
72 82 10
73 94 6
73 97 8
73 82 8
73 74 -3
73 93 -4
73 79 9
73 95 1
73 89 -5
73 75 -5
73 87 -3
73 78 7
73 99 3
73 91 -2
73 90 -4
73 76 -2
74 98 7
74 90 6
74 78 6
74 82 5
74 76 1
74 93 4
74 75 6
74 94 -9
74 100 -6
74 86 7
74 91 5
75 84 4
75 88 3
75 95 -2
75 97 5
75 93 5
75 90 6
75 83 1
75 99 4
75 85 7
75 79 5
75 76 10
76 95 10
76 99 -5
76 98 -10
76 82 -10
76 86 2
76 79 -7
76 92 5
76 90 0
76 78 -10
76 96 5
76 88 6
77 79 -1
77 90 2
77 78 10
77 85 4
77 91 -7
77 86 1
77 97 -8
77 88 5
77 84 4
77 81 -5
77 98 -7
77 82 8
78 89 6
78 99 7
78 90 8
78 88 -7
78 84 1
78 81 10
78 85 -7
79 88 6
79 80 -1
79 96 -7
79 98 1
79 84 3
79 82 -1
79 89 -10
79 99 7
79 100 -2
79 94 -9
79 81 -7
80 89 -6
80 90 -7
80 94 8
80 82 -5
80 86 3
80 98 -10
80 85 -7
80 88 7
80 96 8
81 100 2
81 89 -8
81 83 -4
81 96 -3
81 88 9
81 86 8
81 95 -5
81 87 -2
81 92 -5
81 82 -1
82 98 5
82 84 7
82 93 -4
82 94 5
82 88 -10
82 92 -10
82 95 4
82 85 10
82 90 -1
82 99 -8
83 88 0
83 92 2
83 98 -10
83 87 -10
83 96 10
83 99 2
83 86 1
83 85 0
84 85 -9
84 98 -6
84 100 -8
84 95 5
84 87 8
84 91 -5
84 88 -1
84 94 9
84 97 -9
84 99 -5
84 96 -4
85 97 -5
85 99 10
85 88 -2
85 89 -6
85 96 3
85 87 2
85 94 4
86 92 7
86 91 7
86 94 9
86 98 3
87 98 -10
87 92 4
87 100 5
87 99 -10
87 91 -10
88 94 0
88 93 6
88 99 0
88 96 10
88 89 -10
88 90 0
89 91 -10
89 92 -5
89 94 0
89 100 0
89 90 3
90 96 5
90 97 8
90 100 2
90 94 0
91 100 -2
91 97 -3
91 98 10
91 95 3
91 93 5
92 94 -1
92 100 1
93 96 7
93 99 8
93 94 -6
94 96 -3
94 99 9
94 97 0
94 98 9
94 95 0
96 97 -5
96 99 -7
96 100 8
97 98 10
97 99 -6
98 99 -8
99 100 -9
