100 2475 
1 97 -4
1 69 -4
1 10 10
1 66 -1
1 70 7
1 3 -7
1 95 7
1 51 4
1 91 -6
1 19 -6
1 53 10
1 46 1
1 21 -1
1 92 -5
1 13 -2
1 96 9
1 100 0
1 47 6
1 31 -10
1 18 -3
1 8 9
1 41 1
1 89 6
1 32 8
1 38 -4
1 76 5
1 67 0
1 7 2
1 73 -2
1 87 0
1 63 3
1 71 8
1 42 -3
1 80 -4
1 23 3
1 25 1
1 81 8
1 58 -4
1 93 7
1 56 4
1 83 -3
1 49 -6
1 40 -8
1 74 0
1 4 -3
1 65 -4
1 72 -2
1 59 3
2 34 -4
2 89 -7
2 96 9
2 47 -1
2 82 0
2 26 -4
2 84 -10
2 77 3
2 94 7
2 56 -7
2 44 2
2 70 -2
2 31 -4
2 43 9
2 37 -10
2 60 -7
2 53 10
2 79 8
2 76 7
2 68 5
2 11 6
2 100 -7
2 8 -3
2 92 -3
2 21 1
2 13 -1
2 38 -4
2 14 7
2 54 1
2 27 -2
2 78 5
2 99 4
2 97 2
2 66 9
2 71 10
2 19 -1
2 88 10
2 98 -10
2 42 4
2 48 -9
2 91 -3
2 20 -6
2 39 7
2 87 5
2 41 0
2 90 -5
2 93 2
2 4 -5
3 23 -5
3 10 4
3 41 -9
3 50 -8
3 88 -10
3 100 0
3 83 -7
3 58 3
3 61 -5
3 90 2
3 72 3
3 8 10
3 67 3
3 91 -6
3 22 10
3 97 -7
3 44 3
3 78 -3
3 14 -2
3 56 2
3 59 9
3 45 10
3 85 7
3 76 6
3 4 -5
3 15 -2
3 75 -6
3 69 -6
3 55 -10
3 87 9
3 86 -9
3 79 -7
3 16 2
3 18 8
3 12 2
3 40 6
3 70 -5
3 84 9
3 43 4
3 33 6
3 7 1
3 28 -5
3 80 -10
3 35 5
4 26 -10
4 22 -7
4 79 -3
4 82 -6
4 69 5
4 42 -1
4 10 1
4 11 4
4 84 -5
4 100 1
4 28 -4
4 67 0
4 81 10
4 6 -1
4 24 -3
4 38 8
4 62 -7
4 77 7
4 93 -8
4 53 7
4 61 -2
4 15 7
4 43 1
4 71 -3
4 54 -7
4 74 -5
4 25 5
4 13 3
4 36 1
4 94 -5
4 21 10
4 66 -8
4 20 6
4 46 3
4 50 -6
4 68 10
4 9 -3
4 17 -5
4 75 1
4 34 5
4 49 -4
4 78 1
5 62 9
5 40 -10
5 43 3
5 70 -1
5 80 9
5 86 -10
5 46 -7
5 52 5
5 34 -1
5 38 -8
5 24 9
5 29 -5
5 82 5
5 39 9
5 94 -4
5 54 -4
5 18 2
5 76 -2
5 48 -9
5 83 -9
5 17 6
5 49 -2
5 71 5
5 12 3
5 74 -3
5 69 2
5 10 -5
5 6 -7
5 31 10
5 84 -5
5 77 8
5 92 10
5 68 -3
5 85 1
5 67 -3
5 15 6
5 14 -8
5 51 -3
5 87 4
5 63 3
5 57 1
5 25 3
5 13 10
5 93 -3
5 26 -3
5 72 5
5 89 -9
5 98 -5
6 10 -8
6 38 1
6 12 -5
6 34 8
6 92 -8
6 39 -6
6 56 -6
6 51 1
6 98 8
6 83 3
6 23 5
6 48 4
6 24 -9
6 84 7
6 93 4
6 53 -8
6 66 -6
6 78 -10
6 60 -2
6 37 3
6 77 8
6 89 -9
6 32 4
6 15 -9
6 64 8
6 25 9
6 76 -8
6 7 4
6 62 3
6 65 -8
6 75 -1
6 31 -2
6 59 -5
6 17 -8
6 57 5
6 47 -5
6 46 -9
6 44 -3
6 80 -7
6 50 -1
6 13 9
6 22 -10
6 81 10
6 67 -8
6 28 6
6 33 3
6 90 -6
7 46 5
7 52 9
7 26 10
7 66 8
7 58 9
7 43 -3
7 36 -8
7 27 7
7 45 6
7 77 2
7 86 0
7 40 1
7 76 -6
7 47 -7
7 55 -10
7 49 -5
7 95 -7
7 91 6
7 31 10
7 42 1
7 25 -6
7 93 2
7 78 -9
7 34 1
7 18 9
7 32 5
7 29 -10
7 16 2
7 94 1
7 61 0
7 70 -9
7 10 1
7 54 -3
7 11 -9
7 71 6
7 30 -3
7 88 9
7 22 -7
7 69 -6
7 99 -2
7 79 7
7 12 10
8 60 8
8 90 -5
8 29 8
8 16 -5
8 11 3
8 24 4
8 31 -4
8 83 -4
8 20 -2
8 70 -7
8 79 1
8 78 10
8 77 -6
8 81 -3
8 27 1
8 35 9
8 94 -5
8 21 -7
8 40 0
8 50 -5
8 54 9
8 42 -5
8 23 0
8 48 0
8 18 -8
8 100 3
8 36 -8
8 34 3
8 82 3
8 28 9
8 75 -4
8 44 3
8 10 0
8 63 0
8 92 -3
8 68 4
8 13 -10
8 86 -2
8 26 -2
8 62 -7
8 19 5
8 67 6
8 38 10
8 87 10
8 84 9
8 98 1
8 41 -8
8 59 -10
8 52 1
9 15 4
9 74 -7
9 13 0
9 99 3
9 88 -5
9 52 0
9 38 -3
9 96 -9
9 32 7
9 79 -3
9 48 0
9 84 1
9 22 3
9 24 -1
9 77 10
9 64 10
9 10 9
9 50 -5
9 26 9
9 68 -4
9 75 8
9 70 -5
9 53 -8
9 81 7
9 28 2
9 39 0
9 37 -1
9 94 -5
9 72 -4
9 21 5
9 49 3
9 78 -1
9 33 -8
9 66 -9
9 47 -7
9 80 -7
9 67 -4
9 45 -2
9 12 -9
9 85 6
9 16 3
10 35 5
10 48 -4
10 19 -7
10 73 4
10 23 4
10 22 -5
10 100 -3
10 99 -10
10 61 6
10 65 2
10 27 -8
10 98 -4
10 33 8
10 57 0
10 41 -6
10 91 -10
10 45 2
10 53 0
10 55 6
10 72 -10
10 87 -3
10 96 1
10 46 7
10 97 7
10 13 10
10 51 5
10 34 -3
10 50 7
10 15 0
10 28 0
10 20 -7
10 31 -3
10 25 -4
10 68 -4
10 52 5
10 26 -8
10 79 4
10 17 -2
10 81 7
10 77 5
10 49 -7
10 39 -10
10 80 -5
10 82 10
10 71 10
10 38 7
10 37 4
10 30 7
10 75 -10
10 86 4
10 63 -10
11 77 4
11 70 10
11 58 -9
11 80 8
11 54 -10
11 89 5
11 90 -8
11 12 -5
11 62 -5
11 51 -1
11 75 -1
11 67 6
11 17 8
11 45 -4
11 22 -5
11 42 -9
11 29 6
11 37 6
11 39 5
11 71 1
11 19 -5
11 81 -5
11 95 2
11 34 -2
11 69 7
11 92 -8
11 14 5
11 78 6
11 79 7
11 26 4
11 50 -9
11 97 1
11 63 1
11 31 7
11 33 -5
11 32 -7
11 59 2
11 49 -7
11 56 -3
11 35 1
11 94 -8
11 98 -8
11 61 -2
12 88 -9
12 18 -9
12 38 -2
12 19 -4
12 36 8
12 86 4
12 78 -10
12 77 8
12 68 7
12 100 4
12 81 -3
12 51 4
12 16 7
12 46 4
12 54 -10
12 13 9
12 80 -6
12 89 5
12 99 -7
12 57 -2
12 56 4
12 70 4
12 32 -2
12 50 1
12 25 4
12 64 -8
12 93 3
12 58 -9
12 30 -6
12 92 -2
12 71 9
12 47 9
12 23 -8
12 98 -3
12 67 -3
12 37 -1
12 94 8
12 14 -4
12 87 -7
13 39 10
13 52 9
13 97 -10
13 86 -9
13 59 10
13 62 2
13 46 8
13 57 2
13 81 -4
13 63 1
13 33 0
13 17 -6
13 80 8
13 27 -4
13 35 8
13 69 -8
13 65 10
13 22 -8
13 89 -8
13 71 6
13 30 6
13 68 -4
13 79 0
13 91 -10
13 64 6
13 51 7
13 76 -4
13 77 -8
13 58 1
13 94 -2
13 85 5
13 32 4
13 70 10
13 28 -9
13 19 6
13 47 -5
13 83 4
13 88 7
13 34 -5
13 48 -2
13 99 -6
13 72 -9
13 31 -2
13 41 1
13 36 -8
13 74 -2
13 100 1
14 36 8
14 90 -9
14 24 10
14 75 -7
14 25 2
14 70 -4
14 68 -2
14 54 -4
14 45 -5
14 31 -5
14 72 6
14 47 0
14 35 -7
14 66 -10
14 65 8
14 44 0
14 43 6
14 21 -9
14 56 -8
14 98 2
14 60 7
14 40 3
14 52 -4
14 41 9
14 100 -2
14 96 3
14 58 9
14 26 -8
14 76 10
14 46 8
14 57 10
14 19 -6
14 23 7
14 53 8
14 33 9
14 59 -4
14 37 1
14 22 0
14 73 -1
14 27 -6
14 79 1
14 87 2
14 62 -2
14 50 3
15 70 -7
15 88 6
15 100 4
15 42 -6
15 25 4
15 86 2
15 36 -4
15 51 6
15 26 9
15 94 1
15 89 1
15 79 9
15 78 -9
15 33 10
15 16 -2
15 54 7
15 29 -10
15 93 -10
15 46 -2
15 57 2
15 81 1
15 65 0
15 31 -2
15 64 5
15 23 3
15 44 -7
15 75 -7
15 47 9
15 72 -9
15 32 7
15 52 -9
15 98 9
15 19 2
15 96 -10
15 41 2
15 59 6
15 99 -9
15 56 -6
15 74 -7
15 62 6
15 91 3
15 69 -1
15 55 4
15 77 -2
16 68 7
16 99 3
16 17 1
16 56 -2
16 27 1
16 65 -3
16 34 -3
16 87 10
16 80 -10
16 33 -2
16 95 1
16 41 9
16 63 -9
16 71 -4
16 54 -1
16 38 5
16 55 2
16 21 5
16 66 -9
16 58 -4
16 81 -3
16 32 3
16 42 1
16 74 -1
16 78 -7
16 35 -2
16 84 8
16 45 -5
16 60 -9
16 62 -6
16 18 8
16 64 4
16 20 2
16 67 -8
16 86 -6
16 72 -5
16 22 5
16 19 -4
16 85 7
17 59 -10
17 87 -8
17 45 -3
17 83 9
17 24 -10
17 42 8
17 95 10
17 63 -8
17 76 -4
17 57 1
17 44 -10
17 50 -9
17 48 -2
17 96 -4
17 49 9
17 60 -10
17 77 8
17 90 -2
17 30 -3
17 73 8
17 56 9
17 91 7
17 29 8
17 58 -8
17 31 -9
17 41 5
17 23 7
17 20 -8
17 51 4
17 80 -5
17 68 3
17 55 4
17 64 8
17 69 4
17 85 -7
17 65 5
17 54 -3
17 70 -7
17 86 8
17 53 0
18 80 10
18 100 -3
18 19 -6
18 52 3
18 22 3
18 51 1
18 45 2
18 93 8
18 42 -9
18 84 4
18 79 7
18 96 7
18 28 0
18 65 -8
18 48 7
18 87 5
18 70 5
18 86 2
18 71 5
18 99 -8
18 34 -10
18 73 -7
18 33 -1
18 90 1
18 97 -6
18 37 6
18 35 -3
18 56 9
18 50 -8
18 72 -5
18 20 7
18 92 -1
18 81 -9
18 64 -6
18 58 1
18 82 2
18 94 -4
18 31 -4
18 53 -8
18 26 -2
18 46 0
18 25 8
18 78 -6
18 24 -10
18 66 10
18 62 7
19 41 6
19 57 8
19 71 -1
19 70 -3
19 33 5
19 28 0
19 35 -4
19 83 6
19 100 -6
19 46 1
19 85 -3
19 29 -7
19 98 -3
19 54 -1
19 58 3
19 77 4
19 31 -10
19 21 6
19 89 -3
19 91 -9
19 62 -10
19 73 4
19 52 2
19 82 -2
19 95 10
19 92 -2
19 90 -5
19 45 10
19 25 2
19 30 -7
19 55 -7
19 75 -2
19 96 -2
19 44 -3
19 22 -5
19 76 5
19 36 -1
19 61 10
19 23 9
19 97 -7
19 68 -8
19 88 2
19 49 0
20 99 -6
20 74 -5
20 42 7
20 77 1
20 25 1
20 78 6
20 64 -3
20 55 -3
20 86 8
20 52 1
20 51 10
20 29 -10
20 33 -7
20 70 -7
20 66 8
20 89 3
20 82 5
20 58 2
20 73 -7
20 100 -1
20 63 4
20 22 -3
20 92 2
20 69 7
20 56 -1
20 98 -3
20 32 0
20 48 8
20 38 4
20 50 5
20 30 -7
20 62 1
20 36 -1
20 91 0
20 67 8
20 84 -1
20 35 1
20 96 9
20 21 -5
20 87 -4
20 71 5
20 94 6
21 75 1
21 34 -6
21 77 3
21 88 5
21 64 0
21 69 2
21 99 -10
21 70 10
21 33 8
21 86 8
21 29 -8
21 89 -7
21 53 -4
21 61 -6
21 100 10
21 36 -5
21 74 7
21 39 10
21 65 1
21 81 2
21 80 -8
21 87 4
21 52 8
21 44 -2
21 41 5
21 49 -6
21 76 8
21 37 5
21 38 6
21 54 -7
21 45 1
21 63 -10
21 35 -9
21 60 -2
21 48 -8
21 46 -1
21 92 -6
21 78 -10
21 32 -2
21 57 4
22 71 5
22 24 2
22 26 -5
22 43 6
22 62 -3
22 32 -6
22 60 4
22 87 9
22 65 10
22 86 -10
22 35 7
22 25 -2
22 90 -9
22 55 -2
22 58 -5
22 57 -3
22 100 1
22 52 2
22 45 -5
22 56 -8
22 84 -7
22 69 -3
22 64 0
22 74 -10
22 63 -8
22 36 5
22 99 -4
22 53 4
22 39 -4
22 27 1
22 30 -1
22 80 10
22 85 2
22 93 1
22 34 -8
22 76 10
22 41 -3
22 78 -1
22 81 3
22 88 -4
22 59 6
22 38 -9
22 54 0
22 61 0
22 73 1
22 94 6
22 96 2
22 77 10
22 89 8
23 63 -2
23 46 10
23 97 3
23 92 -10
23 99 -1
23 29 7
23 65 10
23 43 0
23 71 -8
23 93 0
23 28 -7
23 61 -3
23 88 1
23 26 9
23 59 -5
23 78 0
23 64 1
23 32 -2
23 72 1
23 30 10
23 95 1
23 42 -8
23 49 8
23 56 -3
23 58 -7
23 73 4
23 31 -10
23 25 5
23 91 -5
23 80 4
23 84 7
23 76 2
23 50 -1
24 92 -6
24 87 1
24 76 2
24 28 3
24 71 -8
24 84 7
24 73 3
24 83 -4
24 100 -10
24 53 1
24 63 -1
24 52 5
24 51 -3
24 25 6
24 54 -3
24 45 -6
24 27 1
24 29 -5
24 91 3
24 89 -3
24 88 -1
24 98 -4
24 34 -5
24 48 10
24 66 2
24 69 6
24 32 -9
24 86 9
24 59 10
24 36 8
24 50 9
24 30 7
24 37 10
24 67 9
25 86 -8
25 99 10
25 66 7
25 28 -1
25 50 10
25 77 9
25 76 -1
25 87 -8
25 26 5
25 97 -10
25 65 2
25 96 3
25 93 -3
25 100 4
25 73 7
25 64 3
25 75 -10
25 52 -8
25 82 10
25 71 0
25 32 -7
25 63 3
25 74 0
25 54 6
25 90 -2
25 41 10
25 29 1
25 69 -7
25 37 4
25 72 2
25 40 -6
25 92 10
25 46 9
25 81 -8
25 57 -2
25 49 7
25 27 7
26 29 -10
26 28 -4
26 33 -6
26 62 -5
26 59 2
26 96 10
26 54 -8
26 78 -2
26 50 4
26 66 -9
26 97 7
26 76 -3
26 64 -7
26 32 -4
26 48 2
26 90 5
26 84 1
26 34 -1
26 71 0
26 88 -4
26 79 -6
26 70 7
26 51 -2
26 52 -2
26 63 9
26 86 -3
26 77 8
26 87 5
26 60 3
26 49 4
26 68 -1
26 74 -8
26 39 3
26 45 -5
26 31 6
26 85 -10
27 85 3
27 42 3
27 57 -1
27 62 6
27 89 -7
27 48 10
27 87 -7
27 33 6
27 41 5
27 31 3
27 40 2
27 98 3
27 56 1
27 50 6
27 73 10
27 100 -4
27 75 -9
27 80 10
27 68 -10
27 46 4
27 64 -6
27 43 0
27 67 -3
27 28 -8
27 95 -3
27 71 8
27 52 5
27 84 8
27 53 -1
27 34 7
27 51 -5
27 93 -6
27 72 9
27 92 1
27 38 -6
27 83 -9
27 90 4
27 63 -6
27 86 -6
27 74 6
27 37 -4
27 32 -5
27 69 6
27 29 -8
27 88 5
27 81 -6
27 36 3
27 91 -2
27 70 -6
27 78 7
27 58 -3
28 55 8
28 88 1
28 99 -7
28 53 1
28 70 10
28 92 -6
28 40 7
28 98 1
28 65 8
28 80 7
28 78 9
28 67 -6
28 63 -1
28 48 1
28 81 -7
28 74 5
28 62 7
28 51 5
28 36 4
28 83 -6
28 89 -5
28 33 2
28 90 3
28 87 6
28 29 8
28 73 5
28 68 3
28 31 2
28 37 6
28 61 1
28 35 5
28 41 -5
29 53 -4
29 72 -7
29 85 -5
29 68 4
29 37 -4
29 42 -6
29 100 -1
29 97 9
29 78 5
29 41 -7
29 61 7
29 69 -1
29 76 -7
29 52 -10
29 58 -6
29 45 -6
29 79 -5
29 62 3
29 54 -6
29 87 -1
29 46 8
29 47 8
29 63 6
29 66 5
29 82 -10
29 33 -9
29 75 -1
29 99 -2
29 94 0
29 32 -1
29 43 -7
29 57 -8
29 49 7
29 35 -6
30 35 0
30 34 -1
30 87 -7
30 55 -3
30 70 2
30 50 -10
30 68 2
30 36 2
30 52 -1
30 39 -9
30 67 -3
30 72 10
30 94 4
30 45 -5
30 48 3
30 89 -8
30 85 -6
30 58 4
30 53 7
30 54 -2
30 41 0
30 75 8
30 66 -8
30 73 5
30 51 7
30 93 -8
30 96 -2
30 37 9
30 79 -7
30 64 9
30 56 -5
30 99 8
30 86 5
30 46 -9
30 59 -1
30 63 4
30 44 -2
30 32 7
30 71 8
30 81 -8
30 74 3
30 88 -1
31 72 -8
31 47 -4
31 39 5
31 34 -10
31 74 -7
31 79 4
31 37 2
31 87 3
31 40 7
31 73 -2
31 82 -5
31 51 8
31 95 9
31 100 -9
31 78 5
31 96 -6
31 91 2
31 41 3
31 60 7
31 59 1
31 90 8
31 85 -8
31 71 9
31 86 -1
31 43 6
31 89 0
31 62 -10
31 58 -10
31 56 -10
32 69 6
32 40 7
32 66 10
32 49 5
32 90 6
32 38 8
32 52 -9
32 41 -2
32 85 -1
32 70 5
32 95 -9
32 84 6
32 36 -9
32 75 -6
32 79 -7
32 68 6
32 99 -8
32 61 -8
32 77 -3
32 94 8
32 71 9
32 56 1
32 60 8
32 44 7
32 45 6
32 97 1
32 76 -10
32 35 -6
32 86 -1
32 53 8
32 58 -3
32 47 1
32 78 -6
32 59 8
32 65 -2
32 72 -3
33 83 -2
33 35 10
33 80 -6
33 93 -8
33 92 5
33 96 10
33 75 -6
33 47 7
33 43 2
33 60 -4
33 72 -8
33 55 -2
33 57 8
33 84 -10
33 70 -6
33 73 -8
33 59 -4
33 77 -5
33 90 9
33 91 -5
33 94 -2
33 81 8
33 78 1
33 85 -7
33 53 10
33 79 9
33 50 5
33 49 10
33 74 -8
33 40 -5
33 46 0
34 83 7
34 90 -3
34 80 -5
34 98 1
34 60 7
34 58 -8
34 44 -4
34 38 2
34 81 7
34 45 0
34 96 1
34 75 1
34 100 -10
34 93 8
34 67 4
34 54 -10
34 61 4
34 85 0
34 99 -5
34 74 -7
34 86 -3
34 70 9
34 66 -9
34 63 3
34 35 -6
34 76 -2
34 48 -8
34 84 -3
34 77 -2
34 62 -8
34 59 -9
34 64 -2
34 88 -6
34 41 -7
34 36 -3
34 49 -4
35 86 8
35 39 4
35 61 -1
35 40 -4
35 60 6
35 55 0
35 62 -8
35 85 0
35 68 10
35 38 10
35 92 -3
35 64 5
35 56 -6
35 70 4
35 46 -6
35 44 8
35 43 -3
35 42 10
35 87 -7
35 58 1
35 80 0
35 82 -7
35 99 5
35 98 8
35 96 -10
35 73 6
35 90 3
35 83 7
35 37 -2
35 97 5
35 51 10
35 91 -3
35 77 0
35 48 7
35 52 1
35 54 -4
35 84 1
36 53 4
36 76 4
36 65 -5
36 98 5
36 99 5
36 46 2
36 51 0
36 39 8
36 100 -9
36 95 7
36 91 10
36 50 -6
36 59 1
36 84 -9
36 70 -10
36 66 -8
36 97 9
36 87 2
36 71 6
36 55 0
36 47 8
36 72 0
36 90 -2
36 96 10
36 44 4
36 61 0
36 62 -8
36 52 -4
37 80 -1
37 48 -7
37 39 7
37 47 1
37 50 -7
37 100 1
37 79 -1
37 94 -10
37 75 1
37 87 -3
37 46 -6
37 90 -7
37 91 -6
37 68 5
37 41 -6
37 58 -4
37 44 -1
37 38 -7
37 81 0
37 67 -1
37 59 -3
37 92 2
37 63 8
37 72 2
37 83 10
37 40 -4
37 78 -4
37 42 10
37 65 1
37 73 5
38 57 -7
38 78 7
38 63 7
38 80 -4
38 49 -10
38 89 2
38 94 3
38 67 -7
38 95 9
38 73 2
38 46 -6
38 43 6
38 84 -10
38 100 -4
38 42 5
38 83 6
38 48 5
38 81 -3
38 45 4
38 70 -8
38 90 -3
38 98 5
38 92 -5
38 76 3
38 75 2
38 44 9
38 68 8
38 88 -4
38 82 10
38 47 0
39 63 -4
39 46 7
39 50 -4
39 89 -9
39 53 8
39 95 -3
39 44 -6
39 100 -5
39 49 -5
39 67 8
39 43 -9
39 48 9
39 68 3
39 75 -8
39 51 -3
39 64 -5
39 69 9
39 65 -3
39 40 4
39 60 -3
39 73 4
39 58 -2
39 79 2
39 92 8
39 70 8
39 76 -7
39 80 8
39 72 -5
40 90 -6
40 68 -8
40 75 5
40 81 10
40 88 2
40 71 -1
40 95 -3
40 64 1
40 76 1
40 89 0
40 98 -6
40 61 -8
40 60 4
40 65 1
40 66 -10
40 45 3
40 59 5
40 94 9
40 93 0
40 82 6
40 85 8
40 50 -8
40 73 -9
40 72 2
40 99 -8
40 49 -10
40 44 10
40 54 4
40 62 4
40 53 2
40 100 -3
40 79 4
40 58 -3
41 88 3
41 62 -6
41 71 -4
41 56 -5
41 65 9
41 76 8
41 46 -1
41 87 3
41 91 0
41 57 0
41 47 -8
41 53 8
41 60 2
41 52 -3
41 96 -9
41 94 7
41 89 -1
41 69 -8
41 83 -3
41 51 5
41 59 -7
41 90 -5
41 42 2
41 75 4
41 44 3
41 67 -7
41 64 -9
41 45 5
42 62 -7
42 61 -9
42 52 -4
42 47 0
42 79 10
42 51 8
42 97 7
42 86 2
42 83 -8
42 77 -10
42 71 3
42 53 2
42 54 -5
42 95 8
42 48 3
42 63 -1
42 43 5
42 93 -10
42 84 5
42 80 -1
42 99 -6
42 85 9
42 57 3
42 55 5
42 73 -6
42 81 2
42 96 -5
42 67 -10
43 99 5
43 60 -7
43 100 -6
43 67 3
43 58 7
43 84 5
43 61 1
43 50 5
43 48 9
43 82 1
43 97 -4
43 65 -3
43 47 6
43 88 10
43 46 5
43 94 4
43 64 -1
43 87 2
43 53 8
43 68 6
43 44 -2
43 63 4
43 85 2
43 73 1
43 59 0
44 84 -7
44 66 -9
44 87 -4
44 52 -9
44 79 5
44 91 -6
44 60 8
44 45 2
44 92 4
44 65 4
44 70 -5
44 53 4
44 89 -8
44 57 -6
44 96 6
44 50 6
44 51 6
44 75 10
44 98 -2
44 68 10
44 80 9
45 77 -8
45 99 -8
45 61 4
45 78 9
45 90 4
45 82 10
45 52 -10
45 91 4
45 84 -2
45 58 -5
45 96 -9
45 57 -9
45 79 9
45 62 -6
45 49 -8
45 75 -4
45 65 2
45 63 0
45 55 10
45 50 -7
45 94 9
45 71 7
45 83 -4
45 97 -5
45 60 5
46 96 -6
46 81 -8
46 97 -5
46 61 -7
46 74 -2
46 87 0
46 78 -7
46 68 6
46 56 0
46 71 -6
46 95 -5
46 82 5
46 69 5
46 79 3
46 55 -5
46 51 -7
46 52 1
46 63 2
46 86 -7
46 47 1
46 90 10
46 92 4
46 99 2
46 77 10
46 75 -5
46 88 2
46 89 3
46 85 5
46 60 -8
46 66 -4
46 57 1
46 64 6
46 80 -8
46 84 -9
47 62 9
47 54 2
47 50 -1
47 97 -8
47 69 10
47 58 8
47 55 6
47 70 4
47 48 0
47 75 1
47 67 1
47 82 -5
47 71 4
47 56 -8
47 93 -1
47 90 -10
47 80 2
47 68 10
47 59 9
47 89 -5
47 84 -3
47 91 9
47 61 6
47 57 1
48 64 -7
48 50 2
48 66 -1
48 93 -5
48 89 -6
48 69 0
48 83 -2
48 79 -2
48 75 -1
48 63 4
48 59 4
48 97 -9
48 54 9
48 86 0
48 81 3
48 55 -5
48 62 -3
48 100 8
48 96 0
48 94 -10
48 85 0
48 84 -4
48 98 -1
48 72 7
48 99 -10
49 83 7
49 86 -9
49 92 9
49 81 4
49 58 -10
49 78 7
49 67 8
49 91 -4
49 61 -9
49 57 -9
49 99 -6
49 66 3
49 76 6
49 79 9
49 53 8
49 52 2
49 88 4
49 80 -6
49 51 1
49 82 -4
49 93 0
49 74 -5
49 59 6
49 54 3
49 77 4
49 69 7
49 87 8
49 98 -9
49 68 -3
50 92 -6
50 75 -6
50 71 4
50 84 1
50 63 4
50 80 -1
50 64 -5
50 93 -10
50 90 6
50 91 5
50 70 -9
50 99 10
50 97 -9
50 68 -7
50 66 7
50 85 -9
50 53 6
50 62 9
50 60 -1
50 52 -3
50 72 -1
50 54 0
50 94 10
50 61 -1
51 68 -3
51 59 -9
51 73 9
51 92 9
51 84 4
51 81 8
51 64 -3
51 58 -2
51 56 5
51 57 7
51 98 5
51 74 7
51 69 -8
51 65 0
51 86 -9
51 63 6
51 88 -6
51 83 7
51 75 8
51 95 7
51 85 -10
51 87 -3
51 91 -1
51 72 -3
51 94 -1
52 57 8
52 61 3
52 73 -10
52 66 4
52 92 2
52 77 -7
52 93 5
52 63 4
52 86 -1
52 82 -1
52 100 10
52 76 3
52 75 -5
52 87 7
52 72 -5
52 53 4
52 97 8
52 67 7
52 70 0
52 80 1
52 65 -9
52 91 -7
52 84 -10
52 56 -3
52 90 8
52 89 -7
52 62 9
52 85 -6
53 83 0
53 74 -4
53 88 2
53 77 1
53 75 -3
53 84 -8
53 82 7
53 91 7
53 57 -8
53 97 -6
53 64 3
53 86 -7
53 60 -4
53 63 -7
53 94 4
53 67 -4
53 56 7
53 58 0
53 98 -3
53 66 7
53 92 -3
53 55 0
54 83 10
54 81 -3
54 61 10
54 60 1
54 95 9
54 56 8
54 77 -4
54 79 -8
54 70 7
54 86 1
54 74 -6
54 93 2
54 67 9
54 75 3
54 92 -5
54 82 7
54 85 -2
54 96 -4
54 72 -5
54 76 -4
54 98 8
54 59 -10
54 80 3
55 61 -3
55 60 -9
55 100 -8
55 81 0
55 98 7
55 68 3
55 57 -10
55 95 -3
55 62 9
55 78 10
55 67 -7
55 88 10
55 64 -7
55 93 6
55 74 7
55 70 -6
55 97 -7
56 57 -3
56 86 10
56 67 2
56 77 10
56 100 7
56 81 8
56 73 -4
56 82 -7
56 61 8
56 60 2
56 97 -3
56 59 4
56 66 -1
56 69 -6
56 68 9
56 58 -6
56 72 -9
56 74 -9
56 79 -9
56 95 -10
56 62 -6
56 71 -1
56 76 -7
56 84 -8
56 65 -3
57 81 4
57 70 -5
57 74 -8
57 94 -8
57 87 -7
57 72 -2
57 61 2
57 77 1
57 84 -5
57 91 -5
57 73 6
57 96 -2
57 82 -7
57 86 4
57 99 8
57 92 -4
57 69 -10
57 59 2
57 78 9
57 60 4
57 64 8
57 95 10
57 65 5
57 79 -6
57 85 1
58 74 -3
58 72 9
58 71 3
58 94 -6
58 60 -1
58 64 7
58 69 8
58 70 -8
58 88 -9
58 83 -6
58 87 5
58 66 0
58 90 6
58 99 3
58 95 -6
58 91 -7
58 85 -8
58 81 3
58 65 -7
58 92 3
58 67 -6
58 86 -5
58 68 -2
59 66 -7
59 90 3
59 61 5
59 74 0
59 63 -2
59 69 -1
59 86 -4
59 99 -6
59 60 9
59 65 -4
59 77 9
59 76 -8
59 95 -9
59 85 -8
59 84 -3
59 70 0
59 75 -6
60 68 2
60 79 7
60 84 -9
60 87 -2
60 96 -10
60 98 7
60 80 6
60 62 9
60 74 0
60 99 2
60 65 -9
60 75 8
60 95 6
60 81 -7
60 91 2
60 64 -3
60 90 7
60 83 -6
60 97 -9
61 88 -3
61 89 2
61 97 -6
61 80 8
61 85 -9
61 65 -6
61 70 4
61 100 -6
61 91 -4
61 67 -4
61 94 6
61 90 5
61 83 7
61 95 0
61 96 -5
61 66 -1
61 92 5
61 98 3
61 74 8
61 84 -1
61 86 6
61 79 -4
62 80 10
62 77 5
62 72 -10
62 95 1
62 73 6
62 69 -8
62 74 -4
62 87 -8
62 68 -3
62 93 -7
62 99 7
62 70 -3
62 84 1
62 78 -1
62 89 -2
62 92 -5
62 79 -10
62 81 -6
63 82 0
63 76 5
63 66 3
63 71 7
63 75 8
63 99 -1
63 92 1
63 90 4
63 74 1
63 68 8
63 97 -1
63 81 7
63 85 -8
63 77 7
63 89 6
63 88 -10
63 80 -4
63 95 -8
63 73 10
63 78 6
64 69 -4
64 99 2
64 87 -7
64 98 -4
64 65 -2
64 90 -6
64 70 10
64 77 5
64 83 2
64 88 -3
64 89 7
64 100 1
64 71 4
64 93 10
64 79 -1
64 95 -2
64 74 -8
65 88 10
65 77 6
65 93 -8
65 71 1
65 69 6
65 96 -9
65 79 0
65 75 -3
65 81 -4
65 87 -7
65 84 10
65 100 -10
65 99 4
65 95 8
65 67 -6
65 91 -10
66 88 9
66 69 5
66 92 -6
66 91 10
66 98 9
66 67 -10
66 75 0
66 81 -4
66 99 -8
66 70 10
66 71 9
66 74 -10
66 73 -8
66 100 -7
66 94 9
66 79 8
66 78 -7
66 83 -8
66 80 8
66 84 -3
66 82 10
67 90 2
67 82 -6
67 99 -3
67 89 -8
67 78 0
67 71 10
67 94 -1
67 100 -6
67 72 0
67 79 5
67 81 -2
67 73 3
67 69 5
67 80 7
67 97 -10
67 91 -7
67 96 -2
67 88 -5
67 85 6
68 93 -1
68 81 8
68 79 0
68 86 -6
68 76 -4
68 73 4
68 78 -1
68 97 9
68 92 -7
68 94 3
68 74 -1
68 71 6
68 77 6
68 90 -5
68 88 8
68 99 -9
69 93 -6
69 99 9
69 75 8
69 78 -9
69 76 -2
69 71 -10
69 96 10
69 90 -4
69 79 -1
69 86 -3
69 89 -7
69 87 4
69 92 8
69 97 7
69 73 9
69 80 -2
70 80 -10
70 84 -1
70 78 4
70 87 9
70 83 -6
70 99 10
70 85 -7
70 92 10
70 74 1
70 75 -8
70 88 -2
70 79 10
70 72 8
70 89 -6
70 77 -5
70 95 -1
71 98 6
71 91 -2
71 75 -7
71 95 -3
71 85 -8
71 88 4
71 72 -8
71 89 3
71 87 -1
71 83 -3
71 74 4
71 97 7
72 94 -8
72 100 -6
72 79 10
72 77 -10
72 90 4
72 93 10
72 83 -7
72 95 -5
72 78 5
72 98 3
72 87 -5
72 89 -4
73 85 -9
73 89 1
73 84 8
73 77 9
73 75 -4
73 82 2
73 99 4
73 96 7
73 86 1
73 98 -7
73 94 1
73 76 0
74 75 4
74 93 -5
74 86 -9
74 84 -5
74 78 -9
74 85 2
74 90 5
74 95 1
74 88 3
74 82 -5
74 100 9
75 100 -10
75 76 -9
75 92 -5
75 97 -5
75 98 4
75 89 8
75 78 9
75 77 2
75 99 7
75 85 -3
75 83 -5
75 79 -4
75 88 -10
75 84 -5
76 89 8
76 90 2
76 84 -4
76 91 -3
76 79 2
76 96 -1
76 78 -8
76 92 10
77 92 3
77 82 -6
77 90 10
77 91 -7
77 99 -5
77 79 7
77 81 -4
77 86 -3
77 89 -3
77 93 10
78 96 10
78 89 -7
78 98 -10
78 95 -9
78 79 -6
78 84 -1
78 94 -5
78 100 -7
78 92 -7
78 86 -8
78 87 -6
78 81 -2
79 100 -10
79 99 -5
79 82 -1
79 90 7
79 85 5
79 97 9
80 95 9
80 82 1
80 89 1
80 81 -2
80 90 9
80 94 -3
80 92 -3
80 85 0
80 93 6
80 86 10
80 84 -2
80 96 -4
80 91 -8
81 99 9
81 94 -3
81 83 0
81 91 9
81 92 4
81 84 7
81 100 -6
81 95 -5
81 86 0
81 82 0
81 98 2
82 87 -9
82 92 -3
82 94 4
82 100 6
82 85 4
82 88 2
82 84 7
82 90 6
82 99 0
82 86 5
82 96 0
82 93 5
83 90 0
83 96 -10
83 88 -10
83 92 6
83 99 0
83 91 -3
83 93 1
83 98 6
83 86 -3
83 94 9
83 84 8
84 92 -10
84 91 0
84 88 8
84 85 -2
84 96 8
84 93 1
84 90 0
84 89 -3
84 99 0
84 98 -1
85 91 2
85 87 8
85 99 5
85 94 0
85 89 -4
85 98 -7
85 90 0
85 86 -7
86 99 -10
86 98 5
86 95 1
86 97 -5
86 96 7
86 91 0
87 98 -2
87 90 5
87 100 2
87 88 1
87 92 5
87 95 -10
87 97 -8
87 96 2
88 94 -5
88 97 -4
88 92 -2
88 93 -9
88 98 3
88 91 2
89 100 -9
89 98 -3
89 92 -2
89 93 7
89 99 0
90 98 4
90 93 2
90 99 6
90 92 3
91 97 -8
91 96 1
91 100 10
91 92 -5
91 99 4
91 93 1
92 93 2
92 97 0
93 99 -8
93 94 7
94 99 -9
94 97 -4
94 96 5
94 98 -7
95 98 -10
95 99 8
96 98 1
96 97 -8
97 99 9
97 98 -8
98 100 -9
98 99 9
99 100 3
