100 2475 
1 77 2
1 94 5
1 18 7
1 15 6
1 31 -8
1 59 5
1 34 -4
1 42 8
1 16 -2
1 24 7
1 38 -9
1 73 -7
1 78 0
1 84 6
1 96 3
1 97 -7
1 100 9
1 87 10
1 26 4
1 65 5
1 50 0
1 27 0
1 2 3
1 67 -1
1 80 -1
1 10 4
1 41 1
1 79 3
1 4 -5
1 28 -9
1 21 0
1 63 6
1 3 -9
1 95 -3
1 93 10
1 23 6
1 8 -7
1 20 -8
1 7 -5
1 72 -9
1 69 2
1 22 2
1 66 10
1 29 -5
1 36 -10
2 80 0
2 20 5
2 82 -3
2 90 -7
2 83 -7
2 93 1
2 91 8
2 39 -2
2 67 7
2 94 -5
2 27 -3
2 81 3
2 89 -8
2 63 1
2 7 4
2 5 10
2 77 10
2 87 4
2 49 -9
2 71 -6
2 12 8
2 46 -2
2 88 10
2 32 10
2 41 -5
2 38 0
2 22 -9
2 42 1
2 10 8
2 50 8
2 95 -3
2 92 1
2 56 -7
2 14 9
2 8 -3
2 73 -8
2 16 5
2 58 -5
2 34 -1
2 79 8
2 33 -3
2 24 -6
2 3 -3
2 84 3
2 66 -4
2 64 6
2 21 1
2 60 7
2 65 -2
2 18 6
2 55 8
2 19 1
2 52 9
3 70 8
3 8 -5
3 28 10
3 96 2
3 69 1
3 16 -6
3 85 2
3 53 7
3 24 -2
3 40 9
3 98 -6
3 65 5
3 73 6
3 15 -3
3 78 -3
3 100 -1
3 59 3
3 48 -5
3 60 8
3 31 7
3 88 -3
3 33 4
3 9 -8
3 19 -4
3 35 -2
3 45 -8
3 42 1
3 49 6
3 27 -2
3 13 10
3 47 -3
3 17 10
3 97 -9
3 91 7
3 61 -9
3 10 1
3 94 4
3 12 -2
3 71 6
3 36 -6
3 34 -9
3 56 5
3 95 -6
3 77 10
3 52 7
3 79 3
3 55 6
3 14 -6
3 57 4
3 26 10
3 86 7
4 11 5
4 68 4
4 34 4
4 61 3
4 50 9
4 9 -4
4 87 7
4 52 -8
4 64 0
4 26 4
4 8 7
4 39 -9
4 71 -7
4 23 -2
4 56 -7
4 36 -4
4 98 9
4 37 1
4 33 4
4 73 -1
4 75 -5
4 27 5
4 53 -2
4 72 3
4 14 8
4 89 -4
4 45 4
4 91 5
4 6 10
4 40 -8
4 84 1
4 51 -2
4 66 -4
4 63 -2
4 42 -10
4 82 -1
4 81 8
4 80 -1
4 62 3
5 20 1
5 55 8
5 29 9
5 12 6
5 6 -8
5 64 0
5 44 1
5 87 0
5 26 -4
5 61 0
5 9 -2
5 89 -1
5 97 2
5 83 -1
5 42 -8
5 85 -8
5 95 0
5 62 -8
5 93 2
5 41 -3
5 35 3
5 39 -6
5 48 -2
5 76 -1
5 82 -8
5 88 7
5 19 2
5 18 -8
5 10 -6
5 70 4
5 7 -6
5 30 4
5 80 2
5 74 -4
5 72 4
5 65 4
5 16 -10
5 43 6
5 8 -4
5 36 -5
5 96 9
5 40 2
5 13 4
6 78 -2
6 35 -3
6 74 -2
6 32 -9
6 61 8
6 71 0
6 91 0
6 20 -4
6 37 6
6 90 4
6 83 2
6 99 4
6 54 5
6 58 -1
6 62 -5
6 26 -10
6 43 6
6 79 -5
6 60 10
6 57 -6
6 86 -2
6 49 -9
6 77 7
6 8 -8
6 63 -1
6 41 5
6 30 5
6 82 0
6 65 3
6 22 9
6 46 9
6 69 5
6 39 4
6 24 -6
6 47 10
6 98 -9
6 81 7
6 88 1
6 27 4
6 21 6
6 59 -3
7 67 -5
7 37 2
7 94 -4
7 98 -6
7 20 -3
7 48 2
7 23 4
7 93 1
7 28 7
7 26 4
7 15 1
7 56 -5
7 79 1
7 64 -5
7 77 10
7 35 -2
7 25 10
7 12 7
7 41 -7
7 60 -5
7 31 -7
7 80 10
7 68 -1
7 61 8
7 38 2
7 85 0
7 10 -2
7 99 -2
7 22 10
7 27 -8
7 66 -8
7 55 2
7 30 -9
7 54 3
7 40 7
7 42 6
7 74 -7
7 33 1
7 29 -1
7 59 -9
7 69 1
7 50 -3
7 46 5
7 24 -3
7 13 -3
7 76 -3
7 82 -1
7 14 9
7 39 -10
7 83 -4
7 47 -3
7 18 -9
7 89 -2
7 16 -10
8 56 4
8 84 6
8 99 -10
8 19 -10
8 97 5
8 98 7
8 76 -7
8 68 0
8 69 -7
8 80 -4
8 81 -1
8 93 -10
8 44 7
8 54 10
8 52 -2
8 60 10
8 29 -7
8 58 -8
8 72 -10
8 75 4
8 31 -1
8 73 -9
8 53 2
8 47 -4
8 10 9
8 16 -2
8 96 -3
8 71 -4
8 21 2
8 61 3
8 66 1
8 45 -4
8 43 -2
8 17 1
8 25 -3
8 77 3
8 12 -1
8 79 2
8 40 8
8 67 -10
8 86 -5
8 90 8
8 62 7
9 43 2
9 32 9
9 47 -6
9 85 0
9 33 -7
9 90 -9
9 100 -4
9 80 -7
9 18 -8
9 30 9
9 54 -1
9 20 4
9 97 9
9 31 -6
9 86 3
9 75 0
9 26 -8
9 15 -9
9 92 9
9 77 -6
9 40 4
9 53 -9
9 36 -8
9 70 -8
9 78 -6
9 72 -1
9 48 9
9 50 -6
9 39 -8
9 61 4
9 58 -6
9 45 9
9 28 0
9 57 -5
9 82 -9
9 35 -4
9 21 -9
9 66 -8
9 10 8
9 60 3
9 76 5
9 41 6
9 44 -5
9 67 -4
9 25 2
9 13 -3
9 65 -1
9 42 9
9 88 5
9 12 1
9 93 0
10 41 8
10 44 -9
10 67 1
10 98 9
10 68 6
10 73 10
10 100 9
10 91 1
10 77 -8
10 34 10
10 60 -4
10 55 2
10 27 6
10 51 8
10 72 8
10 57 -2
10 78 -10
10 86 9
10 90 -4
10 82 -7
10 66 -8
10 20 -6
10 99 6
10 12 -9
10 23 9
10 94 -5
10 28 -7
10 62 -4
10 85 1
10 87 7
10 16 3
10 39 9
10 40 -8
10 70 -7
10 58 -2
10 65 -5
10 97 10
10 25 -3
10 53 3
10 63 -2
10 50 6
10 47 -10
10 83 -8
10 11 -1
11 75 -10
11 24 10
11 53 -5
11 66 -5
11 56 6
11 87 7
11 27 10
11 67 9
11 59 4
11 96 3
11 99 -4
11 76 -4
11 46 -8
11 71 1
11 62 7
11 40 4
11 90 3
11 69 -10
11 98 -1
11 84 -10
11 72 -2
11 95 -6
11 81 6
11 49 -4
11 15 5
11 74 9
11 48 -8
11 20 -9
11 45 7
11 58 1
11 92 -7
11 47 2
11 78 3
11 26 -3
11 41 -6
11 82 -9
11 21 8
11 100 -5
11 52 0
12 69 -7
12 39 10
12 16 -4
12 95 3
12 83 -5
12 24 6
12 70 6
12 68 -8
12 88 -7
12 75 10
12 21 -6
12 60 -2
12 36 1
12 18 -6
12 38 4
12 15 -10
12 31 3
12 64 4
12 37 -1
12 89 8
12 30 10
12 84 0
12 40 9
12 20 7
12 32 0
12 28 10
12 86 -3
12 25 -2
12 22 8
12 65 0
12 34 3
13 24 -7
13 52 7
13 33 -2
13 66 1
13 43 -10
13 46 -5
13 86 9
13 27 1
13 87 -1
13 76 0
13 59 -4
13 90 7
13 50 -2
13 26 9
13 74 -1
13 53 -1
13 80 0
13 96 -9
13 54 -3
13 36 -8
13 41 9
13 44 -5
13 47 0
13 20 -5
13 23 -6
13 84 -3
13 31 -7
13 89 -4
13 48 -5
13 34 3
13 77 3
13 30 -10
13 19 -4
13 93 8
13 69 -6
13 75 5
13 65 -7
13 38 -9
13 40 -7
14 49 7
14 87 -8
14 70 2
14 98 -8
14 85 -8
14 23 -5
14 74 3
14 59 8
14 48 -3
14 55 10
14 52 3
14 94 -5
14 17 -3
14 61 -8
14 26 -5
14 46 -7
14 47 -8
14 57 10
14 69 -8
14 96 -10
14 30 6
14 25 0
14 64 -7
14 65 1
14 19 -4
14 29 3
14 90 -6
14 21 -1
14 82 8
14 28 7
14 76 8
14 63 5
14 38 -7
14 15 0
14 77 10
14 40 9
14 100 1
14 68 -5
14 66 -9
14 62 -2
14 78 -2
15 51 -9
15 93 -10
15 21 10
15 49 -4
15 48 8
15 64 3
15 62 -6
15 19 4
15 95 7
15 38 2
15 17 -6
15 31 -6
15 32 3
15 65 5
15 80 5
15 43 -3
15 54 2
15 30 -2
15 97 -4
15 79 0
15 20 -10
15 24 -1
15 78 8
15 33 9
15 75 -2
15 63 -7
15 100 -1
15 87 10
15 85 6
15 22 -10
15 39 9
15 82 3
15 91 -9
15 40 5
15 76 3
15 52 10
15 92 1
15 28 1
15 57 -8
15 68 6
15 60 -10
15 45 5
15 83 7
15 16 6
15 71 5
15 23 1
15 44 6
15 72 -1
16 31 -8
16 74 -7
16 89 -6
16 49 -3
16 22 -3
16 44 4
16 34 10
16 52 3
16 18 6
16 90 10
16 84 2
16 79 -7
16 41 -10
16 61 2
16 91 -8
16 92 8
16 59 5
16 65 8
16 53 -8
16 98 5
16 100 -2
16 54 -4
16 60 -2
16 85 -7
16 51 8
16 27 6
16 96 -3
16 82 -10
16 57 5
16 62 5
16 58 -1
16 77 1
16 24 -3
16 88 -10
16 43 5
16 38 7
16 78 5
16 33 3
16 40 2
16 69 -9
16 17 8
16 64 -3
16 46 -6
16 66 9
16 80 -1
16 63 1
16 86 10
16 71 1
17 57 3
17 67 3
17 19 -5
17 100 -8
17 74 4
17 51 2
17 68 -8
17 40 -8
17 70 -10
17 33 0
17 97 -7
17 64 -7
17 94 5
17 36 8
17 92 -4
17 50 4
17 42 -7
17 72 -6
17 58 4
17 20 10
17 24 9
17 35 -7
17 95 2
17 27 9
17 49 -8
17 60 -9
17 63 7
17 22 1
17 26 10
17 53 -4
17 59 -3
17 23 -8
17 44 -5
17 83 7
17 48 -4
17 66 -4
17 52 -9
17 76 -8
17 96 -1
17 79 -6
17 34 7
17 73 0
17 56 0
17 29 -9
17 78 4
17 65 -9
17 80 -4
17 45 9
17 61 8
18 55 -9
18 44 -10
18 93 8
18 19 -1
18 52 -6
18 29 7
18 81 8
18 77 1
18 94 1
18 97 5
18 99 -10
18 25 -10
18 76 6
18 90 8
18 85 -5
18 46 2
18 54 -9
18 28 -1
18 49 -3
18 42 8
18 35 -9
18 69 0
18 43 7
18 37 8
18 95 -3
18 26 3
18 53 -8
18 88 -2
18 65 10
18 91 -7
18 98 -1
18 31 4
18 92 8
18 89 4
18 64 4
18 78 4
18 51 -1
19 89 -3
19 20 6
19 71 -10
19 69 -8
19 81 5
19 58 0
19 66 -10
19 52 -3
19 38 -4
19 62 -3
19 67 -1
19 42 -1
19 21 -1
19 56 9
19 92 6
19 43 5
19 34 6
19 73 4
19 27 -2
19 23 -9
19 37 10
19 96 -4
19 78 5
19 82 -10
19 39 6
19 29 0
19 79 7
19 36 -6
19 30 -1
19 60 -6
19 64 -4
19 94 10
19 24 -4
19 76 3
20 60 2
20 53 5
20 41 8
20 33 3
20 35 2
20 54 -1
20 63 -9
20 76 2
20 36 -1
20 21 1
20 45 -7
20 46 2
20 66 3
20 100 -6
20 52 5
20 77 3
20 94 -1
20 32 7
20 82 4
20 69 7
20 73 0
20 85 -10
20 29 -9
20 27 -9
20 91 2
20 89 5
20 57 0
20 78 -3
20 75 0
20 95 -9
20 38 8
21 66 -2
21 80 -10
21 85 -6
21 45 -9
21 94 7
21 67 -3
21 69 10
21 95 7
21 88 -7
21 41 -1
21 60 8
21 23 -10
21 78 8
21 82 10
21 81 -3
21 65 7
21 25 -9
21 51 3
21 44 -6
21 54 3
21 84 2
21 30 4
21 92 1
21 79 -6
21 71 9
21 74 -1
21 27 4
21 24 2
21 55 10
21 22 4
21 75 5
21 73 6
21 56 -7
21 37 -4
21 61 5
21 64 -3
21 52 7
21 32 -6
21 96 -2
21 39 9
21 59 1
21 48 -8
21 91 -5
21 62 4
21 89 7
21 40 -4
22 54 8
22 91 -1
22 52 6
22 82 -2
22 83 -4
22 46 -7
22 86 3
22 79 8
22 50 -3
22 73 7
22 78 -4
22 95 -3
22 23 -1
22 45 -3
22 65 9
22 29 -10
22 30 -3
22 80 7
22 24 -10
22 48 7
22 84 -1
22 35 -5
22 77 6
22 40 5
22 39 -4
22 59 3
22 99 7
22 74 -7
22 66 -2
22 89 -1
22 26 5
22 56 -9
22 98 -9
22 85 10
23 59 -5
23 90 -10
23 27 -10
23 54 -10
23 77 -3
23 99 2
23 83 6
23 88 -4
23 91 3
23 67 8
23 69 10
23 93 2
23 60 7
23 55 7
23 37 -5
23 85 7
23 52 -8
23 30 -7
23 36 -5
23 61 -7
23 50 -9
23 45 0
23 38 -5
23 98 10
23 58 -4
23 89 6
23 81 2
23 57 -9
23 34 -3
23 84 -7
23 71 -10
23 96 10
23 24 4
24 40 10
24 46 -2
24 25 -5
24 70 -2
24 32 4
24 57 4
24 53 5
24 65 -8
24 52 -6
24 38 -1
24 95 4
24 42 -3
24 84 -2
24 36 -6
24 69 7
24 61 -3
24 83 -10
24 74 -5
24 59 -6
24 98 7
24 99 -4
24 91 7
24 67 -8
24 88 3
24 51 8
24 55 2
24 63 -7
24 45 -2
24 85 7
24 90 0
24 75 8
24 44 7
24 77 2
24 73 6
24 62 -10
24 80 -10
24 79 6
24 33 3
24 34 8
24 43 7
25 76 0
25 81 -4
25 46 1
25 54 -3
25 89 8
25 34 -5
25 70 -7
25 49 -2
25 28 -5
25 94 -1
25 29 -4
25 66 -6
25 27 -9
25 63 7
25 99 6
25 83 -9
25 98 0
25 61 9
25 68 9
25 40 9
25 32 0
25 55 -6
25 93 -3
25 44 -3
25 47 8
25 100 8
25 96 1
25 67 -7
25 59 0
25 37 7
25 69 -2
25 79 7
25 31 9
25 82 -4
25 87 8
25 90 -4
25 56 1
25 75 -6
25 64 -7
25 97 8
25 57 -1
25 72 2
26 64 0
26 84 0
26 96 6
26 76 5
26 47 3
26 65 4
26 80 9
26 85 0
26 33 9
26 53 6
26 77 -4
26 44 -1
26 100 -9
26 95 -4
26 37 -3
26 48 9
26 27 10
26 68 -10
26 69 -4
26 63 9
26 54 0
26 89 -10
26 91 -5
26 90 2
26 49 -10
26 46 -3
26 52 7
26 29 -5
26 39 -4
26 71 9
26 93 8
26 36 1
26 38 -6
26 92 -8
26 35 -1
26 32 1
26 31 8
26 62 -6
26 74 10
26 86 3
26 50 -2
26 45 8
26 78 -9
27 77 1
27 43 7
27 47 -5
27 60 -8
27 66 1
27 33 8
27 35 10
27 81 4
27 51 0
27 58 6
27 52 0
27 79 8
27 80 6
27 86 4
27 78 -5
27 53 3
27 48 -4
27 93 -8
27 90 3
27 42 -1
27 97 -6
27 41 1
27 89 2
27 46 1
27 75 8
27 94 -10
27 85 6
27 74 -4
27 44 -3
27 49 -1
27 34 4
27 30 3
27 67 6
27 73 -8
27 38 10
27 69 7
27 64 5
27 88 7
28 99 3
28 52 -8
28 47 -1
28 98 2
28 36 -4
28 35 -7
28 41 5
28 32 -3
28 29 7
28 87 9
28 63 -6
28 80 -2
28 33 2
28 90 5
28 93 3
28 85 2
28 66 5
28 75 8
28 74 2
28 97 5
28 71 -1
28 70 -4
28 57 -1
28 72 2
28 55 4
28 61 1
28 86 9
28 91 1
28 88 2
28 30 9
28 65 7
28 44 -4
28 59 -10
28 76 3
28 48 -10
29 86 -6
29 32 -9
29 51 -7
29 96 -3
29 61 -2
29 41 9
29 81 6
29 75 -5
29 80 3
29 65 4
29 92 -5
29 42 -1
29 91 0
29 89 -8
29 83 10
29 99 10
29 84 10
29 77 -4
29 87 10
29 44 8
29 39 10
29 52 5
29 67 4
29 79 -6
29 71 1
29 43 -2
29 74 -7
29 62 -6
29 64 -6
29 36 5
29 94 -6
29 70 6
29 76 -5
29 55 3
29 66 -6
30 96 -8
30 36 -6
30 68 -4
30 99 9
30 69 -4
30 97 -5
30 95 9
30 44 5
30 87 -2
30 34 -3
30 47 -7
30 59 2
30 43 -8
30 73 2
30 48 0
30 71 1
30 75 9
30 42 7
30 35 6
30 83 -3
30 81 -5
30 32 4
30 91 9
30 86 -1
30 58 -6
30 90 7
30 33 2
30 78 6
30 60 -1
30 52 -4
30 94 -2
30 40 7
30 92 -6
30 46 -3
30 100 -2
30 64 -3
31 85 1
31 51 -10
31 90 1
31 98 -2
31 94 -2
31 57 -6
31 96 8
31 87 4
31 86 10
31 47 0
31 76 -3
31 52 -10
31 45 -4
31 50 -6
31 65 -6
31 79 2
31 35 -6
31 99 0
31 69 8
31 92 5
31 91 -2
31 41 2
31 81 2
31 77 2
31 34 3
31 42 10
31 33 1
31 89 8
31 73 -4
31 39 6
31 70 1
31 88 9
31 36 0
31 80 2
31 48 3
31 44 8
32 41 6
32 44 -2
32 53 6
32 36 10
32 73 2
32 51 -8
32 93 -1
32 77 3
32 42 -2
32 89 5
32 55 -1
32 39 7
32 50 3
32 57 -9
32 37 -4
32 95 3
32 33 -7
32 85 0
32 81 -9
32 61 -4
32 62 -8
32 75 9
32 67 -10
32 70 -7
32 91 -9
32 96 -2
32 90 4
32 74 -2
32 56 -8
32 48 7
32 97 -8
32 52 2
33 53 -1
33 70 10
33 94 -3
33 36 3
33 73 4
33 93 -1
33 62 3
33 63 2
33 69 -9
33 74 5
33 43 -10
33 51 2
33 97 -10
33 87 -5
33 91 1
33 42 5
33 66 8
33 34 -7
33 57 -5
33 65 -3
33 38 -6
33 56 0
33 59 -10
33 60 0
33 80 3
33 75 -10
33 37 -9
34 49 -9
34 51 9
34 47 -6
34 41 9
34 48 -3
34 79 1
34 95 10
34 100 4
34 63 -7
34 57 -9
34 53 -4
34 73 -3
34 93 2
34 94 -10
34 96 0
34 36 4
34 38 -5
34 76 -2
34 70 -7
34 55 10
34 61 -2
34 91 8
34 59 6
34 40 9
34 69 1
34 99 -4
34 62 -5
34 44 7
34 81 -7
34 90 -6
34 54 0
34 84 -7
34 66 2
34 65 -8
34 60 -10
34 50 -4
35 36 5
35 86 -6
35 88 -1
35 64 -8
35 46 8
35 75 -9
35 49 -5
35 37 -6
35 100 2
35 44 2
35 99 -7
35 72 -6
35 57 -9
35 95 6
35 52 6
35 42 8
35 89 7
35 54 0
35 73 0
35 60 7
35 45 -8
35 80 8
35 77 2
35 78 7
35 82 -3
35 43 1
35 93 2
35 59 2
35 65 -7
35 70 -4
36 49 -2
36 42 1
36 68 -4
36 40 2
36 79 -6
36 61 -5
36 77 -5
36 86 5
36 67 -5
36 69 3
36 93 7
36 37 3
36 39 2
36 62 -3
36 78 9
36 70 -3
36 53 -1
36 64 1
36 51 -4
36 56 -1
36 57 -8
36 38 4
36 97 9
36 85 -8
36 90 -9
36 82 -6
36 76 3
36 47 -5
36 73 -6
36 74 6
36 45 -2
36 96 -6
36 80 -2
36 71 -2
37 74 -1
37 92 -9
37 42 5
37 72 6
37 91 -2
37 71 3
37 52 7
37 69 2
37 65 -8
37 40 -10
37 98 -1
37 88 10
37 59 -4
37 66 -10
37 47 -8
37 75 3
37 54 2
37 81 -4
37 85 9
37 97 -6
37 78 4
37 61 -9
37 48 9
37 79 -6
37 99 -7
37 63 -8
38 93 0
38 82 -4
38 44 0
38 96 -7
38 79 -7
38 97 -5
38 84 0
38 45 0
38 98 -2
38 87 -7
38 61 4
38 71 2
38 73 7
38 53 7
38 78 -9
38 95 -2
38 63 4
38 83 -9
38 54 3
38 88 -3
38 67 -2
38 58 -8
38 40 9
38 80 -10
38 42 -3
38 85 -3
38 81 -2
38 60 6
38 47 7
38 50 1
38 94 -7
38 62 -8
38 59 8
39 63 -8
39 61 8
39 46 -9
39 99 6
39 76 4
39 43 -5
39 71 7
39 40 -6
39 82 -5
39 69 -5
39 80 8
39 70 7
39 94 1
39 91 -3
39 98 -4
39 81 -1
39 50 -9
39 100 7
39 47 5
39 79 2
39 49 -10
39 85 -10
39 77 5
39 55 -10
39 96 -4
39 62 8
39 86 6
39 45 9
39 72 -1
40 43 8
40 65 3
40 84 8
40 56 -7
40 89 8
40 71 -5
40 83 7
40 98 -9
40 60 10
40 55 5
40 76 8
40 99 3
40 86 -3
40 74 5
40 91 -2
40 93 7
40 78 -3
40 85 3
40 49 6
40 81 -9
40 64 -1
40 68 -1
40 53 -1
40 66 -7
40 96 5
40 79 -4
40 63 -6
40 52 6
40 59 -8
40 46 -2
40 69 -2
40 87 0
41 86 -9
41 62 1
41 97 10
41 82 1
41 68 0
41 87 6
41 73 7
41 98 -6
41 91 6
41 63 7
41 51 4
41 69 -1
41 49 -3
41 47 0
41 99 -8
41 76 -10
41 93 -2
41 55 4
41 75 -10
41 43 -6
41 50 -9
41 64 -2
41 65 -2
41 77 6
41 92 8
41 70 6
41 61 -4
41 94 7
41 90 0
42 60 -7
42 48 7
42 58 -5
42 43 1
42 91 3
42 69 0
42 70 0
42 93 7
42 77 -10
42 71 9
42 78 4
42 88 2
42 45 -9
42 95 3
42 68 7
42 84 -3
42 76 -7
42 97 0
42 64 8
42 90 -4
42 89 -5
42 52 -10
42 87 0
42 53 -1
42 56 -5
42 100 -1
42 50 -2
42 46 8
42 57 -3
42 73 5
42 94 0
42 55 9
42 65 0
42 49 -10
43 96 4
43 55 -7
43 68 5
43 62 -1
43 50 3
43 61 -6
43 77 -2
43 44 6
43 86 8
43 71 -10
43 49 10
43 80 6
43 47 5
43 58 -9
43 75 -5
43 69 -7
43 63 4
43 73 4
43 87 3
43 95 7
43 94 -8
43 59 8
43 79 -3
43 45 -6
43 67 -8
43 83 6
43 60 10
43 48 -10
43 89 3
43 99 3
44 99 7
44 61 -3
44 91 8
44 83 2
44 78 7
44 79 -8
44 82 -7
44 88 4
44 60 -2
44 53 2
44 46 -3
44 62 9
44 90 -9
44 75 -8
44 94 -1
44 87 0
44 81 -9
44 70 -8
44 72 -1
44 76 5
45 56 -2
45 79 7
45 51 -4
45 73 0
45 57 -6
45 62 -1
45 87 5
45 95 0
45 88 9
45 82 7
45 48 -6
45 86 0
45 54 -8
45 84 -2
45 74 10
45 55 -1
45 77 10
45 47 -2
45 92 -10
45 98 6
45 53 -2
45 81 -2
45 52 -1
45 66 5
45 58 -3
45 59 6
45 85 3
45 97 -10
45 76 9
45 67 -3
45 94 -1
46 59 -3
46 78 3
46 52 0
46 67 -8
46 83 1
46 97 7
46 98 10
46 84 -9
46 92 5
46 77 7
46 79 0
46 50 -10
46 49 3
46 66 -9
46 74 10
46 81 -4
46 47 -6
46 87 6
46 60 -8
46 61 -8
46 82 -3
46 72 -9
46 54 9
46 53 -9
46 57 -7
46 94 0
46 62 -7
46 88 1
46 65 -2
47 63 3
47 62 -10
47 68 3
47 55 -8
47 79 -4
47 90 4
47 80 6
47 83 8
47 73 1
47 96 0
47 50 5
47 56 10
47 52 -3
47 76 -1
47 61 0
47 95 7
47 57 -9
47 66 3
47 48 4
47 60 -3
47 58 -3
47 85 -5
47 51 10
47 69 7
47 54 9
47 71 7
48 56 10
48 93 9
48 98 2
48 69 -2
48 52 -10
48 89 -8
48 88 5
48 50 -5
48 78 -9
48 53 -10
48 95 9
48 67 6
48 60 2
48 55 -2
48 86 3
48 75 -2
48 51 -9
48 76 -10
48 54 6
48 74 -5
48 82 0
48 57 10
48 92 4
48 99 0
48 63 2
48 49 -5
49 76 9
49 67 7
49 87 1
49 60 5
49 96 -5
49 69 7
49 73 4
49 56 7
49 93 4
49 64 -5
49 52 -7
49 74 4
49 99 -1
49 53 -10
49 79 -7
49 80 8
49 84 -1
49 59 8
49 62 8
49 58 -8
49 72 -3
49 92 2
49 65 2
49 94 -3
50 60 -5
50 76 5
50 56 8
50 61 -10
50 100 6
50 86 7
50 85 -1
50 90 4
50 93 7
50 98 -2
50 79 7
50 70 10
50 73 4
50 57 2
50 75 6
50 94 3
50 68 1
50 62 3
50 58 1
50 96 -1
50 74 -1
50 99 7
50 55 -9
51 68 -8
51 81 10
51 79 -10
51 97 -2
51 59 5
51 69 10
51 87 -10
51 77 4
51 72 -10
51 57 2
51 74 3
51 73 -2
51 99 8
51 80 2
51 92 0
51 85 -5
51 91 -4
51 89 -3
51 88 -9
51 54 10
51 65 -6
51 60 10
51 100 -5
51 66 10
51 98 4
51 56 -4
51 76 0
51 90 2
51 75 -9
52 64 3
52 79 4
52 60 2
52 90 -10
52 88 -3
52 65 9
52 98 -3
52 80 -2
52 73 -5
52 81 -6
52 99 7
52 78 4
52 61 -4
52 86 -7
52 62 1
52 69 -1
52 71 5
52 58 -6
52 95 -7
52 82 4
52 74 -4
52 53 -1
52 55 9
52 97 -9
52 72 -1
53 56 5
53 85 10
53 89 -4
53 81 -9
53 91 -5
53 63 -8
53 58 -7
53 54 -2
53 93 -8
53 80 10
53 72 -5
53 77 -8
53 79 4
53 75 -1
53 97 -3
53 87 10
53 98 4
53 60 0
53 66 10
53 78 -3
53 88 -8
53 90 3
53 70 -2
53 73 0
54 93 -3
54 83 -7
54 89 6
54 88 -9
54 94 -5
54 69 3
54 86 7
54 64 3
54 92 2
54 75 -9
54 70 -3
54 60 1
54 63 5
54 74 1
54 82 -3
54 61 3
54 68 7
54 91 7
54 66 2
54 87 -8
54 80 0
54 81 -7
54 67 -4
54 57 -3
54 76 -3
54 95 -8
54 79 -6
54 78 8
54 97 5
55 80 -2
55 71 -7
55 81 1
55 72 -2
55 84 7
55 65 -1
55 78 7
55 94 1
55 92 6
55 60 0
55 87 0
55 86 -8
55 58 10
55 57 7
55 98 -7
55 56 -9
55 62 -2
55 79 1
55 74 8
55 90 9
55 67 4
55 68 -6
55 73 4
55 96 -6
56 90 6
56 60 -4
56 79 -6
56 95 2
56 65 0
56 100 5
56 78 -1
56 85 2
56 68 0
56 61 -10
56 98 5
56 81 8
56 63 -2
56 96 -2
56 82 3
56 91 -2
56 88 10
56 57 1
56 86 8
56 73 9
56 99 -1
56 75 -7
56 64 -5
56 74 -5
57 73 7
57 59 -4
57 92 -7
57 97 -10
57 62 -10
57 88 4
57 63 4
57 70 9
57 67 -6
57 80 4
57 100 9
57 98 -1
57 94 2
57 84 -8
57 85 -3
57 90 -1
57 66 -8
57 83 -5
57 82 10
57 81 -10
57 58 -5
57 89 10
57 74 -3
57 99 9
57 75 0
57 69 -7
58 80 -6
58 63 -8
58 75 -6
58 100 -6
58 64 -7
58 99 2
58 86 -9
58 94 10
58 97 2
58 74 -2
58 61 8
58 79 5
58 77 -4
58 76 -3
58 88 0
58 95 -3
58 83 -7
58 82 -9
58 84 2
58 96 -6
59 81 5
59 78 2
59 72 -9
59 97 5
59 92 -2
59 91 6
59 90 -9
59 73 -6
59 60 9
59 94 -3
59 95 -8
59 87 8
59 82 -3
59 79 8
59 69 5
59 65 6
59 89 -7
59 85 -1
59 83 8
59 71 -3
59 76 -9
60 82 -2
60 88 -9
60 64 10
60 69 -6
60 83 -4
60 92 7
60 66 -5
60 78 1
60 72 6
60 87 -8
60 67 -9
60 85 -1
60 63 2
60 96 -4
60 77 -2
60 71 6
60 91 -7
60 86 -9
60 79 9
60 84 6
61 93 6
61 76 7
61 66 2
61 89 0
61 91 -4
61 73 -7
61 63 0
61 62 -5
61 83 7
61 100 -1
61 79 7
61 80 0
61 94 2
61 98 8
61 68 -2
61 74 0
61 67 9
61 88 -5
61 64 -7
61 65 3
61 99 10
61 71 -1
61 92 6
62 97 8
62 90 -1
62 66 10
62 89 -3
62 100 6
62 70 8
62 82 6
62 91 7
62 96 6
62 76 -10
62 99 -8
62 86 -1
62 65 7
62 79 2
62 74 5
62 72 0
62 67 -1
62 83 5
62 87 0
62 85 -3
62 84 -5
63 86 -6
63 87 8
63 69 -5
63 94 0
63 64 4
63 79 -10
63 78 -10
63 97 -8
63 72 8
63 93 -8
63 84 -1
63 67 6
63 92 10
63 75 -3
63 65 3
63 77 2
63 74 0
63 66 -3
63 81 7
63 89 10
63 85 -8
63 88 6
64 67 -6
64 79 3
64 74 -10
64 76 -6
64 71 -4
64 66 -6
64 65 -6
64 92 -4
64 93 -1
64 80 -7
64 85 -2
64 69 -2
64 87 10
64 77 -10
64 70 -8
64 100 10
64 97 1
64 94 -1
64 81 -1
64 84 -5
65 84 -1
65 96 9
65 69 -6
65 100 2
65 88 -8
65 75 8
65 66 -6
65 93 -1
65 83 -2
65 89 5
65 79 -7
65 86 8
65 68 -6
65 78 7
66 91 -9
66 84 -2
66 72 -10
66 87 1
66 81 8
66 68 0
66 100 -5
66 98 1
66 88 -3
66 78 4
66 93 -3
66 94 -8
66 85 -10
66 97 8
66 83 7
66 90 5
67 69 3
67 70 -9
67 86 -9
67 87 -8
67 98 -1
67 75 0
67 92 -9
67 72 -2
67 89 7
67 95 8
67 68 0
67 94 9
67 99 9
67 90 -1
67 100 1
67 85 7
67 80 4
67 96 5
67 91 4
67 78 1
68 100 9
68 90 -1
68 95 -2
68 92 0
68 96 1
68 94 -8
68 78 9
68 86 -7
68 74 -3
68 97 5
68 88 2
68 76 5
68 93 7
68 82 -5
68 84 7
68 81 -4
68 85 0
68 99 -10
68 87 3
68 75 4
69 89 7
69 99 -5
69 78 -3
69 74 2
69 73 -9
69 85 -6
69 84 -7
69 70 10
69 94 5
69 71 -1
69 82 -8
69 100 -9
69 75 -3
70 96 -2
70 95 -2
70 80 0
70 98 3
70 78 -5
70 72 9
70 94 8
70 100 0
70 77 -6
70 88 -4
70 73 0
70 85 2
70 76 8
70 89 -3
70 93 -6
70 90 -7
70 86 0
70 82 5
71 78 -6
71 73 1
71 75 -5
71 84 8
71 91 -4
71 72 4
71 99 -9
71 80 -6
71 100 -1
71 94 -1
71 98 -3
71 76 9
71 79 -3
72 75 5
72 80 4
72 73 6
72 99 -4
72 85 7
72 74 -9
72 83 4
72 82 5
72 95 -2
72 98 -7
72 84 -8
72 78 0
72 91 -4
72 94 -1
72 77 6
73 94 5
73 76 6
73 79 -1
73 81 -2
73 91 -8
73 98 6
73 96 2
73 86 -5
73 83 -10
73 80 -8
73 84 9
73 88 10
74 79 3
74 98 -1
74 75 8
74 87 3
74 81 6
74 83 5
74 89 2
74 100 4
74 85 -1
74 80 -9
74 90 -9
74 93 3
74 77 7
74 88 -7
75 92 -8
75 83 -5
75 85 -3
75 76 -7
75 95 -2
75 87 5
75 80 -2
75 99 -1
75 77 9
75 86 8
75 82 9
75 81 3
76 85 10
76 94 -10
76 93 4
76 80 10
76 96 -5
76 86 -8
76 98 7
76 91 -8
76 88 -2
76 84 4
76 89 -3
76 82 -3
77 92 5
77 91 10
77 97 -6
77 89 -6
77 98 2
77 87 2
77 100 -2
77 94 5
77 80 -4
78 100 4
78 85 1
78 90 7
78 94 -9
78 95 -1
78 97 -9
78 98 7
78 96 3
78 88 -6
78 93 -8
79 81 10
79 87 -2
79 83 -9
79 94 -9
79 80 7
79 92 -2
79 85 3
79 95 -8
80 82 -7
80 97 -3
80 86 6
80 100 0
80 95 6
80 92 -6
80 89 -9
80 84 -10
81 88 -3
81 84 10
81 92 -5
81 83 7
81 82 10
81 96 1
81 87 1
81 93 -8
81 100 5
81 89 10
81 90 -9
82 96 -9
82 91 0
82 87 7
82 100 -5
82 92 -6
82 88 9
82 94 -4
82 85 -7
82 86 6
82 83 -1
82 89 -7
82 93 -4
82 90 -5
83 98 -9
83 92 6
83 86 -5
83 97 3
83 90 -9
83 85 -3
83 96 -2
83 99 1
84 90 -3
84 87 -9
84 100 5
84 89 9
84 98 8
84 99 -4
84 97 2
84 88 -10
85 95 0
85 100 0
85 91 -6
85 98 2
85 99 -2
85 96 9
85 94 -10
86 96 4
86 91 0
86 99 6
86 94 7
86 97 9
86 95 5
87 100 2
87 93 7
87 95 3
87 90 8
87 92 -2
87 89 8
87 99 -8
87 97 -5
87 88 -7
88 92 -10
88 89 -5
88 98 -7
88 90 -9
88 100 -10
88 93 -7
89 95 -9
89 97 6
89 98 9
89 100 0
89 99 8
89 92 -10
90 94 4
90 98 10
90 92 0
90 93 0
91 95 -6
91 94 7
91 93 -8
91 92 8
91 96 10
92 95 10
92 100 -2
92 93 0
92 99 -6
92 97 0
92 96 9
92 98 -10
92 94 -9
93 97 -3
93 98 8
93 94 0
93 99 -2
94 99 1
94 96 -1
95 96 -5
95 98 -6
96 99 2
96 97 4
97 99 7
98 100 6
