100 2475 
1 73 7
1 87 2
1 47 -6
1 82 -5
1 40 -7
1 80 9
1 38 8
1 100 -6
1 78 4
1 92 4
1 36 7
1 81 10
1 15 -5
1 95 -5
1 8 -10
1 21 0
1 49 2
1 86 -7
1 7 -9
1 42 5
1 18 4
1 27 -4
1 29 -4
1 64 3
1 71 -10
1 59 9
1 74 4
1 28 1
1 88 5
1 31 -3
1 9 6
1 85 -3
1 46 0
1 33 -7
1 11 -8
1 65 -9
1 98 -7
1 2 3
1 76 10
1 56 -4
1 25 -5
1 48 5
1 67 -4
1 17 -2
2 54 6
2 97 9
2 37 -1
2 67 -9
2 23 -1
2 30 -2
2 92 0
2 16 -8
2 85 -6
2 50 -3
2 49 7
2 91 -6
2 79 -8
2 74 -4
2 21 -5
2 33 -1
2 36 3
2 35 10
2 90 4
2 84 6
2 87 3
2 77 -9
2 86 -9
2 94 -10
2 41 0
2 38 -7
2 78 8
2 39 -8
2 8 -5
2 44 5
2 55 2
2 60 -7
2 48 -4
2 66 -3
2 68 -7
2 26 5
2 73 0
2 51 9
2 32 -8
2 22 7
2 56 -4
2 17 9
2 27 1
2 89 9
2 40 -9
2 61 8
2 52 -10
2 9 -5
3 70 6
3 84 8
3 15 3
3 11 2
3 68 -10
3 48 -3
3 37 -5
3 31 3
3 35 -10
3 19 -9
3 45 0
3 5 -4
3 17 -1
3 86 8
3 23 -1
3 89 -10
3 74 -9
3 42 -7
3 16 3
3 8 -3
3 43 2
3 7 -1
3 83 -3
3 57 -7
3 75 8
3 72 -3
3 25 10
3 22 6
3 90 -3
3 41 0
3 73 -2
3 46 4
3 58 10
3 34 -8
3 18 -9
3 26 -4
3 63 -1
3 65 -3
3 88 -10
3 61 -3
3 51 -5
3 52 4
3 87 4
3 71 6
3 93 5
3 4 7
3 49 -8
3 28 2
4 24 -6
4 81 -1
4 12 9
4 77 8
4 45 5
4 97 2
4 19 5
4 99 7
4 17 -6
4 87 8
4 67 -9
4 71 -9
4 6 -2
4 90 -5
4 85 -7
4 46 10
4 39 -6
4 13 0
4 79 -7
4 10 7
4 82 -4
4 70 -2
4 21 5
4 47 7
4 88 9
4 35 9
4 14 10
4 66 7
4 92 -10
4 89 5
4 100 -7
4 40 5
4 68 1
4 74 -4
4 69 0
4 55 -9
4 36 -5
4 29 7
4 42 3
4 58 -8
4 73 -8
4 7 8
4 49 4
4 93 3
4 20 0
4 37 1
4 60 -3
4 78 -7
4 43 -5
4 61 7
5 57 0
5 62 6
5 68 -1
5 40 5
5 97 -10
5 39 -7
5 100 7
5 81 4
5 64 -4
5 29 -4
5 46 -3
5 66 2
5 95 -9
5 53 8
5 52 -10
5 11 -4
5 82 5
5 94 9
5 60 10
5 63 2
5 36 -10
5 25 -6
5 38 -1
5 67 10
5 99 -2
5 14 10
5 92 -2
5 86 0
5 61 2
5 88 -3
5 19 -2
5 44 -5
5 70 3
5 83 1
5 42 -9
5 8 4
5 65 0
5 17 1
5 93 2
5 73 -10
5 41 6
5 31 3
5 85 -2
5 96 -2
5 50 6
5 13 0
5 22 -9
5 24 -8
5 69 10
5 78 -5
6 31 2
6 75 -1
6 18 -9
6 89 4
6 69 1
6 45 5
6 88 -4
6 28 2
6 50 4
6 13 0
6 36 -3
6 65 -10
6 55 7
6 47 2
6 10 -2
6 51 3
6 98 -1
6 94 -3
6 48 -1
6 92 5
6 29 7
6 21 4
6 80 6
6 37 -5
6 7 10
6 25 -10
6 86 -8
6 85 4
6 97 -4
6 70 8
6 95 2
6 84 10
6 81 -7
6 100 1
6 24 -4
6 74 -5
6 72 1
6 23 4
6 14 -1
6 11 -6
6 39 4
6 54 2
6 59 -10
6 17 -8
6 9 -9
6 35 9
7 70 -9
7 49 5
7 45 1
7 17 10
7 25 -3
7 89 -3
7 75 -6
7 42 7
7 33 0
7 41 -10
7 71 -6
7 37 -1
7 10 -9
7 94 -5
7 50 5
7 79 10
7 36 -8
7 19 10
7 54 -8
7 18 -10
7 81 3
7 46 2
7 100 -9
7 22 8
7 14 4
7 47 6
7 74 8
7 99 9
7 82 -7
7 11 7
7 27 9
7 64 -7
7 86 8
7 20 4
7 73 -5
7 96 5
7 39 3
7 60 -4
7 51 -10
7 77 -3
7 56 0
7 92 5
7 8 0
8 33 5
8 48 -6
8 60 -10
8 35 4
8 53 7
8 96 8
8 43 5
8 46 8
8 98 1
8 29 -7
8 58 4
8 68 0
8 79 2
8 11 1
8 57 -7
8 61 -9
8 97 -4
8 50 0
8 56 -6
8 20 5
8 21 -3
8 71 8
8 45 7
8 13 -9
8 25 4
8 64 -7
8 52 3
8 23 -8
8 62 5
8 73 -1
8 91 10
8 10 5
8 51 0
8 69 -9
8 63 -2
8 75 1
8 86 0
8 28 -6
8 27 -2
8 85 9
8 17 -9
8 80 8
8 41 -10
9 31 -6
9 48 -5
9 88 -5
9 96 -2
9 90 -2
9 100 -2
9 82 -6
9 42 -6
9 18 10
9 50 0
9 52 3
9 80 -7
9 54 -9
9 64 -9
9 70 10
9 20 -4
9 40 5
9 74 -5
9 34 10
9 94 6
9 25 -3
9 71 -8
9 76 10
9 61 6
9 19 10
9 14 -7
9 26 1
9 12 4
9 93 -4
9 43 -4
9 16 4
9 86 -8
9 92 3
9 66 6
9 22 0
9 99 8
9 33 6
9 37 -7
9 59 -9
9 17 0
9 65 -8
10 33 3
10 16 8
10 35 -8
10 22 -4
10 34 -9
10 86 7
10 90 7
10 28 5
10 11 0
10 19 3
10 95 0
10 84 -10
10 63 -6
10 98 3
10 27 3
10 44 5
10 47 -8
10 91 -1
10 66 -6
10 79 -10
10 69 -10
10 71 2
10 40 5
10 12 5
10 56 7
10 29 -8
10 61 -10
10 54 -5
10 88 -2
10 57 -10
10 92 2
10 49 8
10 85 -3
10 46 5
10 83 -8
10 51 -10
10 52 -1
10 81 6
10 14 0
10 93 3
10 42 4
10 37 1
10 97 -2
11 97 -9
11 86 7
11 18 -1
11 29 -9
11 96 -6
11 60 5
11 82 -9
11 47 -9
11 71 9
11 26 2
11 20 -2
11 43 -5
11 93 -2
11 30 3
11 89 -7
11 27 -3
11 24 -8
11 69 3
11 79 -8
11 83 2
11 80 3
11 64 8
11 37 -7
11 85 9
11 72 -3
11 87 8
11 61 6
11 73 2
11 57 4
11 15 6
11 66 9
11 74 5
11 75 -3
11 31 0
11 40 -8
11 51 10
11 68 -3
11 12 -3
11 77 3
11 92 10
11 44 10
11 48 4
11 62 -6
12 69 -8
12 46 -10
12 76 4
12 87 -10
12 29 -2
12 83 7
12 99 -5
12 75 6
12 58 -1
12 20 3
12 82 -2
12 34 0
12 92 -7
12 88 5
12 74 -7
12 66 -6
12 89 -4
12 13 0
12 94 1
12 63 -2
12 32 -2
12 62 1
12 39 -3
12 80 0
12 19 6
12 95 -3
12 44 -7
12 35 -8
12 18 5
12 84 5
12 85 1
12 50 5
12 61 -4
12 90 -7
12 38 -7
12 57 9
12 16 9
12 91 -6
12 21 -2
12 49 10
12 30 -10
12 71 -3
12 72 1
12 93 4
12 56 1
12 43 -7
12 100 -9
12 97 6
12 54 3
12 78 -2
12 98 6
13 93 0
13 67 -1
13 36 -2
13 39 -4
13 59 0
13 60 3
13 100 -9
13 28 8
13 42 1
13 57 6
13 33 7
13 56 -7
13 22 -7
13 46 -9
13 83 -5
13 71 10
13 69 10
13 48 4
13 91 1
13 95 2
13 45 9
13 32 1
13 77 0
13 90 8
13 89 0
13 96 1
13 40 -2
13 16 9
13 23 3
13 17 0
13 88 3
13 84 -5
13 31 8
13 25 -9
13 34 -1
13 51 3
13 26 -4
13 86 2
13 80 -5
13 38 3
13 94 -6
14 68 -9
14 27 3
14 66 3
14 82 -2
14 100 10
14 70 -9
14 58 3
14 23 9
14 30 -10
14 64 10
14 24 2
14 56 -5
14 74 8
14 75 2
14 46 -5
14 25 -2
14 67 -2
14 29 -9
14 43 2
14 97 3
14 53 -4
14 78 -8
14 34 -10
14 79 -8
14 62 4
14 47 -8
14 77 0
14 21 1
14 69 8
14 49 6
14 88 1
14 42 1
14 41 -9
14 61 -8
14 55 0
14 99 5
14 44 -4
14 89 -4
14 59 -5
14 76 -9
14 18 -10
14 31 -5
14 33 -10
14 93 -10
14 98 8
14 84 6
14 71 1
14 91 6
14 45 -7
14 22 -7
15 57 6
15 32 1
15 59 -2
15 82 -6
15 55 1
15 100 -5
15 43 0
15 26 0
15 58 -1
15 92 7
15 19 -6
15 98 4
15 89 -5
15 39 2
15 41 0
15 81 6
15 61 5
15 66 0
15 52 1
15 28 9
15 38 6
15 76 8
15 44 -8
15 35 4
15 29 9
15 49 -8
15 36 2
15 75 8
15 56 5
15 45 2
15 93 1
15 22 -1
15 17 -4
15 60 0
15 64 2
15 25 -6
15 77 10
15 51 4
15 24 -8
15 33 4
15 62 6
15 88 6
15 90 -7
15 18 -1
15 46 3
16 29 3
16 36 -9
16 44 -10
16 76 7
16 18 -4
16 30 1
16 96 -5
16 63 -2
16 68 -6
16 20 2
16 45 -7
16 32 -3
16 91 -2
16 90 -6
16 48 -1
16 23 2
16 27 0
16 28 -8
16 70 9
16 24 -9
16 71 1
16 39 -7
16 51 7
16 31 1
16 37 -2
16 56 -4
16 93 -8
16 26 -4
16 99 1
16 80 -3
16 50 -8
16 42 5
16 22 4
16 85 -8
16 97 3
17 65 -3
17 43 10
17 72 -2
17 91 -4
17 41 2
17 55 3
17 69 -8
17 73 -7
17 39 6
17 100 -7
17 84 0
17 70 10
17 58 3
17 33 -3
17 38 -9
17 74 -6
17 97 7
17 29 -8
17 85 2
17 64 6
17 46 -5
17 25 -1
17 94 4
17 63 -4
17 32 6
17 92 5
17 99 0
17 30 1
17 21 -8
17 77 -10
17 23 -3
17 87 -5
17 96 7
17 80 -1
17 54 5
17 52 -10
17 79 -9
17 76 6
17 78 3
17 51 2
17 83 -9
17 53 -9
18 80 10
18 29 10
18 77 -2
18 48 3
18 74 -3
18 61 1
18 47 -10
18 83 6
18 41 4
18 89 1
18 38 7
18 96 2
18 22 10
18 44 -10
18 67 2
18 92 -10
18 95 -2
18 72 -9
18 94 5
18 86 -2
18 33 -7
18 57 9
18 97 -6
18 56 10
18 99 1
18 46 -6
18 21 6
18 37 2
18 78 0
18 53 -10
18 71 1
18 59 4
18 24 -1
18 63 -6
18 60 8
18 28 1
18 55 4
18 49 -3
18 85 -2
18 39 0
18 40 9
18 88 1
19 34 9
19 41 7
19 66 -10
19 92 8
19 74 -9
19 55 1
19 50 1
19 63 1
19 60 4
19 39 2
19 29 7
19 45 9
19 80 4
19 100 -10
19 35 -3
19 33 -9
19 51 2
19 81 -7
19 91 5
19 76 -4
19 77 4
19 72 0
19 93 7
19 88 10
19 79 7
19 62 -8
19 32 4
19 38 10
19 46 -6
19 20 -8
19 37 -3
19 82 -2
19 75 1
19 86 -7
19 87 3
19 26 -7
19 54 7
19 52 -9
19 71 -4
19 49 -2
19 56 -7
19 24 2
19 64 -4
20 57 7
20 50 -6
20 35 -4
20 26 7
20 27 8
20 88 8
20 34 10
20 54 -3
20 21 5
20 73 7
20 33 -2
20 39 7
20 75 -3
20 84 8
20 79 -8
20 22 -2
20 76 -7
20 93 -7
20 96 2
20 53 9
20 97 -2
20 61 -1
20 89 -10
20 60 7
20 43 5
20 44 2
20 37 -5
20 67 -2
20 92 -8
20 45 6
20 87 7
20 36 0
20 95 -8
20 71 -5
20 30 -8
20 70 -7
20 23 -3
20 78 6
20 28 3
20 98 9
20 51 8
20 25 1
20 94 2
20 65 8
20 81 8
21 58 5
21 51 -6
21 30 -6
21 62 6
21 53 7
21 35 8
21 57 1
21 94 8
21 24 -6
21 38 3
21 100 7
21 68 4
21 36 -3
21 65 7
21 47 9
21 40 2
21 44 -1
21 93 -7
21 78 -9
21 76 -1
21 80 4
21 95 8
21 49 3
21 37 6
21 87 -1
21 74 -1
21 45 10
21 75 -7
21 59 -5
21 61 1
21 22 8
21 42 -2
22 89 -2
22 50 6
22 75 -10
22 48 1
22 56 10
22 28 -8
22 53 10
22 99 -4
22 88 1
22 59 9
22 97 -7
22 85 -8
22 39 8
22 37 -1
22 95 8
22 29 -3
22 24 -9
22 54 8
22 66 4
22 98 10
22 83 8
22 68 0
22 79 8
22 69 9
22 72 2
22 74 -6
22 81 -7
22 87 -7
22 38 -8
22 35 1
22 70 -6
22 57 9
22 63 -7
22 23 4
22 32 10
23 35 -7
23 75 -5
23 56 5
23 48 0
23 39 1
23 76 4
23 91 -9
23 86 -4
23 27 2
23 89 5
23 87 -2
23 65 -8
23 81 9
23 62 3
23 99 -8
23 100 5
23 42 6
23 37 6
23 68 -8
23 46 4
23 98 -4
23 41 2
23 29 -5
23 61 7
23 82 -6
23 33 2
23 25 -6
23 92 -6
23 93 -10
23 52 1
23 54 10
23 60 -9
23 90 6
23 72 5
23 64 6
23 83 4
24 84 -4
24 92 10
24 89 0
24 87 -5
24 37 0
24 43 -9
24 55 -8
24 90 -7
24 83 9
24 36 6
24 63 -2
24 91 -5
24 35 7
24 42 -4
24 61 1
24 48 -4
24 51 6
24 65 0
24 88 -4
24 58 -9
24 79 -6
24 74 5
24 39 -6
24 27 4
24 98 6
24 66 9
24 80 -6
24 54 5
24 52 -2
24 49 1
24 59 6
24 93 8
24 60 6
24 26 -1
24 99 6
24 29 9
24 85 -4
24 95 -5
24 70 6
24 67 5
24 72 -2
24 32 -6
25 40 4
25 45 -6
25 83 -7
25 96 -8
25 29 -4
25 46 8
25 75 10
25 82 -8
25 95 -4
25 85 1
25 55 4
25 87 2
25 69 -8
25 76 -9
25 35 -10
25 33 -3
25 57 -4
25 88 9
25 42 -4
25 91 9
25 74 0
25 72 -8
25 80 7
25 44 8
25 100 7
25 41 4
25 77 -9
25 47 7
25 60 0
25 67 -7
25 39 2
25 66 8
26 35 6
26 97 -3
26 83 -7
26 68 -6
26 69 2
26 71 -5
26 88 -9
26 45 -5
26 30 -9
26 39 4
26 80 6
26 62 -6
26 87 4
26 67 7
26 74 -9
26 55 1
26 46 -1
26 81 -5
26 94 -5
26 65 5
26 60 9
26 98 5
26 100 9
26 57 -1
26 40 -2
26 89 8
26 99 4
26 37 -8
26 47 -6
26 44 -1
26 31 8
26 84 -5
26 75 -10
26 53 -2
26 96 -10
27 72 2
27 68 8
27 55 10
27 83 -2
27 79 6
27 33 9
27 82 -8
27 94 7
27 99 10
27 96 -4
27 89 -8
27 31 3
27 66 -4
27 28 3
27 73 7
27 71 4
27 49 4
27 69 -5
27 37 3
27 58 -5
27 88 -9
27 51 1
27 86 -2
27 63 2
27 93 1
27 78 -4
27 90 -9
27 29 10
27 65 3
27 50 -8
27 64 -4
27 39 -8
27 80 3
27 46 9
27 34 7
28 81 -5
28 82 3
28 69 -9
28 65 -3
28 68 -5
28 51 7
28 52 9
28 47 -9
28 78 5
28 29 7
28 70 7
28 67 8
28 33 3
28 91 -9
28 61 -5
28 98 -9
28 55 -2
28 34 2
28 58 -4
28 76 -2
28 31 10
28 54 9
28 80 8
28 90 4
28 100 -7
28 86 -6
28 84 7
28 72 -4
28 49 -6
28 93 -3
28 36 4
28 40 -7
28 45 0
28 50 6
28 57 -4
28 62 -2
28 43 -7
28 32 -3
28 66 -6
29 64 7
29 83 10
29 30 1
29 37 -6
29 62 5
29 92 5
29 45 10
29 99 -6
29 97 5
29 46 3
29 63 5
29 84 -4
29 50 3
29 81 6
29 52 10
29 72 -1
29 39 2
29 42 7
29 35 10
29 91 1
29 66 -4
29 75 3
29 44 9
29 73 -1
29 58 1
29 47 -6
29 95 -8
29 51 -4
29 87 10
30 54 9
30 89 -3
30 39 -4
30 44 10
30 83 10
30 74 -10
30 80 0
30 35 5
30 65 -4
30 52 3
30 62 -3
30 50 -8
30 79 4
30 43 9
30 32 3
30 60 -3
30 95 -5
30 99 7
30 37 7
30 92 8
30 85 3
30 64 -9
30 69 -4
30 66 10
30 58 -8
30 46 -10
30 76 8
30 48 1
30 38 3
30 36 -4
30 86 9
31 77 -5
31 46 5
31 63 -5
31 65 -1
31 47 -7
31 88 1
31 51 -10
31 52 4
31 64 10
31 69 -6
31 74 8
31 66 -1
31 50 5
31 83 -7
31 73 -3
31 71 -8
31 54 -4
31 43 -3
31 93 -4
31 61 -9
31 33 1
31 84 9
31 98 9
31 34 7
31 36 2
31 49 9
31 35 3
31 59 -3
31 40 -6
31 80 -3
31 90 1
31 55 10
31 91 9
31 100 4
31 79 6
31 57 7
31 45 -7
31 95 0
31 42 4
31 39 4
32 53 4
32 91 -4
32 57 0
32 63 9
32 93 -4
32 65 -3
32 45 1
32 75 9
32 87 4
32 47 -1
32 86 4
32 85 3
32 55 6
32 51 6
32 99 -9
32 96 6
32 77 0
32 49 -9
32 92 2
32 94 -4
32 41 3
32 56 1
32 74 -9
32 83 4
32 52 2
32 61 3
32 38 -1
32 89 -9
32 67 -3
32 42 5
32 40 8
33 47 -9
33 72 1
33 89 2
33 34 -6
33 97 9
33 84 10
33 36 3
33 74 10
33 75 0
33 82 4
33 91 -3
33 40 -1
33 51 10
33 66 4
33 88 3
33 79 -8
33 38 -1
33 53 -5
33 93 3
33 45 5
33 94 8
33 86 0
33 73 4
33 68 9
33 65 6
33 87 -1
33 58 8
33 80 -10
33 77 -1
33 60 -2
33 99 -1
33 44 1
33 50 -3
33 85 -3
33 98 -2
33 56 -10
33 42 -5
33 90 4
34 91 -10
34 79 10
34 61 2
34 74 -1
34 66 -5
34 96 -6
34 97 -2
34 82 -10
34 39 -8
34 49 8
34 63 -10
34 83 8
34 72 3
34 59 -10
34 52 10
34 60 -9
34 54 -6
34 64 0
34 58 -3
34 69 -6
34 43 -2
34 47 5
34 40 3
34 57 -8
34 100 -9
34 84 9
34 51 2
34 85 -1
34 98 5
35 98 10
35 87 6
35 88 -7
35 52 5
35 82 1
35 91 -7
35 75 5
35 97 0
35 73 -7
35 44 -8
35 54 4
35 81 0
35 95 -8
35 92 -8
35 96 10
35 47 8
35 100 10
35 42 -10
35 63 -5
35 43 9
35 84 -1
35 72 -8
35 55 9
35 59 5
35 90 -10
35 78 -10
35 39 0
35 49 -2
35 71 9
35 85 -6
35 53 9
35 46 -5
36 90 5
36 43 0
36 65 -8
36 60 1
36 78 6
36 100 -3
36 98 -10
36 96 -7
36 61 0
36 99 -2
36 41 -4
36 51 5
36 39 9
36 76 -3
36 59 0
36 80 -4
36 84 -5
36 71 6
36 57 3
36 74 2
36 42 8
36 58 -7
36 92 -3
36 38 -6
36 46 -4
36 54 0
36 49 0
37 86 -6
37 77 0
37 64 3
37 93 -6
37 89 -6
37 79 6
37 43 -2
37 44 0
37 80 2
37 68 2
37 54 -1
37 65 6
37 52 2
37 98 -4
37 57 -3
37 42 -4
37 53 3
37 71 5
37 76 -2
37 59 -2
37 49 8
37 46 0
37 97 6
37 84 -5
37 99 -1
37 45 6
37 56 -6
38 66 -2
38 39 -9
38 87 -3
38 92 -2
38 68 -10
38 79 3
38 81 3
38 59 3
38 98 -8
38 41 0
38 57 7
38 58 9
38 47 3
38 65 9
38 88 -2
38 82 3
38 54 -3
38 83 -5
38 85 1
38 53 5
38 63 -7
38 67 -8
38 75 5
38 40 7
38 46 -2
38 44 -8
38 76 -7
38 77 8
38 95 5
38 86 6
39 64 8
39 66 -10
39 58 1
39 72 9
39 60 0
39 76 2
39 78 -3
39 73 2
39 59 -10
39 71 8
39 80 8
39 65 8
39 95 9
39 81 -7
39 84 -4
39 47 8
39 99 -1
39 92 3
39 100 9
39 88 -4
39 62 -3
39 43 5
39 93 2
39 97 5
39 52 8
39 40 -6
39 61 6
39 87 10
39 69 9
39 85 9
39 96 -5
39 48 -8
39 45 -1
40 77 9
40 51 5
40 62 1
40 84 1
40 53 -7
40 87 -3
40 61 10
40 97 10
40 68 8
40 99 -9
40 48 -4
40 75 1
40 59 3
40 67 -2
40 74 -4
40 78 -6
40 44 6
40 71 -4
40 73 -6
40 52 0
40 55 -5
40 82 6
40 76 7
40 45 -8
41 76 10
41 93 -8
41 44 -1
41 88 -2
41 98 10
41 90 -3
41 67 2
41 70 0
41 64 -9
41 42 7
41 60 -9
41 68 -3
41 46 -1
41 86 7
41 53 -1
41 51 3
41 57 5
41 100 9
41 95 10
41 50 0
41 79 0
41 65 -10
41 71 -7
41 97 9
41 84 4
41 61 7
41 94 -7
41 55 -4
41 43 0
41 72 -5
41 66 1
41 56 0
41 74 9
41 99 -9
41 54 10
42 99 9
42 69 8
42 79 -9
42 61 -8
42 90 -10
42 91 -6
42 51 -2
42 47 -2
42 95 -3
42 87 -9
42 73 0
42 89 3
42 67 1
42 53 5
42 78 -2
42 80 9
42 75 -7
42 49 -9
42 98 8
42 84 10
42 43 0
42 54 0
42 63 6
42 82 -1
42 93 -5
42 92 7
42 86 -7
42 58 8
43 100 -7
43 55 -6
43 58 2
43 71 -2
43 86 9
43 63 -3
43 56 9
43 78 4
43 93 -5
43 77 2
43 68 9
43 90 2
43 82 -6
43 74 7
43 51 10
43 50 -5
43 80 0
43 48 5
43 53 4
43 81 -9
43 99 5
43 85 1
43 47 -1
43 88 3
43 73 9
43 96 5
43 84 2
43 92 -9
43 62 3
43 54 2
43 59 3
43 67 -9
44 92 0
44 76 -3
44 95 -7
44 64 9
44 93 -5
44 55 -1
44 98 8
44 100 2
44 96 -10
44 69 -5
44 99 -1
44 89 -10
44 68 5
44 65 1
44 87 -5
44 88 7
44 82 -7
44 80 -10
44 56 1
44 61 2
44 97 -7
44 74 4
44 71 7
44 94 5
45 72 -5
45 56 -3
45 95 2
45 100 -8
45 97 9
45 60 -7
45 90 6
45 51 10
45 53 5
45 78 -7
45 63 2
45 65 -7
45 71 -3
45 62 -3
45 74 5
45 59 6
45 69 -1
45 85 6
45 92 9
45 52 6
45 91 6
45 80 2
45 83 -7
45 88 1
45 89 10
45 96 -5
45 46 7
45 93 7
45 58 1
46 72 6
46 78 9
46 81 -2
46 69 8
46 95 6
46 82 -8
46 47 -6
46 71 -3
46 80 -2
46 67 6
46 62 7
46 52 -2
46 94 8
46 99 -8
46 91 7
46 85 -9
46 56 -6
46 65 10
46 59 10
46 54 4
46 88 3
46 98 1
46 93 -10
46 64 -3
46 74 -2
46 66 -3
46 73 -2
46 75 3
46 77 -3
46 89 -1
46 53 -9
47 50 -8
47 75 2
47 55 9
47 96 -6
47 59 10
47 81 2
47 93 -10
47 72 -10
47 100 0
47 48 -7
47 51 8
47 74 -6
47 78 -1
47 65 9
47 52 -9
47 56 -5
47 58 -3
47 71 -1
47 91 0
47 88 10
47 83 5
47 77 -3
47 99 6
47 97 8
47 64 -9
47 57 -6
48 51 -7
48 50 3
48 93 -4
48 54 -10
48 85 6
48 84 -10
48 81 4
48 66 3
48 53 1
48 79 0
48 60 8
48 59 -2
48 52 -7
48 87 10
48 97 5
48 63 9
48 73 -7
48 89 -8
48 86 7
48 67 -4
48 56 9
48 76 -6
48 96 9
48 68 7
48 91 -8
48 72 1
48 77 1
48 99 2
48 62 1
48 80 -1
48 88 5
49 78 -7
49 99 -4
49 100 9
49 67 -10
49 75 7
49 96 4
49 55 -6
49 56 0
49 80 -9
49 95 7
49 66 2
49 81 9
49 58 -3
49 52 -6
49 73 -7
49 54 0
49 92 1
49 72 -2
49 68 -6
49 93 7
49 65 8
49 84 1
49 76 6
49 70 10
49 74 6
49 98 -10
49 82 -9
49 59 4
49 90 2
49 87 -1
50 77 -8
50 65 -5
50 53 5
50 91 -6
50 99 -9
50 56 -5
50 76 -2
50 52 -1
50 96 10
50 85 -2
50 74 7
50 75 -2
50 59 -4
50 90 -8
50 88 4
50 84 6
50 89 -3
50 73 1
50 68 7
50 70 -7
50 72 -10
50 92 3
50 79 -6
50 93 2
50 94 2
50 98 0
50 81 9
50 55 -2
50 82 9
50 54 -7
50 80 6
50 58 1
51 70 8
51 93 3
51 92 -3
51 71 5
51 97 3
51 82 -4
51 57 -3
51 87 1
51 62 2
51 65 -2
51 95 -4
51 83 -2
51 88 1
51 100 10
51 90 -1
51 86 8
51 53 -7
51 74 6
51 55 0
51 79 1
51 76 -8
52 92 -9
52 80 -2
52 53 -5
52 94 5
52 73 -7
52 93 -1
52 58 3
52 83 6
52 87 -7
52 75 -10
52 55 -5
52 71 0
52 76 4
52 86 3
52 66 -10
52 74 -6
52 85 6
52 99 -6
52 72 -7
52 62 8
52 78 9
52 81 -9
52 97 2
53 68 -5
53 74 3
53 56 -7
53 73 10
53 86 1
53 100 2
53 67 8
53 55 1
53 87 2
53 84 -3
53 93 1
53 76 5
53 91 -10
53 57 -5
53 77 6
53 63 -2
53 72 9
53 61 9
53 75 4
53 96 -4
53 82 4
53 88 -10
53 70 -6
53 65 1
53 92 -2
53 60 4
53 98 1
53 58 5
53 66 10
54 86 -3
54 62 3
54 93 0
54 71 9
54 99 3
54 84 -7
54 58 -3
54 85 8
54 96 5
54 95 -3
54 79 -7
54 78 -8
54 68 5
54 72 -5
54 89 3
54 92 6
54 66 -2
54 70 -2
54 57 -1
54 65 6
54 98 8
54 69 -3
55 99 8
55 81 1
55 61 8
55 91 -5
55 84 3
55 76 -5
55 90 6
55 98 -6
55 73 -2
55 67 -4
55 93 5
55 92 -4
55 95 3
55 71 -9
55 94 -4
55 100 -10
55 56 8
55 58 9
55 88 -5
55 87 5
55 59 8
55 72 -10
55 79 -1
55 74 9
55 77 -8
55 64 -2
55 69 -4
56 70 -3
56 83 5
56 85 0
56 76 -2
56 62 8
56 79 -7
56 78 -2
56 90 -7
56 80 -5
56 97 -2
56 82 -10
56 65 10
56 100 2
56 71 -6
56 91 9
56 98 6
57 99 -1
57 77 4
57 96 0
57 66 4
57 79 3
57 83 2
57 95 0
57 76 7
57 90 6
57 98 0
57 87 4
57 60 -9
57 92 1
57 59 3
57 89 8
57 78 -3
57 65 2
57 81 1
57 67 5
57 74 -6
57 69 8
57 86 6
57 73 7
57 62 2
57 97 7
58 65 1
58 87 -5
58 67 4
58 66 -8
58 70 -4
58 84 -10
58 100 2
58 77 6
58 63 -2
58 74 -6
58 71 -4
58 78 -3
58 59 -10
58 69 -10
58 99 9
58 83 -9
58 61 5
58 73 -7
58 60 -10
58 79 3
58 88 3
58 80 -10
59 62 5
59 68 9
59 69 -2
59 80 -3
59 76 7
59 98 -6
59 75 6
59 84 -3
59 96 -8
59 100 -7
59 97 -6
59 87 2
59 86 5
59 63 -6
59 85 -3
59 74 6
59 77 4
59 94 2
59 73 -9
60 93 -2
60 67 6
60 61 -8
60 100 6
60 69 -8
60 89 -10
60 74 2
60 95 3
60 86 5
60 77 8
60 62 -8
60 91 -5
60 82 1
60 66 -1
60 72 1
60 75 -4
60 65 -8
61 70 9
61 64 -2
61 69 -5
61 90 -7
61 99 -8
61 88 9
61 78 3
61 67 6
61 92 8
61 91 1
61 86 -6
61 83 -5
61 72 4
61 89 -9
61 82 -8
61 63 2
61 68 -8
61 100 6
61 94 4
61 76 -7
61 97 -3
61 75 0
61 85 1
62 77 -9
62 66 -8
62 72 -6
62 81 -9
62 63 0
62 87 -10
62 65 -5
62 76 -6
62 96 9
62 82 2
62 70 1
62 80 3
62 93 3
62 84 8
62 91 -10
62 78 -3
62 100 -8
62 79 9
62 88 -3
62 90 -1
62 64 9
62 69 2
62 74 9
62 83 9
63 99 8
63 94 -8
63 78 4
63 70 -2
63 67 3
63 81 -5
63 73 -9
63 88 -2
63 82 7
63 98 5
63 100 9
63 84 -7
63 87 -9
63 71 5
63 68 -7
63 89 -7
63 93 4
63 92 -6
64 78 1
64 82 4
64 75 -6
64 87 -10
64 89 7
64 86 7
64 99 -10
64 100 -10
64 98 4
64 71 -5
64 80 6
64 66 -9
64 92 -1
64 73 -4
64 72 8
64 97 6
64 77 -8
64 81 -6
64 79 -5
64 67 5
65 69 8
65 95 -6
65 93 -9
65 76 4
65 100 -9
65 90 2
65 66 -2
65 67 -9
65 71 -8
65 70 9
65 87 -7
65 96 -1
65 82 -2
65 80 2
65 85 2
65 74 -1
65 68 -8
65 97 6
66 78 -3
66 84 -1
66 95 -9
66 75 -2
66 99 8
66 73 1
66 67 -1
66 72 7
66 93 1
66 85 8
66 91 4
66 80 -7
66 76 2
66 83 10
66 69 -5
66 88 -6
66 97 6
66 94 9
66 74 -9
66 92 -3
67 91 -10
67 72 0
67 98 7
67 70 -8
67 73 6
67 71 -5
67 75 -3
67 74 -7
67 93 -8
67 85 -7
67 94 0
67 68 8
67 99 -6
67 83 7
67 97 2
67 87 -1
67 88 3
67 78 5
67 96 -5
67 80 -4
68 96 7
68 78 0
68 90 4
68 70 3
68 74 10
68 69 10
68 81 6
68 77 -9
68 92 2
68 76 9
68 97 3
68 95 3
68 94 -9
69 100 -4
69 83 7
69 72 -10
69 90 4
69 80 -4
69 74 3
69 81 7
69 78 -6
69 82 -5
69 84 10
69 94 8
69 99 8
69 73 2
69 79 -10
69 86 8
69 92 -6
69 93 -7
70 92 -5
70 79 -6
70 87 10
70 73 0
70 99 -9
70 81 10
70 96 0
70 83 9
70 100 10
70 85 -3
70 90 8
70 94 6
70 74 3
70 78 4
71 84 -8
71 88 2
71 75 5
71 86 0
71 97 6
71 76 -8
71 96 5
71 93 4
71 85 10
71 91 -7
71 82 3
71 80 6
71 74 2
71 78 -6
71 73 -2
71 92 0
71 94 -9
72 80 9
72 86 4
72 99 -6
72 96 -8
72 93 -6
72 89 3
72 78 -1
72 83 -7
72 100 9
72 75 -5
72 82 5
72 91 -7
73 97 0
73 88 5
73 82 -9
73 77 6
73 85 -8
73 93 4
73 83 -9
73 89 -10
73 80 2
73 99 -5
73 78 0
73 96 -10
73 94 10
73 79 -2
74 79 0
74 81 9
74 94 1
74 100 -8
74 77 3
74 93 -7
74 85 -10
74 99 8
74 75 10
74 76 -5
74 78 1
74 84 7
74 96 -6
74 95 -8
74 82 -5
74 83 3
74 80 2
75 94 -7
75 89 4
75 83 3
75 81 6
75 78 6
75 84 -1
75 93 -2
75 85 4
75 86 -3
75 80 7
75 88 10
75 96 -4
75 100 2
76 79 10
76 100 -4
76 93 0
76 98 -7
76 95 -8
76 81 10
76 87 9
76 97 2
76 91 2
76 90 10
76 86 -6
76 92 10
76 83 -7
76 78 -9
77 100 -6
77 95 0
77 78 -6
77 80 -2
77 79 9
77 96 8
77 85 4
77 87 3
77 88 8
78 91 -3
78 99 5
78 92 9
78 79 5
78 83 -7
78 86 3
78 81 2
78 93 -3
79 99 -1
79 97 6
79 85 8
79 88 -9
79 89 -6
79 80 -5
79 87 -7
79 98 -8
79 93 -5
79 90 -7
79 100 -2
79 81 7
79 83 -5
80 82 8
80 89 4
80 87 1
80 92 8
80 90 2
80 100 9
80 83 -9
80 97 6
81 92 -8
81 89 -6
81 94 4
81 100 5
81 88 10
81 83 -8
81 98 7
81 86 -1
81 95 4
81 82 -7
81 90 -8
81 97 -8
82 97 0
82 93 -4
82 94 -1
82 92 -1
82 88 8
82 98 -6
82 100 -5
82 84 4
82 91 9
83 94 6
83 90 -4
83 93 -9
83 98 10
83 92 -8
83 95 -10
83 87 -3
83 91 -3
83 97 0
83 89 -1
83 99 6
83 86 -2
84 94 8
84 99 0
84 92 0
84 100 0
84 95 9
84 97 1
84 88 6
85 95 -4
85 94 6
85 98 4
85 90 -7
85 96 -4
85 93 0
85 100 -9
86 92 -7
86 89 2
86 88 1
86 87 -1
86 90 -7
87 90 8
87 91 -10
87 92 2
87 98 7
87 96 3
88 96 1
88 91 10
88 97 3
88 99 4
88 100 -7
88 92 6
89 94 0
89 97 8
89 96 -3
89 93 2
89 100 -8
90 95 -8
90 94 -3
90 96 -6
90 99 5
90 100 -6
91 92 -8
91 96 1
91 100 1
91 93 -9
91 99 -9
91 94 -4
92 94 -4
92 98 2
92 95 -7
92 93 6
93 97 -1
93 100 -1
93 95 4
93 96 4
94 100 -6
94 99 -4
94 95 6
95 96 1
95 97 0
96 98 -6
97 99 5
