100 2475 
1 61 -6
1 100 9
1 40 10
1 41 2
1 2 -1
1 15 -2
1 48 -3
1 46 -2
1 70 8
1 67 -4
1 51 -10
1 44 2
1 55 -4
1 96 6
1 71 -7
1 56 5
1 17 -10
1 47 -3
1 64 5
1 26 -8
1 24 -3
1 45 -5
1 25 -7
1 84 -6
1 93 -5
1 68 8
1 57 7
1 79 2
1 86 4
1 94 7
1 7 1
1 99 -7
1 27 -8
1 32 -4
1 42 -1
1 13 -2
1 91 -1
1 75 -1
1 29 -2
1 83 2
1 92 0
1 3 -8
1 80 -7
1 33 -5
1 31 1
1 81 -6
1 18 6
2 12 6
2 47 -4
2 88 0
2 37 -8
2 64 -1
2 25 -8
2 84 8
2 92 10
2 97 9
2 18 9
2 85 -7
2 93 -6
2 4 5
2 94 -4
2 62 -8
2 35 -3
2 49 4
2 61 8
2 42 -9
2 71 3
2 76 -5
2 28 4
2 65 -7
2 78 -10
2 50 7
2 30 -5
2 96 -7
2 7 -7
2 11 2
2 86 -4
2 29 -8
2 52 -1
2 79 -4
2 68 -8
2 36 7
2 81 -2
2 99 7
2 31 -6
2 53 -3
2 10 -9
2 22 -6
2 15 -1
2 3 10
2 56 10
2 89 -9
2 21 -8
2 48 -8
2 19 5
2 91 -4
3 62 -6
3 65 2
3 75 10
3 53 6
3 21 -9
3 88 -7
3 78 8
3 84 10
3 13 8
3 63 -8
3 9 -6
3 57 8
3 19 5
3 40 4
3 28 -3
3 31 3
3 90 -4
3 34 -1
3 59 2
3 10 7
3 17 5
3 5 -6
3 93 -2
3 32 4
3 22 -4
3 49 -2
3 20 0
3 50 2
3 61 0
3 82 10
3 29 -2
3 37 -8
3 100 -6
3 43 -1
3 36 0
3 30 -2
3 97 10
3 69 -4
3 51 2
3 77 -2
3 42 10
3 95 6
3 38 -7
4 41 2
4 8 -2
4 30 -7
4 61 -2
4 98 -4
4 49 8
4 48 -3
4 72 6
4 31 -8
4 17 6
4 70 -7
4 83 -1
4 52 -5
4 79 -9
4 40 7
4 74 -6
4 38 9
4 33 -7
4 29 -7
4 15 7
4 96 5
4 76 10
4 27 3
4 32 4
4 77 3
4 87 -7
4 95 2
4 39 6
4 21 8
4 58 9
4 64 5
4 7 -10
4 54 -8
4 34 -2
4 84 3
4 36 2
4 44 8
4 67 3
4 80 1
4 25 -6
4 37 9
4 63 -6
4 78 3
4 60 -7
4 100 1
4 62 -6
4 43 10
4 94 10
4 10 6
4 59 3
4 11 8
5 74 8
5 79 1
5 60 3
5 58 10
5 39 9
5 42 5
5 80 9
5 75 8
5 25 -8
5 88 -1
5 99 8
5 50 -9
5 46 -2
5 48 2
5 23 6
5 9 8
5 37 10
5 14 4
5 49 -3
5 98 3
5 90 1
5 32 -4
5 43 6
5 16 7
5 13 1
5 84 1
5 66 -5
5 56 -4
5 95 6
5 40 4
5 82 -2
5 63 9
5 52 4
5 27 4
5 12 -6
5 30 -8
5 85 -1
5 6 -7
5 35 1
5 26 -3
5 89 -3
5 51 0
5 38 0
5 100 7
5 11 5
5 81 -9
5 61 -1
5 59 -9
5 29 -2
6 56 -2
6 87 1
6 7 -3
6 24 4
6 30 2
6 75 -6
6 57 8
6 48 -6
6 93 -3
6 8 3
6 43 9
6 66 4
6 45 -3
6 14 -6
6 86 -3
6 85 3
6 83 -7
6 64 -9
6 73 -2
6 58 -4
6 88 -5
6 81 -4
6 55 -6
6 15 -7
6 77 7
6 27 -1
6 23 5
6 12 -8
6 46 -7
6 33 4
6 37 -8
6 99 -1
6 98 -2
6 76 -1
6 71 -10
6 31 7
6 91 9
6 96 6
6 18 3
6 44 -6
6 79 6
6 94 3
6 97 -3
6 50 -8
6 40 -5
6 89 6
6 19 -2
7 39 -1
7 8 1
7 100 8
7 71 0
7 22 -3
7 77 2
7 11 -6
7 16 5
7 20 -7
7 33 9
7 9 -3
7 73 3
7 36 8
7 92 2
7 94 -5
7 34 -7
7 83 0
7 40 1
7 79 2
7 60 -8
7 42 -9
7 21 -4
7 76 4
7 19 -9
7 31 -9
7 81 -9
7 87 -9
7 72 -5
7 43 5
7 61 10
7 52 8
7 24 6
7 78 -3
7 88 3
7 91 -8
7 46 -9
7 38 5
7 95 5
7 74 5
7 14 -9
7 18 8
7 85 -8
7 28 -3
7 90 -4
7 53 10
7 41 3
7 75 -2
8 74 6
8 84 -8
8 32 8
8 91 -7
8 70 -9
8 18 5
8 13 5
8 100 3
8 88 -9
8 79 -6
8 53 -7
8 14 -1
8 57 8
8 34 -2
8 23 5
8 73 -2
8 19 -3
8 97 -7
8 39 5
8 60 9
8 26 3
8 64 10
8 36 -5
8 50 -5
8 65 1
8 83 4
8 58 8
8 86 -4
8 61 -7
8 82 1
8 48 -7
8 77 8
8 99 -2
8 94 -1
8 90 5
8 98 -7
8 38 2
8 37 -4
8 31 2
8 51 -1
8 27 7
8 67 8
8 35 3
8 87 7
8 62 -5
8 68 3
8 75 -8
8 30 -10
9 87 10
9 68 8
9 88 7
9 53 1
9 35 9
9 10 -8
9 48 9
9 37 -9
9 72 4
9 75 9
9 65 -9
9 56 8
9 45 7
9 95 10
9 78 -1
9 44 6
9 80 1
9 57 2
9 23 -3
9 92 -8
9 62 7
9 91 6
9 46 -10
9 12 3
9 58 -1
9 70 3
9 69 10
9 74 6
9 76 -7
9 39 1
9 36 2
9 100 5
9 17 1
9 40 10
9 67 -8
9 79 -4
9 84 -10
9 27 6
9 28 -6
9 86 -4
9 38 4
9 15 4
9 24 -8
9 81 8
9 71 2
9 52 -9
9 29 -2
9 96 5
10 78 5
10 31 -6
10 35 10
10 56 10
10 82 9
10 74 5
10 76 6
10 15 9
10 63 -7
10 46 9
10 100 -10
10 94 -10
10 67 -2
10 27 0
10 51 9
10 16 6
10 47 9
10 79 0
10 49 0
10 41 9
10 43 -8
10 70 -2
10 66 -7
10 24 6
10 88 10
10 85 -8
10 26 -9
10 98 -8
10 72 -7
10 65 0
10 45 -1
10 75 -4
10 97 6
10 77 -8
10 21 3
10 20 9
10 93 7
10 39 -1
10 68 -5
10 19 -10
10 80 -8
10 87 4
10 58 -2
11 12 9
11 21 10
11 55 -7
11 60 5
11 53 8
11 66 5
11 92 -3
11 71 -7
11 26 5
11 70 3
11 68 3
11 33 -4
11 94 -5
11 24 8
11 85 10
11 91 -5
11 51 -5
11 61 5
11 59 -7
11 79 0
11 52 3
11 80 10
11 15 1
11 50 -4
11 37 9
11 97 8
11 32 10
11 78 5
11 48 6
11 16 7
11 88 -8
11 34 -2
11 58 3
11 93 -7
11 41 -8
11 31 7
11 39 5
11 96 -7
11 98 7
11 69 0
11 57 9
11 35 9
11 64 9
11 100 -10
11 36 9
11 44 -8
11 84 2
11 87 7
11 30 0
11 73 3
11 89 10
11 90 -7
11 29 -7
11 38 4
11 28 -2
11 77 3
12 25 0
12 36 -5
12 27 -9
12 23 -9
12 41 -5
12 42 10
12 77 -5
12 55 3
12 58 -3
12 95 2
12 56 1
12 20 -4
12 94 8
12 45 -10
12 69 -7
12 15 -8
12 70 -3
12 61 7
12 79 -4
12 71 8
12 16 10
12 60 3
12 22 6
12 57 10
12 48 -7
12 24 -4
12 13 3
12 78 0
12 64 4
12 28 -10
12 100 6
12 80 -10
12 84 8
12 19 6
12 89 1
12 35 -4
12 17 -2
12 32 10
12 68 0
12 86 5
12 52 -1
13 31 -6
13 53 -1
13 80 -6
13 90 9
13 97 9
13 36 3
13 38 -9
13 49 5
13 51 6
13 99 -8
13 55 -4
13 44 -5
13 39 -6
13 35 5
13 66 3
13 75 -4
13 57 -1
13 73 -4
13 23 -1
13 65 8
13 37 10
13 17 -8
13 15 -6
13 100 0
13 30 7
13 92 2
13 61 5
13 69 -4
13 56 4
13 22 -4
13 26 -1
13 50 -10
13 54 -4
13 84 -9
13 18 8
13 42 9
13 16 5
13 71 9
14 31 -5
14 73 -2
14 47 -4
14 79 -5
14 21 -7
14 72 2
14 36 -10
14 43 1
14 85 8
14 78 10
14 99 7
14 50 1
14 67 1
14 69 6
14 49 0
14 16 0
14 27 5
14 30 9
14 60 -7
14 32 8
14 62 0
14 58 7
14 83 -9
14 82 -9
14 56 -10
14 28 9
14 64 -3
14 44 -5
14 26 3
14 25 1
14 55 8
14 87 2
14 39 -8
14 81 9
14 42 7
14 98 8
14 53 10
14 19 -6
14 68 -8
14 89 -3
14 95 7
14 88 -4
15 55 -2
15 64 -1
15 53 -1
15 35 -6
15 26 2
15 96 -10
15 100 7
15 67 8
15 22 8
15 85 -9
15 90 9
15 86 6
15 79 -7
15 20 -5
15 18 -6
15 23 10
15 39 2
15 59 -1
15 44 6
15 99 -9
15 57 -4
15 65 -5
15 95 -3
15 73 -5
15 30 7
15 37 -7
15 45 0
15 60 9
15 42 -10
15 48 6
15 50 -1
15 82 -2
15 93 10
15 63 7
15 78 -10
15 34 10
15 38 6
15 16 -8
15 83 -4
15 94 -3
15 70 6
15 68 7
15 49 7
15 29 -9
15 87 -3
16 67 5
16 51 3
16 100 2
16 93 7
16 87 -2
16 46 -4
16 40 2
16 78 0
16 64 10
16 85 2
16 30 8
16 32 -10
16 42 6
16 77 7
16 25 -6
16 56 -2
16 73 9
16 44 5
16 41 -10
16 76 2
16 75 7
16 82 -8
16 45 -6
16 95 5
16 26 -3
16 70 4
16 20 4
16 24 1
16 80 5
16 54 -5
16 99 -4
16 94 3
16 92 6
16 23 -5
16 62 -1
17 93 -1
17 69 -7
17 100 3
17 42 4
17 76 -7
17 41 -8
17 97 -3
17 90 -8
17 57 1
17 70 -6
17 28 6
17 92 -9
17 21 1
17 65 10
17 61 -4
17 80 -10
17 77 9
17 96 -9
17 78 9
17 30 -8
17 47 3
17 33 4
17 37 -10
17 26 -2
17 44 5
17 27 -3
17 84 -2
17 79 -3
17 20 3
17 95 -3
17 34 -9
17 45 8
17 59 -4
17 66 9
17 18 -4
17 58 5
17 81 2
17 35 -1
17 52 -7
17 54 6
17 91 -10
17 48 10
17 36 5
17 24 6
17 51 0
17 19 -1
17 72 -10
17 83 -1
17 43 6
17 64 1
18 80 9
18 25 -3
18 75 6
18 36 9
18 39 2
18 24 -1
18 23 -9
18 62 1
18 51 10
18 44 -6
18 26 -10
18 76 5
18 97 4
18 50 -2
18 30 7
18 55 -7
18 70 0
18 68 -9
18 20 8
18 98 -3
18 27 6
18 71 -6
18 29 -9
18 89 5
18 87 -2
18 79 -2
18 96 -10
18 73 -1
18 78 10
18 22 -8
18 28 -6
18 43 -6
18 21 5
18 53 10
18 19 -6
18 85 5
18 86 -1
18 48 -7
18 100 -2
18 42 3
18 61 4
18 67 2
18 63 -8
18 49 -9
19 96 -3
19 50 -7
19 44 0
19 77 5
19 56 -4
19 87 -10
19 34 0
19 45 -8
19 75 -3
19 41 4
19 43 1
19 83 -4
19 74 -1
19 38 -6
19 95 -2
19 22 -9
19 55 -8
19 91 -2
19 84 -5
19 97 2
19 82 -10
19 62 3
19 73 2
19 60 4
19 78 -4
19 64 10
19 99 0
19 29 -10
19 40 0
19 86 0
19 37 -9
19 35 9
19 71 -6
19 42 -8
19 32 -8
19 28 5
19 81 9
19 65 4
19 49 1
19 20 1
20 73 -3
20 89 6
20 72 -4
20 61 0
20 45 -4
20 30 -2
20 99 -7
20 59 -8
20 51 -6
20 39 10
20 81 4
20 74 0
20 22 2
20 44 -2
20 56 -2
20 50 10
20 80 9
20 77 -6
20 91 -4
20 68 8
20 94 -1
20 71 -5
20 98 10
20 33 -4
20 100 -9
20 37 -7
20 64 8
20 90 1
20 40 -10
20 78 -9
20 43 8
20 67 -1
20 75 -7
20 42 -5
20 70 1
20 35 7
20 76 3
20 96 0
20 79 6
20 31 0
20 49 -3
21 27 -2
21 59 1
21 51 1
21 65 4
21 78 -3
21 32 -5
21 53 -7
21 68 5
21 47 -2
21 34 -1
21 77 -10
21 76 -6
21 52 -1
21 33 -4
21 92 6
21 42 -5
21 99 -8
21 43 -9
21 63 -6
21 25 -10
21 60 -8
21 31 -10
21 67 9
21 55 5
21 24 -6
21 48 2
21 72 -9
21 50 9
21 95 5
21 83 4
21 90 -7
21 39 2
21 41 1
21 61 6
21 44 -6
21 62 10
21 81 9
21 57 -9
21 46 1
21 40 -7
21 36 -4
22 35 10
22 70 10
22 91 0
22 37 8
22 75 5
22 66 -9
22 71 -10
22 44 -10
22 47 5
22 59 4
22 23 -5
22 100 -6
22 79 5
22 78 6
22 55 5
22 54 8
22 26 -8
22 65 -5
22 40 -4
22 41 -9
22 61 -3
22 30 1
22 76 -8
22 67 2
22 92 4
22 32 -9
22 39 2
22 64 -10
22 43 7
22 46 -8
22 89 -5
22 29 1
22 85 -6
22 31 -9
22 36 -3
23 46 2
23 34 6
23 54 2
23 41 6
23 45 6
23 92 -1
23 60 -1
23 56 -9
23 47 -4
23 44 10
23 71 3
23 51 7
23 83 -1
23 36 -7
23 84 -1
23 74 -1
23 42 8
23 26 2
23 76 0
23 33 0
23 25 0
23 90 8
23 100 9
23 57 7
23 55 1
23 94 -10
23 85 -9
23 80 -1
23 79 -2
23 40 -8
23 65 6
23 72 -1
23 69 -10
23 95 -6
23 62 10
23 30 5
23 73 -3
23 58 -9
23 93 1
23 75 2
24 81 -6
24 99 -9
24 69 4
24 85 9
24 52 0
24 63 -6
24 36 4
24 45 -9
24 25 -4
24 72 -9
24 66 10
24 40 4
24 75 -3
24 98 2
24 53 0
24 61 8
24 48 7
24 30 2
24 50 6
24 73 -7
24 27 8
24 38 -4
24 79 8
24 46 2
24 91 -2
24 31 -10
24 88 8
24 77 8
24 64 3
24 78 -1
24 68 1
24 26 3
24 94 -7
24 80 3
24 82 -8
24 86 -7
24 42 -8
24 83 2
25 86 3
25 85 7
25 39 -3
25 91 2
25 27 -5
25 37 -10
25 64 -3
25 48 -8
25 33 -10
25 54 -6
25 36 4
25 28 3
25 100 -9
25 43 4
25 98 3
25 49 -8
25 31 9
25 59 -5
25 96 -1
25 78 10
25 73 0
25 29 -1
25 53 6
25 32 -3
25 61 -4
25 99 7
25 51 4
25 74 2
25 69 -6
25 26 0
25 67 6
25 82 4
25 93 -1
25 71 9
25 72 3
25 66 -3
25 60 6
25 45 6
25 62 1
25 70 1
25 41 4
26 59 4
26 50 0
26 88 4
26 92 5
26 79 1
26 64 10
26 80 -6
26 62 4
26 89 5
26 77 1
26 91 0
26 28 -3
26 73 8
26 47 8
26 60 10
26 32 -7
26 61 -4
26 69 -6
26 45 -6
26 70 3
26 93 -5
26 56 -9
26 43 -4
26 54 3
26 42 5
26 82 1
26 57 -6
26 41 -5
26 90 -6
26 40 2
26 66 -1
26 30 10
26 31 -1
26 38 -8
26 86 3
26 76 7
26 49 -3
26 35 7
26 84 4
27 71 4
27 76 -7
27 38 0
27 46 -7
27 64 -2
27 61 -6
27 43 -7
27 88 5
27 100 2
27 87 -9
27 89 -8
27 97 8
27 50 -1
27 34 -1
27 32 1
27 81 2
27 62 9
27 40 8
27 68 5
27 73 6
27 55 7
27 56 5
27 54 7
27 74 -2
27 69 6
27 45 -8
27 75 2
27 94 10
27 63 -2
27 83 -3
27 30 10
27 33 -6
27 47 4
27 99 -6
27 84 0
27 58 -10
27 39 7
27 93 8
28 57 5
28 39 -3
28 41 8
28 36 3
28 59 10
28 74 -9
28 68 5
28 78 -3
28 56 0
28 66 -2
28 96 -9
28 53 -1
28 35 -10
28 82 -2
28 61 0
28 88 3
28 67 -8
28 76 10
28 31 3
28 100 -10
28 89 7
28 44 3
28 90 -1
28 91 -6
28 29 4
28 80 -4
28 73 10
28 86 -10
28 46 -5
28 70 -4
28 48 0
28 62 -3
28 63 10
29 37 7
29 41 6
29 45 -8
29 84 -6
29 56 5
29 98 -10
29 64 10
29 81 9
29 94 4
29 91 -2
29 80 -3
29 42 -2
29 79 3
29 66 1
29 65 -3
29 78 -10
29 77 -7
29 46 6
29 48 5
29 59 6
29 82 5
29 76 5
29 30 -5
29 69 5
29 35 -8
29 88 -6
29 85 5
29 92 2
30 63 -8
30 99 5
30 94 8
30 79 0
30 89 -6
30 82 5
30 97 -3
30 54 4
30 49 8
30 38 9
30 36 5
30 100 -4
30 56 3
30 73 -1
30 64 8
30 61 -3
30 90 -8
30 92 -5
30 67 0
30 72 5
30 47 6
30 43 1
30 95 -3
30 74 0
30 52 3
30 83 3
30 40 3
30 46 5
30 39 0
30 35 10
30 44 -2
30 34 3
30 55 4
30 66 -8
30 98 -5
30 69 -5
30 76 6
31 87 -6
31 40 1
31 79 6
31 72 2
31 42 1
31 68 -4
31 51 -10
31 34 4
31 63 -5
31 66 -9
31 64 -7
31 82 5
31 91 6
31 95 -7
31 48 -6
31 77 -4
31 59 -7
31 61 9
31 83 -6
31 36 -1
31 41 10
31 35 6
31 81 -1
31 58 5
31 44 -7
31 99 10
31 65 8
31 84 10
31 96 7
31 33 5
31 57 -5
31 39 -6
31 47 0
31 55 5
31 60 4
31 62 -10
31 54 2
31 69 4
31 38 -10
32 36 9
32 51 2
32 100 6
32 91 -10
32 89 -2
32 60 -10
32 64 10
32 82 8
32 95 -3
32 83 -6
32 77 7
32 35 8
32 87 -8
32 86 -4
32 46 -4
32 42 9
32 49 -1
32 88 -6
32 61 2
32 40 5
32 38 -9
32 73 9
32 34 -1
32 97 4
32 93 -6
32 69 -6
32 66 10
32 79 -3
32 54 0
32 76 0
32 53 6
32 62 3
32 85 5
32 44 -6
32 98 9
32 47 7
32 56 -8
32 99 -9
32 71 -9
32 57 8
32 80 8
33 41 -3
33 96 -4
33 92 10
33 37 2
33 54 0
33 66 2
33 34 -10
33 35 -9
33 46 10
33 58 -6
33 98 0
33 36 -4
33 43 6
33 100 -1
33 52 6
33 60 1
33 82 5
33 64 -2
33 99 5
33 59 10
33 73 8
33 75 7
33 89 -9
33 68 6
33 71 -9
33 78 -2
33 42 2
33 74 -6
33 76 -6
34 83 -2
34 95 6
34 58 4
34 73 -7
34 82 6
34 89 6
34 68 5
34 56 8
34 36 -8
34 43 -1
34 70 5
34 64 0
34 79 9
34 76 -8
34 92 -5
34 59 -8
34 78 -7
34 97 -4
34 50 1
34 90 8
34 87 2
34 98 3
34 69 -6
34 61 -6
34 93 3
34 66 6
34 99 3
34 49 -1
34 57 10
34 47 -2
34 81 -6
35 42 4
35 64 4
35 88 8
35 45 0
35 79 2
35 53 1
35 51 0
35 81 -3
35 44 6
35 59 2
35 41 -1
35 87 6
35 91 -9
35 47 -5
35 58 2
35 76 -1
35 56 9
35 40 2
35 100 3
35 84 1
35 36 10
35 85 -4
35 66 8
35 95 7
35 54 7
35 82 6
35 93 -8
35 61 -10
35 96 -2
35 77 2
35 63 5
35 57 0
35 78 -6
35 62 -7
35 67 -4
35 52 4
35 60 -7
35 68 -1
35 48 4
36 83 1
36 74 9
36 97 2
36 72 -7
36 58 3
36 41 -1
36 99 -4
36 79 -3
36 80 -2
36 78 2
36 70 -10
36 55 2
36 46 -7
36 44 0
36 86 -6
36 82 -8
36 91 -2
36 56 9
36 60 -4
36 81 -1
36 52 7
36 88 6
36 93 6
36 96 2
36 66 4
36 65 -5
36 51 7
36 54 -2
36 63 -5
37 94 -5
37 77 -1
37 79 -2
37 48 -8
37 54 1
37 88 -8
37 85 -8
37 50 -1
37 43 8
37 56 10
37 74 -3
37 95 5
37 92 -4
37 67 -9
37 41 7
37 82 -4
37 76 -7
37 46 -1
37 70 7
37 57 -9
37 39 10
37 91 8
37 59 -5
37 47 8
37 73 -2
37 49 2
37 78 -9
37 89 9
37 97 -9
37 71 1
37 62 -1
38 71 3
38 79 1
38 77 -10
38 43 2
38 48 -8
38 98 0
38 39 -7
38 61 -6
38 96 -6
38 85 -1
38 80 -4
38 53 4
38 41 -5
38 67 -6
38 42 1
38 94 -1
38 51 -4
38 44 -9
38 60 -6
38 72 0
38 75 -8
38 65 1
38 87 5
38 54 -6
38 86 7
38 56 6
38 63 8
38 47 -1
38 74 -7
38 92 -9
39 85 -10
39 92 -3
39 53 -1
39 98 -3
39 70 10
39 55 -5
39 88 9
39 67 -10
39 52 10
39 73 10
39 72 4
39 74 -2
39 66 8
39 50 -8
39 77 7
39 44 -5
39 91 -8
39 90 7
39 94 4
39 57 -4
39 69 3
39 83 6
39 100 -2
39 95 -7
39 96 -6
39 76 -6
39 58 -1
39 54 3
40 59 0
40 94 2
40 58 -2
40 97 -7
40 60 8
40 47 -1
40 81 2
40 56 -9
40 92 10
40 57 10
40 87 -5
40 69 5
40 93 -5
40 77 -7
40 41 5
40 84 -2
40 46 1
40 82 -7
40 86 4
40 72 0
40 75 -3
40 80 1
40 48 -6
40 89 6
40 62 -6
40 49 -4
40 53 -2
40 100 -3
40 65 -10
41 82 -10
41 99 2
41 67 9
41 60 7
41 75 2
41 80 8
41 79 -1
41 57 10
41 78 1
41 76 -4
41 55 -7
41 68 -9
41 47 0
41 85 0
41 69 7
41 98 -3
41 63 -1
41 95 6
41 56 -6
41 42 -3
41 74 10
41 45 6
41 65 4
41 49 -3
41 72 1
41 84 8
42 65 -9
42 95 -1
42 81 -1
42 58 -5
42 43 3
42 82 -10
42 48 -5
42 56 -6
42 57 7
42 78 -9
42 97 -3
42 72 6
42 93 -2
42 73 0
42 59 -3
42 88 1
42 98 1
42 90 -1
42 76 1
42 68 0
42 99 3
42 83 8
42 70 -10
42 49 -9
42 96 7
42 71 0
42 54 -4
42 92 -9
43 91 -8
43 100 5
43 86 0
43 80 10
43 70 6
43 68 -1
43 75 10
43 97 5
43 90 10
43 95 8
43 81 -10
43 54 -7
43 76 0
43 72 -10
43 62 -9
43 48 -2
43 44 -2
43 73 -2
43 96 -2
43 74 5
43 82 -2
44 69 7
44 99 -8
44 50 -2
44 92 9
44 66 -4
44 97 -6
44 87 10
44 48 -7
44 77 -7
44 93 9
44 75 5
44 61 -8
44 49 6
44 53 -2
44 64 -10
44 51 2
44 63 2
44 73 -1
44 89 -1
44 96 -9
44 70 -9
44 65 0
44 86 0
45 56 10
45 64 -7
45 75 4
45 52 -4
45 95 -1
45 65 -5
45 62 -1
45 78 -2
45 70 8
45 50 2
45 61 2
45 94 -3
45 97 -4
45 67 -3
45 76 7
45 51 -8
45 73 2
45 80 -8
45 53 -6
45 57 4
45 59 2
46 51 4
46 100 9
46 83 -3
46 80 -2
46 75 -5
46 73 -10
46 87 -4
46 92 -3
46 57 -9
46 60 5
46 55 -1
46 47 5
46 71 7
46 70 0
46 61 8
46 62 -1
46 67 -7
46 50 -5
46 59 4
46 96 8
46 85 8
46 89 3
46 58 -2
46 98 -4
46 82 -1
46 90 -3
46 84 -5
47 79 3
47 60 7
47 70 0
47 68 -6
47 62 -7
47 51 -3
47 96 -8
47 58 -9
47 93 -6
47 97 -2
47 75 9
47 65 -7
47 77 10
47 76 2
47 94 3
47 85 -8
47 89 -5
47 84 5
47 92 -4
47 88 6
47 67 5
47 61 10
47 56 -4
47 63 -4
47 99 7
48 66 7
48 81 2
48 100 3
48 88 10
48 76 4
48 96 6
48 72 10
48 79 3
48 62 -8
48 73 4
48 82 8
48 94 3
48 60 10
48 90 8
48 61 8
48 57 -1
48 53 8
48 59 -9
48 95 3
48 58 5
48 87 8
48 55 9
48 63 -2
48 49 -2
49 59 -2
49 56 -8
49 87 -9
49 60 5
49 86 -5
49 95 4
49 66 1
49 80 5
49 57 9
49 96 5
49 52 2
49 83 -1
49 65 6
49 82 4
49 64 10
49 97 -2
49 54 5
49 99 7
49 84 9
49 51 3
49 92 0
49 85 4
49 77 -6
50 53 -10
50 70 -6
50 100 -1
50 77 0
50 60 5
50 59 0
50 93 -5
50 74 -7
50 56 3
50 99 -7
50 87 -4
50 90 -4
50 82 5
50 94 0
50 63 -7
50 65 5
50 79 8
50 92 2
50 85 -3
50 58 10
50 78 10
50 62 -7
50 68 1
50 88 -7
50 83 7
50 80 -8
50 96 -3
50 97 -5
51 65 -5
51 95 7
51 72 -7
51 97 4
51 58 -6
51 61 -1
51 64 -3
51 60 6
51 94 -9
51 86 -2
51 54 7
51 90 9
51 85 -3
51 91 -8
51 59 3
51 70 6
51 84 -8
51 81 5
51 73 -3
51 68 -2
51 66 -7
51 69 -9
51 75 -4
51 53 -2
51 89 -10
52 57 6
52 77 4
52 53 8
52 63 9
52 82 -1
52 90 8
52 87 10
52 59 -5
52 96 -4
52 76 0
52 72 5
52 78 -7
52 71 -1
52 60 -3
52 69 -9
52 84 -3
52 99 0
52 68 -1
52 89 2
52 98 6
52 83 -10
52 97 7
53 85 -3
53 54 2
53 55 9
53 72 3
53 91 -5
53 73 -4
53 74 -10
53 64 3
53 67 8
53 58 -5
53 71 -9
53 92 6
53 89 -10
53 63 -8
53 61 10
53 82 -9
53 65 4
53 84 -7
53 62 6
53 99 -2
53 70 -4
53 100 9
53 97 -3
53 96 -7
53 88 3
54 88 4
54 90 5
54 70 1
54 57 2
54 71 7
54 94 -1
54 62 -1
54 95 3
54 67 -7
54 60 -8
54 97 3
54 82 1
54 78 -7
54 98 1
54 89 -8
54 66 6
54 92 9
54 59 2
54 81 3
54 99 0
54 64 -1
54 76 -5
54 73 5
54 86 0
54 93 -6
54 85 6
54 68 1
55 67 -4
55 59 9
55 72 5
55 65 -9
55 78 -2
55 58 3
55 94 4
55 64 -3
55 83 0
55 93 -2
55 97 -3
55 85 8
55 80 0
55 70 -2
55 60 9
55 75 -8
55 96 4
55 82 -8
56 83 -8
56 65 -1
56 100 10
56 89 -2
56 92 6
56 68 -7
56 73 0
56 64 -8
56 80 -8
56 63 -2
56 91 -6
56 84 -4
56 90 -9
56 85 9
56 99 9
56 58 5
56 57 -2
56 70 -5
56 62 -7
56 98 -9
56 97 9
56 77 10
56 59 6
56 69 1
57 84 8
57 99 -1
57 79 3
57 92 -4
57 60 10
57 77 10
57 98 8
57 64 -5
57 59 10
57 95 -1
57 67 -2
57 66 3
57 72 8
57 75 -5
57 96 -9
57 61 -5
57 78 -9
57 80 -2
57 86 -8
57 87 -9
57 58 5
57 94 2
57 85 0
57 70 -10
57 63 -3
57 89 -3
57 90 -2
57 76 -2
58 66 4
58 73 3
58 92 2
58 96 -10
58 60 6
58 83 -9
58 76 7
58 80 -7
58 63 4
58 84 -7
58 89 10
58 86 0
58 99 -10
58 93 -8
58 67 1
58 94 3
58 68 3
58 77 -10
59 89 -10
59 96 -10
59 92 2
59 65 10
59 61 6
59 78 4
59 82 1
59 75 -9
59 99 9
59 63 6
59 83 -7
59 71 -4
59 84 7
59 68 -5
59 87 -8
59 80 9
59 74 -8
59 76 3
59 93 9
60 72 6
60 97 -1
60 82 -7
60 64 10
60 91 -3
60 69 5
60 100 0
60 99 4
60 62 -6
60 95 -2
60 94 -5
60 67 1
60 63 5
60 77 5
60 86 -8
60 78 -4
60 92 -1
60 74 0
60 88 5
60 73 10
61 68 -9
61 64 -5
61 79 -3
61 94 1
61 82 3
61 92 -4
61 80 7
61 83 -4
61 98 5
61 88 3
61 84 4
61 77 5
61 76 -10
61 62 6
61 63 0
61 90 -9
61 72 6
61 99 -4
62 66 8
62 86 -3
62 68 -8
62 78 -7
62 91 5
62 67 0
62 69 -6
62 80 -5
62 73 7
62 93 3
62 76 -10
62 75 -9
62 79 -4
62 87 6
62 98 3
62 90 1
62 94 4
63 74 10
63 85 -2
63 84 -1
63 75 0
63 69 5
63 73 7
63 92 7
63 99 5
63 91 3
63 65 4
63 64 3
63 72 9
63 95 4
63 86 7
63 90 1
63 67 -1
63 76 4
63 94 7
64 88 -4
64 69 9
64 92 -5
64 86 0
64 78 -6
64 76 -3
64 81 9
64 93 -9
64 89 5
64 79 0
64 100 5
64 97 -10
64 68 6
64 96 10
64 75 2
64 95 5
64 98 3
64 67 5
64 74 -7
64 80 2
65 91 -5
65 83 9
65 77 3
65 79 6
65 84 9
65 82 -7
65 99 2
65 93 2
65 66 5
65 90 10
65 94 -5
65 75 -2
65 67 8
65 87 5
65 73 -2
65 68 -9
65 95 10
65 78 -9
65 85 -2
65 69 -10
65 70 4
65 98 5
66 77 -3
66 80 5
66 92 5
66 76 -1
66 79 0
66 90 0
66 82 9
66 91 -3
66 87 3
66 96 4
66 73 -8
66 97 4
66 72 6
66 83 4
66 89 -1
66 78 -9
67 75 -5
67 94 0
67 93 7
67 91 9
67 79 -8
67 99 1
67 86 7
67 81 -8
67 95 2
67 73 -8
67 88 -8
67 84 -4
68 80 -4
68 92 -5
68 87 -8
68 93 -3
68 85 -8
68 91 2
68 100 0
68 84 1
68 70 10
68 78 0
68 98 9
68 79 3
68 95 -7
68 89 1
68 71 9
68 77 -5
68 75 3
68 97 2
68 90 -5
68 69 5
68 72 -4
68 99 -8
68 82 0
69 99 4
69 82 -1
69 88 0
69 98 -10
69 86 7
69 74 0
69 85 6
69 96 1
69 81 -6
69 84 7
69 93 1
69 94 -3
69 72 -9
70 79 1
70 85 -6
70 78 -9
70 83 -8
70 76 8
70 86 -4
70 91 0
70 100 6
70 72 8
70 88 8
70 73 4
70 89 5
70 97 4
70 71 -6
70 90 5
70 93 1
70 77 -5
70 74 -9
70 84 9
70 96 -4
71 85 4
71 89 0
71 83 -8
71 90 6
71 73 0
71 100 -6
71 84 -6
71 72 -3
71 77 -1
71 88 6
71 93 4
71 97 -6
71 92 5
71 78 -4
71 87 -8
71 96 -7
72 78 -8
72 91 -4
72 96 -8
72 81 -9
72 90 -7
72 79 10
72 92 0
72 80 -5
72 83 1
72 100 -10
72 76 2
72 93 -3
72 97 -8
72 74 -4
72 98 -3
72 95 3
72 73 -9
72 88 -7
73 76 10
73 96 -9
73 78 7
73 85 3
73 93 -5
73 97 0
73 80 0
73 83 10
73 98 3
73 90 -3
73 87 -9
73 92 1
73 99 -6
73 84 -6
74 75 -9
74 94 -8
74 76 -3
74 80 -7
74 90 4
74 96 -3
74 77 10
74 85 -6
74 83 0
74 87 -4
74 99 1
74 81 -6
74 98 8
75 81 4
75 93 0
75 100 10
75 99 -3
75 88 0
75 90 3
75 91 -8
75 96 8
75 83 -6
75 77 -8
75 80 -2
76 80 -10
76 96 2
76 98 -1
76 83 -2
76 79 1
76 99 -3
76 87 -5
76 94 6
76 81 -10
76 91 -4
76 82 -3
76 100 -2
76 90 -1
76 95 3
76 78 10
77 95 0
77 84 1
77 91 -6
77 81 2
77 99 5
77 98 1
77 89 9
77 90 -9
77 86 7
77 97 -4
77 94 1
77 87 3
78 98 6
78 100 1
78 86 -7
78 82 -8
78 94 6
78 91 -10
78 97 -2
78 92 -8
78 85 5
78 93 10
78 89 5
79 81 6
79 86 2
79 100 5
79 92 -10
79 89 -8
79 90 -9
79 97 1
79 91 1
80 95 -9
80 82 -3
80 100 7
80 91 -5
80 89 -3
80 84 -10
80 93 4
80 99 -10
80 83 -10
80 96 -4
81 87 4
81 99 -10
81 94 -2
81 91 -6
81 82 -4
81 85 1
81 92 -8
81 96 2
81 97 -1
81 100 1
82 91 -6
82 93 7
82 84 -7
82 89 10
82 88 -10
82 83 -8
82 100 6
82 95 0
82 85 8
82 96 10
82 98 1
83 86 -6
83 88 0
83 85 7
83 91 -10
83 98 1
83 96 -10
83 95 -3
84 100 -9
84 97 5
84 94 6
84 98 -1
84 88 10
84 93 7
85 86 -4
85 88 3
85 89 2
85 97 -10
85 94 2
85 96 -1
85 87 9
85 91 -8
85 90 2
85 98 -1
86 98 2
86 89 -7
86 99 -1
86 93 -7
86 88 8
86 94 1
86 97 2
86 91 4
86 90 8
87 90 8
87 95 -4
87 88 -10
87 99 5
87 98 -2
88 89 1
88 98 -5
88 94 5
88 100 1
89 100 7
89 91 -2
89 97 -6
89 99 -10
89 96 2
89 90 -6
90 92 -9
90 98 9
90 94 -10
91 96 6
91 99 -2
91 95 7
91 94 -1
92 96 -8
92 99 -7
92 95 -5
92 98 -10
93 96 6
93 94 -4
93 95 -8
93 98 6
93 97 -7
94 100 7
94 96 2
94 97 8
95 96 -9
95 98 -1
95 100 -6
95 99 -3
96 100 -9
97 99 -10
97 98 -8
97 100 -8
98 99 8
