100 2475 
1 73 4
1 98 -6
1 8 -3
1 3 -2
1 16 -2
1 15 -3
1 60 9
1 65 2
1 58 -2
1 14 10
1 74 -4
1 5 -6
1 28 -3
1 82 -8
1 62 1
1 92 -3
1 56 -2
1 91 -7
1 9 2
1 78 -2
1 83 -5
1 10 3
1 20 -4
1 79 4
1 59 2
1 38 9
1 69 9
1 29 -6
1 75 8
1 66 -6
1 33 8
1 36 -4
1 25 -6
1 26 -6
1 97 9
1 11 -5
1 23 -8
1 42 -7
1 90 5
1 49 10
1 24 2
1 30 -4
1 44 0
1 81 -7
1 51 -6
2 43 5
2 14 3
2 65 7
2 80 10
2 21 -8
2 45 2
2 23 -8
2 82 9
2 53 -1
2 17 7
2 24 9
2 78 7
2 49 3
2 40 -7
2 44 7
2 13 0
2 88 -8
2 7 8
2 51 -2
2 92 -6
2 87 6
2 31 -1
2 54 4
2 52 6
2 36 -2
2 32 6
2 67 6
2 29 -7
2 64 -4
2 35 2
2 99 -7
2 4 1
2 89 -10
2 94 -5
2 56 6
2 11 -2
2 27 7
2 33 -3
2 38 4
2 58 10
2 34 9
2 16 5
2 57 -10
2 95 8
2 55 1
2 66 8
2 37 6
2 96 -3
2 50 -5
2 10 4
2 63 3
2 91 -8
2 86 -2
2 76 7
3 62 -6
3 28 -6
3 21 -4
3 91 -1
3 32 7
3 6 1
3 13 -6
3 42 10
3 40 -4
3 82 -5
3 57 -5
3 56 9
3 52 6
3 73 -1
3 75 3
3 60 -10
3 16 8
3 71 -8
3 5 -9
3 66 -6
3 24 10
3 51 -2
3 58 -2
3 93 -4
3 29 3
3 30 -10
3 86 0
3 7 -3
3 74 7
3 87 -3
3 83 -1
3 48 7
3 15 3
3 44 -2
3 80 2
3 70 -8
3 31 -7
3 19 -6
3 37 3
3 23 7
3 25 3
3 90 -8
3 65 7
3 77 -6
3 43 -3
3 47 0
3 94 -9
4 99 -2
4 46 -5
4 52 -2
4 13 -4
4 37 1
4 89 -3
4 61 10
4 85 -5
4 21 -1
4 11 9
4 49 3
4 79 4
4 5 6
4 34 -3
4 71 3
4 76 7
4 15 8
4 36 -3
4 94 -8
4 87 6
4 45 5
4 47 1
4 14 -10
4 77 1
4 10 -6
4 90 -5
4 40 -9
4 32 4
4 56 -9
4 62 1
4 19 -3
4 27 6
4 91 -2
4 73 6
4 55 -4
4 58 4
4 20 6
4 93 4
4 28 0
4 70 -10
4 50 5
4 100 -5
4 23 -5
4 35 -7
4 88 -7
4 39 -10
4 33 3
4 59 2
4 84 6
4 6 8
4 54 -10
5 88 1
5 46 9
5 74 10
5 69 -7
5 25 3
5 96 -5
5 50 -3
5 16 -6
5 15 4
5 35 -9
5 76 4
5 85 -9
5 41 7
5 98 -10
5 28 -5
5 93 -1
5 38 -9
5 78 -8
5 52 -4
5 82 -10
5 14 -3
5 39 10
5 33 5
5 94 -10
5 72 -10
5 42 -1
5 56 0
5 37 4
5 31 -5
5 55 0
5 19 9
5 34 8
5 77 4
5 21 2
5 100 5
5 70 -5
5 11 -2
5 83 0
5 9 6
5 45 -9
5 71 -7
5 92 -3
5 54 -8
6 21 2
6 38 0
6 28 -4
6 71 -2
6 36 8
6 51 5
6 52 -8
6 82 3
6 77 10
6 92 10
6 57 8
6 50 -5
6 37 9
6 39 0
6 7 10
6 45 3
6 20 1
6 76 -8
6 74 -4
6 94 1
6 46 5
6 13 3
6 32 -1
6 60 -2
6 23 1
6 88 -5
6 22 10
6 26 8
6 15 -4
6 86 -1
6 53 9
6 11 -10
6 80 5
6 69 7
6 100 -7
6 56 -6
6 95 -2
6 58 -7
6 98 -2
6 17 10
6 48 7
6 9 -3
6 25 2
6 49 10
6 64 3
6 97 -8
6 27 4
6 31 -9
6 44 6
6 41 -8
6 63 -8
6 42 -10
7 53 -8
7 98 3
7 71 -9
7 35 -1
7 46 5
7 85 -6
7 94 4
7 50 7
7 77 3
7 72 -2
7 14 -6
7 10 5
7 92 -1
7 58 -7
7 56 -3
7 76 9
7 45 -9
7 55 2
7 91 -9
7 42 -4
7 67 5
7 84 0
7 80 6
7 100 -9
7 18 -7
7 31 7
7 51 -7
7 9 -7
7 11 8
7 88 -6
7 23 7
7 19 -7
7 63 -6
7 78 7
7 22 1
7 68 -5
7 57 1
7 33 -2
7 73 -1
7 96 -1
7 26 3
7 70 -4
7 74 8
7 17 7
7 43 -1
7 12 -3
7 60 -1
8 76 7
8 73 9
8 27 2
8 24 2
8 44 -2
8 26 -8
8 92 -2
8 55 2
8 82 -7
8 85 0
8 43 10
8 89 10
8 21 10
8 80 -8
8 39 8
8 78 6
8 88 -9
8 11 3
8 65 -8
8 79 -8
8 38 -8
8 46 -10
8 15 -5
8 62 3
8 32 9
8 33 -6
8 13 -6
8 98 0
8 47 -2
8 25 -10
8 12 7
8 49 1
8 40 -9
8 22 -7
8 28 -8
8 59 0
8 14 6
8 66 -8
8 19 7
8 90 -9
8 100 4
8 67 6
8 35 -8
8 10 3
9 46 -1
9 73 6
9 31 2
9 14 2
9 40 9
9 47 -1
9 62 1
9 60 -7
9 30 5
9 26 3
9 50 -5
9 18 -1
9 25 -8
9 36 -3
9 56 9
9 95 1
9 42 1
9 17 9
9 29 8
9 32 -10
9 10 9
9 65 -1
9 90 8
9 41 -4
9 38 -4
9 23 3
9 22 8
9 35 8
9 68 7
9 77 10
9 11 -1
9 81 6
9 16 5
9 28 7
9 92 -6
9 82 -2
9 89 9
9 61 -3
9 64 4
9 70 10
9 100 4
9 20 0
9 19 7
9 21 -7
9 59 2
9 52 3
9 15 -8
9 43 6
10 37 7
10 85 -5
10 90 -10
10 88 -6
10 59 9
10 91 -7
10 25 6
10 86 -1
10 21 3
10 14 5
10 19 -10
10 34 2
10 47 6
10 48 2
10 92 1
10 20 8
10 93 -2
10 46 1
10 100 10
10 23 3
10 41 1
10 16 -2
10 54 -4
10 43 0
10 15 6
10 33 2
10 82 10
10 24 4
10 57 7
10 71 -4
10 22 -9
10 94 0
10 64 -5
10 67 10
10 50 4
10 99 -3
10 39 4
10 61 10
10 77 3
10 30 10
10 53 -5
10 65 5
11 45 2
11 59 2
11 71 9
11 53 3
11 49 -5
11 38 -7
11 88 -5
11 32 -2
11 21 -7
11 77 -3
11 97 5
11 31 4
11 82 -5
11 96 9
11 94 0
11 61 -10
11 35 -4
11 50 0
11 36 -4
11 89 0
11 69 -7
11 39 -2
11 99 5
11 91 -9
11 67 -8
11 47 -6
11 83 -9
11 95 4
11 90 1
11 13 8
11 44 7
11 80 -9
11 26 7
11 92 -8
11 17 -2
11 84 7
11 42 5
11 79 -9
11 86 -7
11 34 -1
12 69 6
12 80 0
12 39 7
12 58 -4
12 49 -5
12 75 -3
12 52 -10
12 27 10
12 30 2
12 97 2
12 88 1
12 25 10
12 41 -3
12 48 3
12 78 7
12 60 -10
12 43 7
12 74 -1
12 94 -8
12 86 0
12 89 6
12 66 5
12 33 -1
12 84 3
12 26 9
12 18 -3
12 24 0
12 65 8
12 38 -5
12 64 9
12 47 -9
12 16 5
12 71 6
12 36 -8
12 73 1
12 98 6
12 91 9
12 35 -3
12 21 -9
12 92 7
12 99 -10
12 79 4
13 78 -7
13 47 0
13 74 10
13 95 10
13 46 -7
13 85 -4
13 84 5
13 34 10
13 40 8
13 87 7
13 32 -9
13 38 4
13 14 5
13 23 10
13 35 1
13 96 -7
13 66 -5
13 17 -9
13 39 2
13 61 -2
13 63 -10
13 89 -4
13 94 -4
13 60 -2
13 54 1
13 77 -9
13 59 9
13 41 8
13 62 9
13 24 3
13 75 -2
13 53 1
13 100 -9
13 25 -10
14 98 -10
14 54 0
14 90 7
14 56 7
14 17 -9
14 25 4
14 21 -7
14 51 -4
14 28 8
14 53 3
14 57 -9
14 75 -2
14 44 -2
14 81 -5
14 52 1
14 79 1
14 24 10
14 58 -7
14 77 -2
14 69 8
14 74 -2
14 43 -6
14 86 -3
14 94 -2
14 38 -5
14 20 -9
14 55 4
14 31 -10
14 29 4
14 91 -2
14 27 6
14 85 -10
14 22 -1
14 32 -6
14 68 10
14 97 -1
14 99 -3
14 46 9
14 92 9
14 80 -2
15 19 0
15 25 -10
15 79 -1
15 65 -7
15 48 -2
15 90 -9
15 84 -5
15 92 2
15 41 7
15 18 -6
15 57 5
15 22 7
15 72 -2
15 88 2
15 63 -7
15 91 -9
15 83 -3
15 68 1
15 93 -8
15 29 -8
15 86 9
15 76 -3
15 23 -5
15 78 -6
15 70 -10
15 75 -8
15 77 8
15 71 -5
15 17 -8
15 24 0
15 98 -10
15 43 -6
15 21 -2
15 61 0
15 46 3
15 100 -4
15 54 5
15 37 1
15 56 4
15 82 2
15 81 -3
15 55 7
15 95 4
16 43 0
16 87 -9
16 77 -10
16 89 -6
16 22 -9
16 37 -5
16 70 8
16 23 -10
16 73 7
16 34 -5
16 76 4
16 65 3
16 66 6
16 20 8
16 99 -10
16 53 -3
16 47 -6
16 71 0
16 21 7
16 97 5
16 83 4
16 74 7
16 50 8
16 93 -1
16 100 -6
16 62 -3
16 18 6
16 24 9
16 90 -2
16 44 10
16 48 -8
16 52 1
16 85 3
16 81 4
16 88 -5
16 94 8
16 84 7
16 60 -7
16 38 -1
16 59 9
17 48 -6
17 38 4
17 87 -6
17 71 -10
17 41 9
17 58 9
17 57 -2
17 30 -9
17 68 -5
17 50 5
17 40 -7
17 93 -4
17 96 -10
17 34 0
17 36 1
17 88 -10
17 98 -5
17 86 7
17 19 10
17 45 -10
17 67 -8
17 29 -1
17 18 10
17 65 -3
17 75 2
17 62 3
17 83 7
17 20 -6
17 78 0
17 27 2
17 61 -5
17 33 -5
17 22 0
17 55 9
17 73 3
17 76 -2
17 97 -1
17 51 -3
17 84 -7
17 99 2
18 64 7
18 67 -6
18 51 -3
18 21 -7
18 77 -5
18 95 1
18 63 -7
18 89 2
18 85 6
18 83 -7
18 81 7
18 79 2
18 35 -2
18 55 1
18 25 -8
18 38 10
18 41 -10
18 49 -4
18 34 -4
18 26 -2
18 39 -10
18 58 -10
18 28 -4
18 75 -5
18 66 -8
18 71 1
18 57 7
18 88 0
18 68 1
18 59 -1
18 45 4
18 76 -7
18 80 6
18 65 9
18 69 8
18 97 -1
18 53 1
18 43 7
18 92 -10
18 74 5
18 40 -1
18 32 -10
18 61 7
18 30 1
19 91 -10
19 48 -2
19 69 8
19 27 -8
19 26 5
19 24 3
19 88 2
19 49 1
19 81 -9
19 64 -6
19 41 -3
19 62 -8
19 87 -7
19 67 -9
19 90 -7
19 39 6
19 85 -10
19 66 -7
19 58 -3
19 34 10
19 42 -6
19 71 9
19 20 0
19 38 -9
19 68 4
19 45 8
19 32 0
19 52 -2
19 93 -1
19 72 3
19 44 -2
19 95 8
19 23 2
19 31 -8
19 59 -8
19 89 2
19 25 -6
19 86 3
20 94 10
20 43 2
20 52 1
20 92 2
20 57 -9
20 63 -7
20 36 2
20 85 -6
20 73 -6
20 27 10
20 90 -3
20 29 7
20 33 1
20 98 -7
20 44 8
20 55 4
20 30 -10
20 100 -7
20 87 1
20 47 -6
20 78 -7
20 66 1
20 49 -1
20 39 -6
20 89 3
20 69 -9
20 74 -10
20 45 -6
20 25 -8
20 86 3
20 71 -3
20 58 6
20 77 -5
20 67 2
20 35 2
20 32 -6
20 40 -6
20 38 -2
20 31 -7
20 41 -7
20 91 1
20 53 8
20 22 10
20 76 6
21 28 10
21 30 1
21 67 -10
21 60 -9
21 69 -5
21 53 -4
21 62 -5
21 58 6
21 82 0
21 73 0
21 57 9
21 77 -4
21 37 -6
21 89 5
21 51 2
21 83 1
21 96 5
21 54 8
21 100 0
21 93 -1
21 64 9
21 95 -1
21 85 4
21 50 0
21 98 -3
21 79 -10
21 56 5
21 29 -1
21 63 3
21 38 -2
21 35 10
21 91 -3
21 59 -8
21 94 7
21 24 7
21 81 6
21 31 0
21 86 9
22 89 -8
22 72 3
22 52 1
22 44 7
22 25 7
22 37 6
22 57 -9
22 33 -10
22 36 -7
22 95 -7
22 62 7
22 41 10
22 94 -9
22 56 4
22 84 3
22 49 -5
22 39 -5
22 32 9
22 45 -8
22 71 9
22 54 -2
22 47 7
22 28 2
22 26 -7
22 76 -10
22 35 9
22 29 4
22 46 -7
22 70 6
22 40 -10
22 82 -7
22 86 -5
22 30 0
22 55 2
22 61 10
22 53 10
22 79 8
22 31 2
22 100 -10
22 48 -9
23 82 -9
23 32 -2
23 48 -1
23 89 -8
23 67 6
23 29 1
23 34 7
23 31 -6
23 59 8
23 49 4
23 30 7
23 46 6
23 70 3
23 24 -6
23 62 4
23 45 -3
23 86 -7
23 97 -7
23 64 -10
23 42 1
23 84 4
23 76 -1
23 25 1
23 54 5
23 65 -1
23 91 -9
23 88 2
23 39 3
23 63 6
23 69 -6
23 71 2
23 57 8
23 61 2
23 66 -2
23 40 2
23 27 9
23 52 2
23 51 -4
23 72 6
23 43 -1
23 79 -3
23 53 6
24 74 4
24 52 10
24 86 -2
24 77 3
24 90 9
24 65 -7
24 28 -8
24 55 -8
24 98 -8
24 91 -6
24 84 -4
24 37 5
24 44 7
24 81 -6
24 36 -6
24 34 5
24 97 -3
24 64 2
24 45 -5
24 70 -4
24 63 -2
24 100 4
24 40 2
24 53 -10
24 75 0
24 31 7
24 58 5
24 61 3
25 82 -1
25 77 -3
25 71 2
25 81 8
25 79 8
25 28 4
25 47 -2
25 36 -4
25 89 -3
25 95 10
25 62 -6
25 93 5
25 69 8
25 100 -6
25 56 -4
25 63 1
25 86 7
25 70 -4
25 88 -2
25 97 9
25 58 -5
25 78 9
25 83 7
25 91 -10
25 50 8
25 26 -7
25 35 -3
25 84 -8
25 87 5
25 72 10
25 65 6
25 64 9
25 49 -7
25 99 -4
25 48 9
25 39 -8
25 51 9
25 43 1
25 33 -5
26 50 3
26 53 -3
26 57 -8
26 32 -8
26 48 6
26 46 4
26 74 4
26 59 2
26 28 8
26 39 4
26 49 -6
26 71 -1
26 72 4
26 89 -3
26 47 -1
26 51 8
26 91 -10
26 84 -10
26 30 7
26 64 -4
26 94 -10
26 80 -2
26 92 6
26 87 0
26 43 -6
26 34 8
26 41 -6
26 93 5
26 33 4
26 100 -10
26 82 2
26 31 7
26 78 3
26 76 -8
26 37 7
26 36 -10
26 38 -7
26 90 2
26 73 1
26 88 -1
26 58 -6
27 72 -3
27 78 9
27 77 4
27 83 -2
27 74 -3
27 60 7
27 32 6
27 54 -4
27 50 7
27 76 5
27 68 7
27 92 0
27 39 -1
27 58 4
27 34 4
27 67 6
27 98 7
27 64 2
27 52 9
27 61 -6
27 63 -1
27 33 -2
27 37 2
27 70 4
27 100 9
27 44 1
27 69 -1
27 93 -1
27 97 5
27 96 10
27 42 -5
27 99 10
27 41 0
27 30 -6
27 55 -2
27 31 1
28 56 -8
28 95 4
28 44 -9
28 42 4
28 46 -2
28 52 3
28 100 8
28 97 0
28 89 -3
28 93 -6
28 77 -4
28 31 -10
28 33 -9
28 38 2
28 82 -10
28 83 9
28 63 6
28 94 0
28 55 5
28 35 -7
28 30 -2
28 51 -2
28 73 1
28 29 -9
28 60 -2
28 65 5
28 87 4
28 92 -5
28 74 -8
28 32 7
28 37 -4
28 62 -5
28 96 8
28 86 9
28 48 -10
28 50 -7
28 58 8
28 59 1
28 85 -7
28 39 6
28 64 8
28 47 -9
29 38 2
29 75 -6
29 94 1
29 46 -4
29 72 8
29 66 -4
29 31 1
29 61 -9
29 71 3
29 76 4
29 92 3
29 58 -10
29 100 -4
29 88 -4
29 41 9
29 81 6
29 40 8
29 73 6
29 87 7
29 42 0
29 96 -9
29 47 4
29 56 3
29 50 3
29 91 -6
29 35 -6
29 53 -5
29 89 6
29 55 -7
29 95 3
29 65 -7
29 93 -6
29 49 -10
29 67 -1
29 99 -8
29 78 2
29 64 1
29 37 -3
29 74 -2
29 30 -6
29 85 10
29 63 10
29 34 -3
29 80 -9
30 87 -5
30 47 2
30 92 7
30 66 -2
30 98 2
30 97 8
30 42 -3
30 38 -3
30 52 8
30 57 -7
30 34 -1
30 49 1
30 71 -5
30 99 -9
30 65 -2
30 85 -9
30 62 3
30 31 -9
30 36 -1
30 69 2
30 50 -4
30 56 -5
30 68 2
30 70 -5
30 64 -10
30 94 -4
30 41 -8
30 33 5
30 61 4
30 80 -10
30 58 -4
30 63 9
30 46 9
30 55 5
30 89 3
30 35 -9
30 48 -8
30 95 -7
30 39 -6
30 53 5
31 55 -2
31 90 -7
31 99 -3
31 70 10
31 91 3
31 37 2
31 42 4
31 60 1
31 40 -1
31 67 -5
31 92 5
31 34 -6
31 69 9
31 100 -5
31 62 -1
31 83 2
31 72 6
31 76 9
31 32 3
31 50 8
31 78 -6
31 53 -6
31 46 4
31 94 1
31 73 -5
31 63 -8
31 48 10
31 38 -9
31 96 7
31 64 3
31 33 9
31 65 -10
31 84 9
31 45 -5
31 86 2
32 35 8
32 43 -7
32 84 -8
32 79 5
32 83 6
32 80 9
32 61 -10
32 74 6
32 85 5
32 67 6
32 93 -5
32 34 4
32 96 -1
32 68 9
32 50 -3
32 75 2
32 62 -1
32 37 8
32 52 5
32 69 8
32 36 -7
32 40 6
32 86 -8
32 97 -10
32 45 10
32 87 -9
32 41 -2
32 98 9
32 82 2
32 57 -5
32 89 -8
32 100 10
32 53 -5
32 55 7
33 55 -5
33 87 -5
33 59 -10
33 96 3
33 94 -9
33 100 -9
33 53 4
33 52 -2
33 78 0
33 36 8
33 63 -5
33 93 -2
33 68 -3
33 60 -9
33 39 6
33 75 1
33 84 -4
33 77 5
33 98 8
33 45 -10
33 64 3
33 83 -5
33 49 4
33 67 1
34 65 -6
34 78 -3
34 92 6
34 67 -2
34 88 4
34 69 9
34 96 1
34 45 9
34 36 -6
34 79 4
34 59 -8
34 83 5
34 48 5
34 87 2
34 61 -5
34 37 -6
34 95 6
34 84 -2
34 43 -7
34 74 1
34 99 -4
34 71 -9
34 91 -5
34 72 10
34 62 -1
34 76 2
34 80 -3
34 89 -2
34 54 2
34 86 3
34 47 2
34 40 10
34 82 0
34 77 0
35 49 -3
35 66 -3
35 87 -2
35 63 10
35 65 5
35 45 3
35 41 -6
35 67 8
35 86 5
35 73 2
35 69 5
35 75 9
35 89 9
35 60 -1
35 80 2
35 52 -8
35 61 -10
35 56 5
35 58 -2
35 83 5
35 91 -5
35 44 -2
35 54 6
35 88 1
35 55 -4
35 53 7
35 84 6
35 70 7
35 99 4
35 95 10
35 62 6
35 47 0
35 78 6
35 38 6
36 51 8
36 74 -3
36 53 -9
36 85 8
36 73 6
36 89 10
36 63 -3
36 93 -7
36 79 -4
36 66 1
36 49 -6
36 42 -5
36 47 1
36 95 8
36 58 10
36 76 -3
36 46 -7
36 69 -2
36 68 -10
36 52 -4
36 40 -4
36 37 -1
36 39 -6
36 60 -5
36 64 5
36 96 9
36 57 -7
36 86 9
36 83 5
36 84 -4
36 77 -6
36 48 -5
37 94 6
37 51 5
37 85 6
37 80 -4
37 57 -9
37 68 0
37 44 -1
37 63 -3
37 54 0
37 84 -4
37 86 10
37 100 -4
37 59 -4
37 71 9
37 73 -5
37 92 -7
37 75 -5
37 40 7
37 70 0
37 82 -4
37 58 -7
37 45 1
37 64 -2
37 96 -8
37 98 -5
37 46 -6
38 79 -9
38 99 6
38 49 -8
38 92 -4
38 80 6
38 48 8
38 39 8
38 68 -2
38 90 5
38 91 1
38 61 5
38 56 4
38 93 -4
38 54 -6
38 89 -4
38 64 -6
38 77 1
38 88 10
38 45 0
38 100 -4
38 83 -3
38 96 8
38 86 -8
38 42 10
38 71 9
38 97 -10
38 66 10
38 43 -9
38 60 0
38 78 1
38 94 6
38 85 9
38 46 1
38 55 -8
38 41 -5
39 50 -2
39 81 -9
39 79 -9
39 57 -8
39 70 7
39 78 6
39 45 -1
39 96 -9
39 46 9
39 64 -10
39 77 10
39 88 9
39 91 -4
39 62 -10
39 63 5
39 65 -3
39 42 -5
39 89 -10
39 87 6
39 54 -8
39 56 -6
39 41 -8
39 61 -4
39 98 -5
39 67 -2
39 74 2
40 69 -2
40 89 1
40 64 8
40 71 1
40 77 8
40 86 10
40 76 -8
40 48 -8
40 83 0
40 82 -8
40 96 -4
40 85 -5
40 50 -6
40 68 2
40 98 1
40 43 -6
40 94 0
40 84 -6
40 92 8
40 63 6
40 65 7
40 90 -7
40 75 -2
40 99 -2
40 55 2
41 50 10
41 59 8
41 81 -8
41 74 10
41 47 5
41 89 -4
41 46 -6
41 94 7
41 44 -6
41 83 -3
41 99 5
41 65 -2
41 70 5
41 97 7
41 85 6
41 95 5
41 42 6
41 87 -7
41 49 -3
41 53 -7
41 48 -10
41 91 -8
41 56 -10
41 82 2
41 88 -3
41 92 2
41 60 -7
41 69 2
41 61 9
41 96 10
41 84 9
41 79 6
41 63 -8
41 80 5
42 95 -9
42 85 3
42 66 -4
42 61 -6
42 47 -6
42 64 6
42 57 0
42 75 -2
42 54 4
42 59 10
42 88 5
42 65 9
42 43 8
42 98 3
42 67 10
42 69 3
42 70 -5
42 55 4
42 49 0
42 96 3
42 87 0
42 50 6
42 80 8
42 73 7
42 94 7
42 79 -1
42 84 7
42 53 9
42 91 -2
42 46 -3
42 97 9
43 58 10
43 52 1
43 49 5
43 96 7
43 48 -4
43 53 5
43 46 2
43 98 9
43 50 -5
43 100 2
43 45 2
43 99 -4
43 67 -6
43 72 -9
43 91 9
43 44 -1
43 76 1
43 66 8
43 55 1
43 82 -1
43 77 9
43 84 -3
43 81 7
43 61 -9
43 86 9
43 85 -8
43 89 1
43 56 -6
44 100 2
44 65 -1
44 46 -4
44 82 0
44 58 8
44 79 3
44 90 -8
44 86 7
44 66 9
44 71 1
44 53 -1
44 55 -7
44 92 3
44 62 7
44 70 0
44 61 3
44 75 -10
44 83 1
44 88 -2
44 81 6
44 69 -5
44 45 1
44 72 8
44 89 -8
44 93 3
44 94 -3
44 97 -6
44 91 9
45 56 9
45 91 -1
45 51 5
45 84 -8
45 85 -9
45 69 -6
45 94 3
45 72 2
45 64 5
45 52 8
45 92 -8
45 66 9
45 83 3
45 67 3
45 95 -6
45 58 -10
45 93 7
45 77 -3
45 100 -10
45 86 10
45 62 7
45 50 10
45 59 7
45 81 1
45 61 -10
45 60 -10
46 66 -10
46 82 -2
46 99 -10
46 68 -9
46 93 0
46 91 10
46 50 5
46 54 2
46 67 -4
46 56 -4
46 95 1
46 57 -2
46 63 -3
46 94 1
46 100 -9
46 75 -6
46 80 1
46 89 10
46 61 3
46 83 10
46 71 -5
46 59 0
46 77 -8
46 84 1
46 48 -6
46 74 -4
46 52 1
46 49 -5
46 81 -8
46 53 9
46 47 9
46 72 1
46 92 3
47 48 3
47 70 -10
47 55 -7
47 72 7
47 75 -8
47 52 8
47 65 -9
47 49 -5
47 62 10
47 60 9
47 53 3
47 79 8
47 83 -5
47 91 -7
47 89 -2
47 85 3
47 76 7
47 95 -6
47 94 4
47 92 8
47 84 -5
47 77 0
47 59 6
47 58 7
48 53 -3
48 78 5
48 79 9
48 89 -7
48 97 7
48 81 -9
48 64 -9
48 84 4
48 86 4
48 99 5
48 55 2
48 59 -5
48 83 4
48 93 -6
48 62 3
48 80 -1
48 96 -10
48 88 6
48 49 -5
48 100 4
48 65 8
48 91 3
49 54 -5
49 56 2
49 90 4
49 79 -1
49 83 4
49 53 9
49 59 -10
49 77 3
49 95 -3
49 62 5
49 58 10
49 57 4
49 65 8
49 84 -2
49 81 -2
49 63 1
49 64 10
49 50 3
49 73 10
49 75 10
49 93 -4
49 87 -10
49 60 -8
49 88 -8
49 52 -7
49 61 5
50 94 -9
50 83 -4
50 62 -1
50 99 1
50 88 -3
50 80 -7
50 74 -7
50 56 8
50 82 8
50 69 -6
50 89 -2
50 57 -4
50 68 -6
50 97 3
50 95 -2
50 98 -1
50 76 -9
50 52 6
50 51 2
50 58 -3
50 92 -7
50 81 -2
50 86 0
50 73 -6
50 67 -5
50 91 -2
50 79 1
50 59 5
51 62 -5
51 67 5
51 61 6
51 63 0
51 90 8
51 74 7
51 65 6
51 72 1
51 79 8
51 59 1
51 55 -2
51 57 -3
51 75 6
51 58 7
51 89 4
51 95 -1
51 82 -2
51 76 -10
51 73 6
51 64 0
51 78 3
51 54 -8
51 88 -10
51 66 -2
51 85 4
51 80 -4
51 84 0
51 91 6
51 77 -6
52 89 9
52 55 9
52 79 -8
52 53 2
52 84 -8
52 74 -1
52 98 -4
52 67 7
52 92 -5
52 64 -8
52 59 0
52 85 -5
52 94 10
52 68 10
52 65 0
52 83 -1
52 100 -4
52 96 -8
52 72 5
52 78 1
52 58 8
52 82 -3
52 62 -4
52 56 -6
52 66 1
53 98 5
53 76 -5
53 79 2
53 96 -9
53 91 1
53 55 4
53 60 -2
53 85 -5
53 88 -4
53 93 7
53 65 0
53 92 1
53 72 0
53 78 4
53 82 -1
53 77 -2
53 73 -5
53 66 1
53 54 -3
53 56 -8
53 81 8
53 58 0
53 90 -8
53 71 4
53 95 10
53 84 -7
53 100 -6
53 80 5
54 87 -10
54 80 -8
54 60 -4
54 84 2
54 71 1
54 61 -4
54 86 1
54 90 2
54 58 5
54 66 -3
54 78 9
54 56 9
54 83 -5
54 91 8
54 88 6
54 70 4
54 85 3
54 65 -7
54 98 -10
54 92 -3
54 81 -1
54 72 1
54 76 -6
54 62 8
54 99 6
54 96 -8
55 56 3
55 79 -1
55 100 4
55 61 -4
55 77 2
55 91 8
55 65 2
55 86 2
55 98 -1
55 69 -6
55 97 -5
55 57 -2
55 78 -6
55 59 -4
55 75 8
55 68 -4
55 87 -4
55 85 8
55 73 1
55 96 -8
55 76 -10
55 70 8
55 89 5
55 81 2
55 84 -9
56 90 -9
56 91 10
56 75 -6
56 96 5
56 85 3
56 73 -10
56 76 -1
56 82 -6
56 67 -8
56 78 -6
56 63 2
56 95 7
56 62 -5
56 58 -9
56 74 -9
56 80 -3
56 89 -4
56 69 -10
56 68 -5
56 84 -6
57 90 -8
57 85 6
57 80 3
57 74 5
57 67 -10
57 71 -4
57 65 -8
57 59 -10
57 73 -2
57 69 -8
57 70 10
57 99 0
57 96 1
57 97 -6
57 88 10
57 75 8
57 100 2
57 93 -4
57 84 8
57 78 4
57 61 -9
57 94 8
57 62 3
58 95 2
58 92 3
58 100 0
58 97 0
58 61 3
58 63 7
58 82 6
58 64 -5
58 69 -1
58 70 -2
58 76 -8
58 99 4
58 79 4
58 72 6
58 60 -8
58 73 2
58 85 10
58 74 0
58 81 -1
58 77 6
58 86 1
58 78 -6
59 63 -3
59 84 2
59 85 6
59 71 -6
59 93 -2
59 66 6
59 65 -1
59 76 5
59 81 -1
59 82 8
59 69 1
59 64 -1
59 99 0
59 75 -2
59 74 0
59 87 -6
59 100 -8
59 68 -5
59 78 4
60 73 1
60 67 -10
60 98 -1
60 80 2
60 81 -10
60 64 -3
60 70 -5
60 90 2
60 88 10
60 87 6
60 69 4
60 83 10
60 68 -2
60 75 9
60 97 -3
60 85 2
60 92 -1
60 65 -5
60 94 -1
60 82 -7
60 89 4
60 63 -9
61 62 -4
61 87 -8
61 95 -6
61 89 -4
61 94 -10
61 74 -5
61 91 -7
61 81 6
61 64 4
61 76 -9
61 70 -8
61 92 -10
61 100 5
61 97 -4
61 98 2
61 86 -4
61 79 6
61 73 6
62 75 -2
62 80 3
62 85 4
62 89 6
62 92 -8
62 94 -6
62 98 -7
62 91 -4
62 70 -10
62 96 -2
62 81 4
62 97 1
62 66 10
62 78 9
62 82 -2
62 84 1
62 71 -3
62 95 6
63 77 9
63 92 -10
63 80 8
63 86 -4
63 74 -8
63 88 1
63 75 -10
63 66 -7
63 68 6
63 85 -9
63 100 -3
63 96 4
63 94 0
63 87 -7
63 65 0
63 72 -10
64 86 10
64 94 1
64 74 6
64 98 10
64 91 2
64 68 -7
64 84 -3
64 95 0
64 85 -2
64 70 -7
64 76 -7
64 100 -4
65 70 5
65 69 -9
65 76 -5
65 92 -7
65 86 1
65 93 0
65 67 4
65 77 5
65 72 -3
65 89 -2
65 81 -4
65 75 -6
65 99 -4
65 94 -7
65 100 -4
65 85 -1
65 90 3
65 79 -7
66 86 -9
66 90 3
66 100 10
66 81 -10
66 73 3
66 96 -2
66 74 -3
66 84 -9
66 89 8
66 79 4
66 93 8
66 72 -8
66 75 5
66 92 -9
66 99 -1
66 88 -10
66 95 -1
67 91 0
67 92 2
67 78 -9
67 68 -10
67 96 5
67 97 6
67 83 10
67 80 -1
67 76 6
67 74 8
67 73 8
67 93 9
67 71 -1
67 94 4
67 85 1
67 89 7
67 95 10
67 90 9
67 69 0
67 99 0
68 85 1
68 95 -3
68 75 8
68 71 8
68 87 7
68 80 1
68 81 -5
68 92 0
68 73 10
68 86 3
68 69 -10
68 88 -7
68 82 -6
68 76 4
68 83 -10
68 84 -9
68 98 -5
68 96 0
68 89 9
69 90 4
69 72 -1
69 94 -3
69 86 6
69 99 9
69 76 -4
69 98 7
69 80 -2
69 81 -4
69 77 5
69 93 10
69 79 -1
69 85 -3
69 82 -2
69 92 8
70 93 -2
70 78 -9
70 75 -8
70 74 0
70 94 -4
70 82 0
70 96 0
70 91 6
70 76 -5
70 92 -7
70 98 -1
70 88 6
70 85 -2
70 81 -9
71 76 -9
71 93 5
71 92 9
71 78 -2
71 75 -1
71 95 5
71 85 -8
71 80 9
71 99 10
71 83 -4
71 94 1
71 100 -10
71 90 -9
71 87 -2
72 97 2
72 85 9
72 98 5
72 90 0
72 82 9
72 79 5
72 81 1
72 74 -8
72 92 3
72 78 -2
72 95 5
72 75 7
73 86 -10
73 79 2
73 89 2
73 91 8
73 92 0
73 75 3
73 82 -2
73 80 4
73 97 -1
73 74 9
73 99 2
73 87 10
74 100 9
74 93 -7
74 78 -10
74 79 1
74 99 -3
74 83 2
74 90 -5
74 80 9
74 98 1
74 76 8
74 84 6
74 85 -8
75 80 10
75 93 6
75 77 -10
75 100 -2
75 89 7
75 87 5
75 97 -8
75 76 -9
75 95 -5
75 96 3
75 90 -7
75 99 2
75 94 -3
75 92 -4
75 86 1
75 79 0
76 90 1
76 87 -6
76 96 1
76 78 2
76 93 5
76 77 -10
76 88 2
76 84 2
76 99 -6
76 80 4
76 95 6
76 92 -10
77 92 -3
77 88 -1
77 97 3
77 78 10
77 86 -5
77 84 7
77 80 2
77 95 1
78 91 4
78 100 6
78 86 6
78 83 -9
78 95 0
78 80 10
78 81 10
78 82 -10
78 98 -4
78 97 7
78 92 -10
78 93 -3
78 87 1
78 89 8
79 94 -1
79 89 3
79 87 -7
79 81 -4
79 86 -4
79 84 -8
79 93 1
80 90 -10
80 96 0
80 93 5
80 82 -8
80 83 -6
80 89 -9
80 87 4
80 97 7
80 99 10
80 81 10
80 94 -2
81 91 3
81 92 5
81 97 4
81 96 4
81 99 0
81 90 -7
81 84 9
81 93 5
81 87 5
81 88 -9
82 89 8
82 87 8
82 91 -5
82 88 -10
82 85 -10
82 98 -8
82 99 3
82 94 -10
83 89 -10
83 87 2
83 88 9
83 85 -6
83 92 5
83 96 10
83 100 4
83 90 7
83 86 9
84 91 10
84 89 7
84 85 -2
84 92 6
84 97 -8
84 86 -4
84 88 3
85 93 7
85 89 -3
85 97 -1
85 87 8
85 94 -10
85 88 -5
85 100 7
85 90 5
85 96 -6
85 99 2
86 98 10
86 92 8
86 91 -5
86 96 -1
86 94 -7
86 95 -9
86 99 5
86 89 9
86 97 -5
86 87 10
87 90 1
87 98 -5
88 89 10
88 98 -1
88 90 1
88 96 3
88 95 5
88 93 -1
89 91 -5
89 99 -7
89 100 -8
89 92 3
89 98 -10
89 94 10
90 96 -9
90 93 3
90 95 2
90 99 6
90 100 -7
91 96 -10
91 95 -9
91 97 9
91 93 7
92 97 -8
92 93 10
92 96 0
92 99 8
93 100 -5
93 99 -7
93 95 8
93 94 1
93 97 0
94 96 0
94 97 2
94 99 10
94 95 -5
94 98 10
94 100 -2
95 100 10
97 100 -2
97 99 3
98 99 8
98 100 10
99 100 3
