100 2475 
1 26 -5
1 35 -10
1 57 0
1 75 -1
1 78 8
1 92 6
1 98 -5
1 88 -3
1 43 -1
1 82 -10
1 87 -5
1 47 5
1 20 -7
1 8 1
1 93 1
1 28 -2
1 40 8
1 77 1
1 2 -5
1 25 -2
1 30 -7
1 21 6
1 5 -1
1 76 6
1 89 -7
1 23 6
1 46 -1
1 44 1
1 45 -3
1 64 2
1 39 4
1 14 1
1 52 -5
1 38 -10
1 84 3
1 61 -9
1 18 7
1 67 9
1 97 -1
1 9 6
1 6 9
1 81 3
1 94 -9
1 68 5
1 13 2
1 41 6
1 66 1
1 56 -3
1 42 -7
2 45 0
2 19 9
2 37 9
2 91 1
2 67 -6
2 51 -8
2 30 3
2 81 4
2 18 2
2 89 4
2 57 -2
2 8 -9
2 25 8
2 48 -9
2 87 -4
2 7 0
2 79 10
2 47 1
2 17 -8
2 49 8
2 56 1
2 94 -9
2 62 8
2 82 -9
2 96 9
2 75 7
2 74 -6
2 61 1
2 80 -4
2 36 -4
2 95 3
2 33 -1
2 15 9
2 34 6
2 54 0
2 16 5
2 20 -2
2 88 -2
2 44 -5
2 38 1
2 31 -4
2 4 -6
2 12 -7
3 45 6
3 96 -8
3 35 -1
3 50 -10
3 87 0
3 4 -3
3 14 2
3 99 -9
3 25 -5
3 56 -5
3 15 2
3 84 3
3 71 -3
3 5 3
3 95 6
3 28 8
3 34 8
3 6 1
3 9 4
3 77 6
3 57 2
3 60 2
3 30 -1
3 32 9
3 22 0
3 68 -4
3 80 5
3 67 1
3 86 -1
3 38 5
3 73 -10
3 79 -9
3 98 0
3 41 9
3 88 -1
3 40 1
3 7 -8
3 37 -3
3 91 -10
3 27 5
3 69 -8
3 74 2
3 49 -9
3 55 9
4 28 -8
4 66 -8
4 99 -9
4 88 -7
4 97 -2
4 74 6
4 85 2
4 22 10
4 18 3
4 83 7
4 92 -8
4 89 9
4 60 -7
4 45 -5
4 49 1
4 19 1
4 57 9
4 48 2
4 84 -6
4 39 7
4 80 -6
4 59 5
4 78 4
4 29 1
4 90 7
4 8 4
4 63 -1
4 13 4
4 41 -3
4 21 6
4 67 -4
4 33 -9
4 98 -5
4 44 -8
4 6 -3
4 17 3
4 79 -6
4 9 9
4 65 -7
4 38 -2
4 100 -5
4 87 7
4 23 3
4 26 3
4 86 -2
4 64 -1
5 77 -1
5 42 9
5 99 6
5 37 6
5 92 -2
5 23 7
5 67 -4
5 38 9
5 60 0
5 12 3
5 64 -1
5 68 -3
5 25 4
5 88 8
5 78 -8
5 36 9
5 21 0
5 93 -9
5 62 0
5 95 -6
5 89 -1
5 14 10
5 31 1
5 41 -10
5 18 -6
5 6 -6
5 22 2
5 98 -5
5 72 -1
5 46 -4
5 7 -2
5 91 -7
5 30 -1
5 90 2
5 11 6
5 44 5
5 10 2
5 73 -8
5 39 4
5 65 -3
5 48 -5
5 86 5
5 56 -8
5 54 1
5 32 -8
5 52 8
5 58 -4
5 13 3
5 66 2
6 52 8
6 100 10
6 65 7
6 7 8
6 42 6
6 62 0
6 22 1
6 68 -9
6 76 -8
6 20 -7
6 79 2
6 87 9
6 60 -3
6 94 -6
6 29 10
6 26 7
6 56 1
6 67 -10
6 73 9
6 39 3
6 15 -3
6 17 3
6 21 1
6 63 9
6 11 0
6 40 10
6 36 7
6 27 6
6 66 5
6 32 10
6 50 9
6 9 10
6 49 6
6 48 5
6 81 9
6 54 -10
6 24 10
6 71 7
6 34 1
6 43 9
6 30 -10
6 38 -1
6 97 6
6 75 -3
6 13 6
7 56 10
7 86 -3
7 42 -7
7 52 10
7 82 2
7 81 4
7 87 -6
7 72 -8
7 12 -3
7 79 -2
7 65 0
7 94 3
7 90 -8
7 77 10
7 20 -3
7 89 -7
7 48 -6
7 63 10
7 29 -4
7 73 -5
7 64 3
7 84 4
7 66 6
7 100 -10
7 83 0
7 61 -10
7 93 4
7 30 -5
7 15 -9
7 62 1
7 88 6
7 53 -4
7 44 -4
7 22 -6
7 59 0
7 54 -1
7 32 5
7 74 -10
7 41 -1
7 39 -1
7 19 -3
7 35 -6
7 78 7
7 96 -10
7 40 -9
7 46 -5
7 76 2
8 37 -4
8 62 2
8 24 7
8 48 10
8 49 8
8 53 10
8 87 -10
8 99 8
8 66 -6
8 72 -9
8 19 -4
8 35 -7
8 17 7
8 91 2
8 43 -8
8 97 6
8 70 -2
8 79 -3
8 38 10
8 61 6
8 71 -9
8 96 -7
8 77 9
8 29 -7
8 93 -5
8 23 -5
8 63 -10
8 86 -3
8 55 1
8 76 6
8 98 -1
8 25 9
8 69 8
8 78 -2
8 21 8
8 31 9
8 39 6
8 40 -6
8 14 -8
8 26 -1
8 52 10
8 50 -9
8 57 1
8 54 10
8 15 -7
8 9 7
8 89 -1
8 75 -8
8 32 -9
9 96 5
9 90 -4
9 77 9
9 12 -8
9 73 -10
9 29 -1
9 86 -8
9 18 5
9 40 3
9 74 7
9 16 -3
9 54 -4
9 46 8
9 79 7
9 71 7
9 24 -4
9 44 9
9 99 -9
9 49 2
9 82 -4
9 63 8
9 94 1
9 13 0
9 64 2
9 53 2
9 88 3
9 83 -2
9 97 -1
9 59 -5
9 20 -1
9 41 3
9 92 0
9 93 0
9 39 -2
9 95 2
9 36 4
9 68 -7
9 72 -9
9 38 -2
9 43 6
9 23 0
10 22 -8
10 70 -5
10 26 -4
10 75 -5
10 37 -3
10 82 -10
10 63 6
10 81 0
10 99 -7
10 41 4
10 78 7
10 17 6
10 27 5
10 29 5
10 24 8
10 64 3
10 90 10
10 11 -9
10 98 -8
10 32 -2
10 40 8
10 91 0
10 68 3
10 72 0
10 69 9
10 74 3
10 42 4
10 86 -8
10 66 1
10 15 6
10 60 3
10 89 -2
10 80 -4
10 33 8
10 77 -1
10 46 -10
10 49 6
10 39 5
10 36 -7
10 23 -7
10 48 -8
10 92 0
10 53 -8
10 56 -4
10 76 0
10 44 -6
10 31 2
10 96 9
10 85 10
10 67 7
10 47 -4
10 65 7
11 91 -2
11 31 3
11 45 -2
11 59 6
11 81 -2
11 76 -1
11 98 1
11 27 1
11 69 5
11 100 10
11 19 -1
11 39 2
11 13 -2
11 24 10
11 68 -5
11 21 -5
11 82 -7
11 23 -2
11 33 -10
11 46 2
11 40 3
11 43 8
11 72 10
11 67 -3
11 55 -8
11 94 -5
11 34 -8
11 99 -1
11 74 10
11 84 -9
11 56 -5
11 17 -7
11 73 7
11 38 1
11 70 -6
11 54 -7
11 28 -8
11 44 9
11 26 -10
11 48 7
11 14 -2
11 71 -8
11 47 8
12 19 2
12 74 10
12 28 6
12 82 7
12 22 -9
12 24 10
12 69 5
12 72 -3
12 42 7
12 60 10
12 37 3
12 93 10
12 71 -2
12 85 10
12 34 -8
12 36 -4
12 49 -5
12 35 8
12 30 1
12 94 -8
12 95 -9
12 47 -1
12 32 -7
12 98 -4
12 26 1
12 58 3
12 70 -3
12 50 0
12 52 -1
12 57 -5
12 45 8
12 78 2
12 77 -5
12 67 8
12 53 4
12 40 10
12 54 -10
12 83 4
12 20 -4
12 80 0
12 65 -7
12 79 0
12 63 -6
12 100 7
12 55 9
12 86 0
12 75 4
12 39 -8
12 91 -2
12 56 3
12 76 -9
12 51 0
13 26 2
13 17 -7
13 89 3
13 30 -9
13 81 -5
13 25 1
13 69 -9
13 87 -10
13 74 5
13 54 5
13 94 -3
13 71 1
13 19 10
13 60 4
13 100 -9
13 51 -3
13 97 -10
13 86 -7
13 37 1
13 22 -9
13 73 7
13 44 -2
13 16 -9
13 28 -3
13 55 9
13 96 10
13 48 -5
13 78 1
13 80 5
13 62 -3
13 61 6
13 39 -7
13 79 -5
13 29 -8
13 36 -8
13 23 -4
13 93 -8
13 33 10
13 32 9
13 88 -9
13 98 -9
14 93 -9
14 70 6
14 23 -6
14 78 3
14 17 -9
14 21 7
14 73 -3
14 33 -9
14 84 0
14 29 0
14 69 10
14 86 -1
14 81 7
14 35 -9
14 42 -9
14 62 8
14 47 0
14 96 9
14 19 -7
14 72 -7
14 50 6
14 76 -1
14 54 3
14 28 -3
14 87 -2
14 38 0
14 94 -4
14 100 8
14 77 -7
14 59 -10
14 75 2
14 56 -1
14 37 -4
14 55 5
14 49 -1
14 63 -4
14 82 -5
14 57 1
14 41 1
14 25 -2
14 24 -5
14 46 -5
15 59 -6
15 53 -2
15 84 -4
15 21 2
15 36 -6
15 89 0
15 70 -9
15 51 -7
15 23 4
15 35 9
15 76 9
15 69 -1
15 96 -1
15 72 5
15 38 -3
15 55 -3
15 39 -10
15 90 -2
15 73 3
15 17 8
15 86 -9
15 42 -9
15 32 9
15 45 -5
15 30 -6
15 47 -2
15 80 8
15 82 2
15 88 10
15 61 5
15 93 5
15 87 -4
15 83 0
15 27 1
15 91 9
15 60 -4
15 16 -3
15 68 -5
16 93 0
16 33 4
16 76 5
16 84 4
16 60 -4
16 38 0
16 29 -8
16 85 -1
16 65 2
16 77 7
16 55 -5
16 70 1
16 20 -4
16 72 2
16 43 -10
16 86 8
16 31 -4
16 82 8
16 90 4
16 51 -3
16 35 1
16 40 -3
16 94 -10
16 89 -7
16 34 -10
16 30 3
16 23 -7
16 49 2
16 37 7
16 19 -6
16 92 -1
16 53 8
17 35 -7
17 45 -10
17 21 -4
17 28 8
17 86 -7
17 54 -5
17 83 -10
17 76 5
17 90 -1
17 82 -5
17 34 0
17 89 -1
17 64 -7
17 42 -10
17 74 6
17 61 4
17 41 3
17 78 -6
17 26 -9
17 71 10
17 60 9
17 22 -7
17 85 7
17 62 6
17 18 3
17 23 -10
17 38 -8
17 40 6
17 92 5
17 30 7
17 66 -9
17 50 -6
17 46 7
17 53 10
17 32 9
17 58 1
17 24 1
17 19 10
17 37 -9
18 53 -7
18 23 6
18 55 -2
18 76 2
18 77 -9
18 95 0
18 57 -4
18 62 1
18 69 5
18 19 -7
18 51 5
18 36 4
18 21 1
18 45 8
18 32 -4
18 34 0
18 88 0
18 86 4
18 61 -10
18 93 7
18 100 -5
18 37 9
18 82 4
18 78 0
18 90 3
18 42 4
18 80 -3
18 83 -9
18 60 6
18 74 -9
18 72 1
18 38 10
18 33 -6
18 24 -4
18 41 9
19 70 -9
19 51 -3
19 82 3
19 34 10
19 86 4
19 77 4
19 27 -3
19 32 -2
19 68 -9
19 67 -10
19 37 -1
19 30 -3
19 35 -5
19 87 9
19 22 4
19 60 -7
19 91 -2
19 29 -2
19 61 -9
19 23 -3
19 31 5
19 20 1
19 73 -10
19 25 -5
19 50 -10
19 52 2
19 97 1
19 81 10
19 69 -6
19 55 -9
19 44 6
19 36 5
19 59 5
19 45 7
19 56 0
19 58 5
19 43 10
19 94 -4
19 57 -4
19 76 -7
19 41 -1
19 42 -8
19 39 0
19 83 3
19 54 -2
20 42 9
20 88 -8
20 46 9
20 92 -4
20 69 4
20 48 6
20 24 6
20 95 -5
20 78 5
20 85 5
20 74 9
20 59 7
20 63 1
20 96 10
20 91 4
20 32 9
20 52 0
20 50 5
20 79 4
20 49 7
20 86 7
20 65 -4
20 38 10
20 26 -5
20 39 6
20 45 -3
20 21 -5
20 66 2
20 57 -2
20 31 8
20 94 -6
20 61 10
20 62 4
20 81 -6
20 67 -5
20 75 3
20 68 -8
20 41 -10
20 37 -8
20 71 6
20 44 8
20 53 6
20 25 -2
20 89 -6
20 40 3
20 82 -7
20 70 -2
20 99 10
20 43 1
20 98 -7
20 35 -4
20 58 -9
21 100 4
21 51 -9
21 57 -1
21 42 -1
21 86 9
21 98 -10
21 63 7
21 94 6
21 33 -1
21 59 10
21 91 -6
21 82 -7
21 92 -1
21 36 8
21 89 10
21 65 -6
21 30 5
21 99 9
21 58 6
21 90 -3
21 41 8
21 85 -8
21 67 -7
21 40 -7
21 84 7
21 79 2
21 83 -9
21 50 0
21 70 -6
21 38 9
21 49 0
21 31 -10
21 35 -3
21 96 7
21 97 -9
21 76 2
21 66 -2
21 93 -9
21 77 10
21 54 -1
21 74 -3
21 52 8
21 78 -7
21 87 -7
21 23 10
21 48 4
21 34 4
22 53 6
22 68 0
22 31 0
22 26 -3
22 46 6
22 75 8
22 74 3
22 33 -9
22 58 1
22 93 -4
22 51 -3
22 97 0
22 54 8
22 81 -2
22 83 -2
22 41 -1
22 85 -5
22 95 2
22 34 4
22 91 -2
22 36 -7
22 48 3
22 88 6
22 94 -6
22 70 -3
22 30 -5
22 60 6
22 44 3
22 71 8
22 84 -2
22 25 4
22 42 -8
22 69 -7
22 67 8
22 61 -6
22 38 -9
22 73 -7
22 62 5
22 52 1
22 98 -1
23 92 -4
23 35 -2
23 72 3
23 76 6
23 55 -2
23 41 -5
23 45 -6
23 59 -10
23 71 -2
23 73 4
23 52 -8
23 39 7
23 79 -8
23 26 7
23 69 2
23 33 -7
23 48 4
23 68 5
23 80 0
23 94 -2
23 65 3
23 81 -1
23 37 6
23 61 7
23 99 -2
23 75 0
23 31 -6
23 96 0
23 77 -2
23 83 9
23 46 1
23 74 -5
23 67 1
23 98 -1
23 58 0
23 91 -7
23 47 6
23 49 9
23 25 -1
23 63 3
23 95 -5
23 56 -9
24 34 10
24 100 -2
24 46 -5
24 63 -4
24 53 -4
24 39 5
24 74 9
24 65 8
24 93 -2
24 57 -2
24 29 -8
24 38 0
24 56 9
24 68 -8
24 27 -7
24 48 -5
24 86 -10
24 62 -10
24 60 10
24 76 8
24 66 6
24 78 7
24 58 -8
24 90 5
24 85 6
24 33 0
24 98 -7
25 36 -2
25 85 7
25 59 1
25 69 -9
25 27 -7
25 74 7
25 82 3
25 30 -10
25 76 6
25 62 0
25 34 2
25 57 -8
25 56 -4
25 89 7
25 78 5
25 75 -8
25 71 -1
25 61 3
25 58 10
25 81 0
25 39 -9
25 86 1
25 64 3
25 45 0
25 99 9
25 72 -3
25 32 2
25 41 5
25 49 -3
26 74 4
26 90 -10
26 48 -1
26 84 -8
26 45 -1
26 36 9
26 27 0
26 43 -10
26 76 6
26 30 6
26 39 7
26 70 -6
26 62 5
26 53 4
26 41 -9
26 98 1
26 100 3
26 37 -7
26 61 -1
26 83 3
26 57 -4
26 44 4
26 72 -3
26 50 3
26 80 7
26 55 -5
26 54 10
26 99 -4
26 91 -4
26 85 -10
26 65 -10
27 77 -3
27 47 -2
27 89 5
27 59 3
27 67 6
27 83 -9
27 54 6
27 39 -8
27 45 4
27 88 -9
27 51 -9
27 58 3
27 90 0
27 50 -2
27 53 3
27 31 -3
27 60 3
27 57 2
27 56 0
27 85 7
27 28 -10
27 62 -2
27 68 -1
27 75 -5
27 34 0
27 37 -5
27 38 -4
27 36 -5
27 29 5
27 94 3
27 93 -3
27 76 -4
27 65 -5
27 40 6
27 73 -7
28 82 7
28 38 -7
28 47 2
28 86 8
28 83 7
28 85 -10
28 98 -9
28 78 -8
28 49 -8
28 34 -1
28 37 -4
28 40 -2
28 41 -6
28 57 -6
28 71 8
28 51 -7
28 66 10
28 31 7
28 48 -2
28 58 -1
28 74 0
28 39 1
28 89 6
28 50 -1
28 36 0
28 92 -2
28 70 -1
28 79 -7
28 42 7
28 53 -10
28 88 1
28 46 4
28 94 -2
28 95 2
28 35 8
28 59 -6
28 96 4
29 30 2
29 67 -8
29 70 -4
29 83 10
29 90 7
29 69 -2
29 32 2
29 89 8
29 97 10
29 33 -9
29 65 -6
29 88 -2
29 86 4
29 41 -3
29 34 10
29 38 8
29 54 -9
29 49 3
29 87 -9
29 66 -6
29 91 7
29 68 8
29 64 -5
29 73 -9
29 79 -8
29 62 0
29 92 3
29 76 -9
29 94 4
29 84 -7
29 40 4
29 98 5
29 93 -2
30 85 -3
30 72 -9
30 56 -1
30 86 10
30 53 10
30 87 6
30 52 10
30 79 8
30 95 -5
30 74 7
30 49 -4
30 77 3
30 50 4
30 57 2
30 69 5
30 62 -3
30 37 -10
30 82 4
30 64 -6
30 76 -7
30 80 6
30 59 3
30 66 -10
30 67 -6
30 97 10
30 81 0
30 75 -10
30 96 -1
30 34 2
30 100 5
31 43 2
31 42 -10
31 74 -6
31 95 6
31 85 -6
31 60 9
31 63 0
31 54 -3
31 41 -2
31 75 -4
31 50 4
31 76 7
31 32 -2
31 98 5
31 77 -1
31 68 -9
31 40 4
31 34 9
31 94 -3
31 61 0
31 78 7
31 35 -9
31 39 -8
31 81 -7
31 89 -2
31 51 -7
31 66 -8
31 48 5
31 91 2
31 33 8
31 65 -4
32 73 4
32 59 -9
32 34 4
32 94 6
32 48 -5
32 87 2
32 33 10
32 39 -6
32 40 -6
32 98 -4
32 46 -7
32 68 -9
32 99 -3
32 60 -8
32 41 9
32 52 -4
32 70 4
32 57 -2
32 42 -4
32 76 -6
32 50 -1
32 47 -5
32 71 -6
32 92 2
32 65 -2
32 81 7
32 61 4
32 77 -9
32 53 -9
32 96 -9
32 72 5
32 35 -2
32 86 3
32 82 -9
32 62 8
32 74 3
32 37 8
32 75 -7
32 67 8
32 44 -1
32 43 -3
33 55 9
33 98 6
33 76 -2
33 72 4
33 56 -4
33 70 0
33 34 -5
33 35 -6
33 85 -6
33 62 3
33 79 5
33 36 -5
33 45 10
33 65 -4
33 41 -6
33 96 -7
33 50 -1
33 87 -10
33 94 -4
33 99 -2
33 84 1
33 49 0
33 81 3
33 77 7
33 66 -9
33 51 6
33 59 -9
33 39 -10
33 42 -5
33 93 -9
33 91 1
33 61 3
33 97 4
33 38 -5
33 89 8
34 38 8
34 55 -10
34 98 -10
34 83 2
34 96 9
34 71 -5
34 91 8
34 65 -9
34 70 -4
34 77 1
34 79 7
34 75 2
34 47 0
34 68 -6
34 50 -2
34 45 -2
34 51 -6
34 88 6
34 41 -5
34 92 -7
34 49 6
34 80 5
34 74 -9
34 57 2
34 39 -2
34 56 -4
34 95 4
34 99 9
34 63 9
34 78 -1
34 40 -4
34 36 -10
34 62 -6
34 42 -1
34 43 -10
34 67 2
34 81 -2
34 69 4
34 61 0
34 89 -9
34 85 -4
35 44 6
35 74 -6
35 75 6
35 61 8
35 69 2
35 90 -9
35 46 -3
35 49 10
35 83 -3
35 62 -4
35 99 7
35 58 3
35 42 -5
35 56 -4
35 98 5
35 94 6
35 85 10
35 36 -6
35 60 4
35 92 -9
35 52 -3
35 66 7
35 45 -3
35 54 -5
35 80 5
35 51 1
35 53 -7
35 82 -4
35 93 -6
36 70 -10
36 40 6
36 88 -2
36 64 5
36 65 -3
36 72 7
36 37 -9
36 92 -10
36 49 4
36 99 -5
36 55 -5
36 91 -7
36 94 -2
36 41 -3
36 69 -4
36 75 1
36 57 -5
36 79 -3
36 66 1
36 86 -4
36 50 5
36 58 -2
36 45 2
36 51 -6
36 62 9
36 84 0
36 61 -9
36 38 -5
36 54 -10
36 53 -5
36 47 10
36 87 -8
36 82 8
37 46 -1
37 66 7
37 73 3
37 95 8
37 81 -5
37 39 -4
37 78 -9
37 55 -1
37 58 8
37 68 -10
37 92 5
37 86 10
37 53 -10
37 44 -6
37 52 -4
37 60 -7
37 59 7
37 82 7
37 75 10
37 64 6
37 40 3
37 63 5
37 74 -9
37 71 0
37 96 3
37 45 3
37 76 4
37 47 -9
37 51 0
37 80 -9
38 57 -3
38 94 -4
38 82 9
38 98 10
38 61 2
38 89 5
38 88 -9
38 44 -5
38 83 3
38 90 4
38 84 8
38 78 -2
38 43 -3
38 40 -5
38 66 4
38 95 -8
38 81 -8
38 86 -6
38 53 3
38 52 9
38 64 3
38 65 -8
38 45 -1
38 73 -9
38 71 10
38 46 8
38 49 -3
38 50 10
39 60 -9
39 45 5
39 41 -3
39 77 2
39 66 0
39 47 6
39 80 4
39 53 -10
39 43 -2
39 93 -5
39 98 9
39 65 -6
39 42 9
39 63 -2
39 79 1
39 51 -3
39 95 -2
39 40 -7
39 91 1
39 64 -7
39 87 -10
39 44 2
39 92 0
39 56 6
39 76 9
39 86 3
39 58 10
39 52 0
39 73 10
39 46 -6
39 85 -3
40 76 5
40 45 2
40 86 8
40 94 -4
40 85 -6
40 79 6
40 49 4
40 89 -7
40 84 9
40 81 3
40 61 0
40 100 3
40 52 8
40 73 4
40 97 0
40 48 9
40 63 0
40 42 1
40 72 -10
40 66 -10
40 83 -7
40 60 9
40 46 8
40 69 7
40 68 -5
40 54 1
40 64 -1
40 87 -9
40 95 -2
40 56 9
40 98 -4
41 84 -5
41 49 -1
41 77 5
41 80 -6
41 64 0
41 88 -5
41 63 1
41 86 -7
41 94 -8
41 59 -5
41 52 2
41 45 1
41 90 -9
41 82 7
41 44 -9
41 74 2
41 70 -7
41 68 7
41 85 -6
41 72 -10
41 50 3
41 54 -6
41 89 8
41 100 0
41 99 6
41 92 10
41 75 1
41 66 5
41 60 5
41 83 8
41 56 -7
41 61 -1
42 47 9
42 44 -6
42 48 10
42 59 2
42 74 -2
42 70 5
42 55 0
42 75 7
42 53 8
42 69 -3
42 58 -8
42 50 5
42 99 -10
42 43 -3
42 64 -6
42 71 -9
42 96 8
42 92 -3
42 72 -3
42 67 2
42 62 -8
42 45 9
42 78 3
42 73 5
42 52 -10
42 100 1
42 68 1
42 63 -7
43 100 2
43 92 10
43 59 -8
43 65 -6
43 58 3
43 91 -6
43 74 9
43 57 -4
43 45 -5
43 89 2
43 53 4
43 48 6
43 49 -2
43 75 -4
43 46 -8
43 93 0
43 73 -2
43 87 -8
43 51 6
43 95 3
43 98 1
43 90 -6
44 74 6
44 68 -1
44 96 8
44 47 -5
44 55 0
44 93 -8
44 56 3
44 79 5
44 95 6
44 82 4
44 100 9
44 49 7
44 63 1
44 87 -1
44 73 -6
44 58 4
44 76 7
44 65 0
44 57 -7
44 60 -3
44 50 -7
44 99 9
44 45 -7
44 67 10
44 72 -8
44 53 -9
44 51 -8
44 69 9
44 80 -9
44 61 9
44 59 2
45 54 -3
45 66 7
45 76 5
45 65 9
45 77 4
45 85 -4
45 84 1
45 78 -5
45 91 -1
45 47 -10
45 93 1
45 87 -6
45 88 10
45 61 -10
45 96 -9
45 95 -4
45 98 -2
45 97 2
45 81 -7
45 67 9
45 90 5
45 92 6
45 51 -6
45 48 10
45 71 -6
46 53 -1
46 83 -3
46 98 7
46 54 -4
46 56 -3
46 71 -9
46 99 0
46 90 -1
46 88 5
46 52 -7
46 94 1
46 92 -3
46 57 1
46 87 2
46 79 -10
46 82 0
46 61 8
46 63 6
46 91 9
46 65 2
46 50 10
46 81 1
46 55 -2
46 73 -10
46 85 -9
46 48 1
46 60 -1
47 76 -6
47 50 6
47 69 4
47 100 -5
47 86 -1
47 75 10
47 98 6
47 94 -4
47 68 -4
47 89 9
47 90 3
47 70 4
47 60 -3
47 62 5
47 64 0
47 71 -1
47 79 2
47 56 10
47 61 3
47 72 4
47 99 -8
47 66 -10
47 52 2
47 49 2
47 55 8
47 57 -7
47 59 -10
47 81 -6
47 83 0
47 48 2
47 82 0
47 78 -10
47 91 -4
47 65 -8
48 86 -1
48 51 1
48 97 -6
48 81 -6
48 68 3
48 64 -2
48 89 4
48 58 -1
48 72 6
48 60 8
48 98 -4
48 74 7
48 61 7
48 93 1
48 75 2
48 96 7
48 70 -6
48 62 6
48 73 7
48 53 8
48 88 -1
48 85 -4
48 63 -7
48 92 10
48 69 -9
48 80 -10
49 82 3
49 60 10
49 93 -10
49 58 10
49 90 10
49 92 -7
49 78 -3
49 65 3
49 59 2
49 83 10
49 96 -6
49 50 -7
49 87 0
49 95 5
49 99 -6
49 53 -3
49 81 -3
49 61 4
49 89 -10
49 97 9
49 94 5
49 86 5
49 73 -6
49 76 -1
49 64 2
49 52 3
50 82 -9
50 61 -9
50 89 2
50 84 7
50 60 -7
50 96 -9
50 63 5
50 71 1
50 58 5
50 68 7
50 100 5
50 67 8
50 87 -1
50 92 9
50 90 0
50 51 -10
50 53 -9
50 75 1
50 98 8
50 93 8
50 86 7
50 80 -2
50 76 -10
50 99 8
50 81 10
50 52 -3
50 88 1
50 97 5
51 82 -2
51 53 -7
51 96 0
51 98 -8
51 93 6
51 76 10
51 65 7
51 78 9
51 85 1
51 59 0
51 79 -1
51 92 9
51 81 2
51 88 -9
51 94 -9
51 73 -1
51 86 -9
51 61 1
51 87 10
51 99 2
51 95 -1
51 68 9
51 74 1
51 55 -1
52 69 3
52 91 3
52 68 -2
52 70 -10
52 77 8
52 97 7
52 96 7
52 82 -10
52 74 2
52 61 8
52 83 2
52 86 -8
52 89 1
52 59 5
52 80 -6
52 94 10
52 84 -5
52 62 2
52 78 7
52 55 -4
52 95 -8
52 63 6
52 64 8
52 75 4
52 92 -3
52 99 10
52 81 -3
52 53 -7
52 76 -4
53 68 8
53 56 -8
53 76 -7
53 80 2
53 89 10
53 61 -9
53 83 5
53 91 -2
53 57 -10
53 95 6
53 96 0
53 86 6
53 77 9
53 85 -6
53 90 8
53 84 -1
53 54 -6
53 94 -10
53 93 -5
53 88 -9
53 66 -9
53 99 3
53 69 9
53 60 -9
53 59 6
53 58 5
53 92 -3
53 73 9
53 71 -2
53 62 4
53 78 10
53 70 8
54 98 8
54 68 8
54 58 3
54 71 -2
54 62 3
54 92 -7
54 55 10
54 70 1
54 59 -3
54 99 10
54 73 -3
54 87 -3
54 67 5
54 84 10
54 61 -2
54 89 4
54 93 7
54 60 4
54 97 10
54 75 7
54 86 -10
54 72 -3
54 82 9
54 95 10
54 96 10
54 100 -7
54 56 10
55 98 2
55 99 -9
55 82 10
55 68 2
55 64 -4
55 73 8
55 66 -10
55 59 9
55 75 -3
55 86 -6
55 78 -3
55 69 7
55 80 -8
55 90 -7
55 94 -10
55 74 0
55 100 -5
55 92 -3
55 63 7
55 85 -2
55 76 9
55 57 -7
55 72 -10
55 61 5
55 83 10
55 62 8
55 87 8
55 79 -8
55 81 -2
55 96 8
55 60 0
55 95 -6
56 78 -5
56 63 -5
56 72 -3
56 86 -8
56 76 -1
56 70 2
56 91 7
56 60 1
56 97 4
56 68 2
56 74 -8
56 88 -10
56 90 3
56 57 9
56 71 5
56 58 -4
56 85 1
56 83 9
56 77 -6
56 80 8
56 67 0
56 81 -8
56 84 -7
56 75 -6
57 69 -2
57 70 -10
57 62 5
57 95 -1
57 63 -10
57 65 0
57 84 3
57 67 7
57 91 -9
57 96 0
57 58 -2
57 59 6
57 87 -6
57 94 6
57 90 -5
57 64 3
57 79 0
57 100 1
57 99 7
58 62 -6
58 96 2
58 81 -7
58 79 0
58 65 -3
58 90 0
58 70 0
58 83 7
58 78 2
58 61 -8
58 75 -9
58 100 10
58 88 5
58 87 -10
58 74 3
58 98 -9
58 93 -4
58 80 4
58 94 -2
58 72 8
58 89 6
58 64 -3
59 96 7
59 100 4
59 62 -10
59 68 10
59 69 -10
59 65 -3
59 61 3
59 85 0
59 75 -2
59 79 -4
59 78 9
59 88 6
59 95 1
59 70 -3
59 81 3
59 74 -5
59 87 5
59 98 -9
59 64 -7
59 63 -10
60 95 -1
60 63 4
60 73 9
60 80 -5
60 75 -4
60 93 -3
60 72 3
60 85 -9
60 99 7
60 76 -9
60 74 -10
60 69 1
60 84 7
60 97 2
60 92 4
60 71 -1
60 66 -1
60 70 0
60 83 5
61 81 -5
61 66 -6
61 62 -2
61 72 10
61 94 -8
61 73 10
61 88 2
61 91 -5
61 97 7
61 100 0
61 75 -5
61 64 5
61 63 7
61 82 9
61 80 8
61 85 7
61 90 0
62 74 3
62 90 10
62 98 -4
62 100 -9
62 86 -9
62 65 10
62 69 6
62 77 -5
62 80 5
62 83 -4
62 84 -5
62 67 -9
62 89 -10
62 87 -5
62 95 8
62 96 9
62 79 2
63 80 -9
63 84 10
63 92 2
63 79 -9
63 89 9
63 99 3
63 74 -3
63 73 -9
63 76 -9
63 81 4
63 65 10
63 90 -4
63 100 4
63 75 7
63 71 -5
63 68 4
63 85 5
63 82 1
63 88 7
63 64 0
63 78 -4
64 94 3
64 88 -6
64 97 1
64 93 -8
64 90 0
64 76 -1
64 95 -9
64 89 5
64 68 -8
64 87 -4
64 77 -9
64 65 8
64 70 -6
64 92 -1
64 85 -6
64 69 -8
64 99 5
64 66 7
64 74 3
64 81 -1
65 81 9
65 68 5
65 72 -8
65 86 1
65 66 5
65 95 -10
65 76 8
65 71 8
65 69 5
65 100 1
65 73 1
65 97 3
65 83 7
65 70 -4
65 75 -6
65 88 10
65 74 5
65 99 2
65 78 6
66 81 7
66 74 8
66 100 7
66 71 -1
66 87 10
66 77 -7
66 98 -1
66 82 10
66 76 -3
66 68 3
66 86 5
66 93 -1
66 85 0
66 95 -3
66 99 -5
66 97 0
67 99 7
67 97 -4
67 72 6
67 98 -10
67 87 2
67 81 -4
67 79 7
67 94 5
67 91 0
67 84 1
67 69 10
67 77 -4
67 73 -10
67 85 9
67 100 -7
67 68 -4
67 83 -9
68 85 -9
68 74 -9
68 84 6
68 92 -6
68 83 0
68 90 -5
68 71 7
68 88 9
68 79 9
68 86 8
68 93 -6
68 87 9
68 94 -7
68 98 -5
68 72 -10
68 99 3
68 77 6
69 74 -6
69 95 2
69 93 -4
69 91 1
69 75 -7
69 94 7
69 96 4
69 83 6
69 84 4
69 97 6
69 70 7
69 85 -5
69 76 10
69 78 5
69 80 7
69 99 -6
70 83 -10
70 74 4
70 75 10
70 93 4
70 87 -5
70 72 4
70 95 3
70 78 -7
70 100 -4
70 82 9
70 92 0
70 77 -9
70 98 1
70 97 -7
70 80 -1
71 84 8
71 82 -4
71 89 -8
71 86 -4
71 80 7
71 79 -9
71 90 -10
71 91 -5
71 88 4
71 85 -10
71 81 -4
71 93 -2
71 74 4
71 94 -5
71 83 -7
71 96 6
71 98 3
71 95 5
72 93 4
72 95 9
72 89 8
72 82 -4
72 96 -1
72 83 -8
72 84 -6
72 80 -10
72 86 -10
72 90 5
72 97 -1
72 77 -3
73 94 -7
73 82 9
73 100 -2
73 80 8
73 90 9
73 99 -8
73 74 4
73 91 4
73 86 6
73 97 -5
73 92 -3
73 89 0
74 95 8
74 98 5
74 96 4
74 94 -9
74 77 -1
74 90 10
74 86 6
74 89 -8
74 97 -7
74 78 1
74 91 7
74 82 -3
74 92 0
74 75 8
74 88 -6
74 87 0
75 91 3
75 83 7
75 95 6
75 87 -4
75 89 -6
75 97 2
75 92 -5
75 76 2
75 79 -8
76 89 10
76 85 2
76 96 5
76 83 -6
76 82 -4
76 92 1
76 90 7
76 79 -3
76 86 3
76 91 5
76 81 7
77 82 10
77 79 -10
77 84 -6
77 87 3
77 95 4
77 80 -10
77 83 -4
77 96 5
77 91 -9
77 99 -8
77 90 6
77 94 5
78 95 -2
78 85 5
78 88 4
78 96 1
78 98 2
78 84 -1
78 79 -4
78 81 -1
78 93 5
78 90 2
79 80 6
79 97 -7
79 87 8
79 91 10
79 93 -5
79 88 3
79 84 4
79 90 -5
79 85 8
80 99 0
80 94 3
80 89 -8
80 90 -8
80 98 0
80 95 5
80 100 9
80 88 -9
80 81 -10
80 93 4
80 86 10
80 84 0
81 98 1
81 96 -8
81 92 -6
81 94 -2
81 89 -4
81 97 -8
81 93 7
81 82 10
82 94 3
82 90 10
82 83 4
82 92 0
82 95 -8
82 88 -3
82 84 -8
82 97 0
82 87 -7
83 90 -6
83 97 10
83 88 -3
83 86 -4
83 99 -10
83 100 -2
83 87 -6
84 87 2
84 97 10
84 94 0
84 92 -3
84 88 -10
84 91 -6
84 89 5
85 98 6
85 97 4
85 92 9
85 90 7
85 88 -4
85 87 -8
85 95 0
86 98 3
86 99 7
86 92 -2
86 91 -5
86 94 1
86 88 -3
86 89 -5
86 97 -5
87 100 -5
87 92 9
87 88 6
87 94 7
87 97 -6
88 89 -5
88 97 8
88 93 4
88 100 6
88 99 4
88 94 -9
89 90 6
89 93 10
89 99 10
89 100 8
89 94 2
89 91 3
90 96 9
90 95 -2
90 94 -10
90 97 -3
91 98 -5
91 97 -2
91 95 10
91 94 8
91 99 2
92 94 -9
93 100 -8
93 96 8
93 98 6
93 95 9
94 97 -4
94 95 7
94 100 8
94 98 -9
94 99 1
95 96 -1
96 99 -3
97 100 -3
97 98 -3
98 100 -4
