100 2475 
1 46 0
1 18 2
1 41 -4
1 47 1
1 76 -7
1 43 -1
1 20 8
1 84 -3
1 44 -10
1 2 -8
1 28 -3
1 39 -7
1 31 -2
1 13 3
1 83 -2
1 88 -4
1 33 9
1 64 4
1 34 10
1 80 -2
1 37 -1
1 81 4
1 7 2
1 14 -7
1 24 5
1 62 7
1 15 3
1 69 10
1 96 2
1 93 10
1 56 -2
1 32 1
1 8 2
1 90 3
1 100 3
1 9 6
1 68 1
1 71 -6
1 10 -8
1 38 9
1 23 0
1 89 -8
1 16 -10
1 66 -7
1 95 8
1 17 9
1 75 -3
2 83 -4
2 25 -10
2 59 -1
2 28 -8
2 54 8
2 30 -5
2 79 6
2 93 8
2 62 -8
2 70 -3
2 78 -2
2 51 -8
2 46 -5
2 86 6
2 98 -10
2 75 -6
2 58 -10
2 8 6
2 10 -7
2 38 1
2 74 -6
2 29 -4
2 76 3
2 39 0
2 19 1
2 69 7
2 60 -8
2 95 3
2 9 -6
2 22 -7
2 82 1
2 68 6
2 45 -2
2 99 -3
2 63 -10
2 31 -1
2 12 9
2 66 6
2 94 10
2 49 -7
2 89 -10
3 90 -3
3 63 -6
3 69 5
3 95 -6
3 30 -1
3 5 8
3 67 9
3 44 0
3 60 8
3 11 8
3 89 8
3 43 -5
3 68 1
3 31 -9
3 76 0
3 58 -1
3 34 2
3 81 5
3 55 1
3 78 4
3 88 -4
3 27 -7
3 96 -3
3 100 0
3 56 0
3 74 -10
3 84 10
3 10 6
3 25 -10
3 80 -7
3 45 -3
3 37 7
3 15 -7
3 14 -7
3 62 6
3 72 8
3 26 10
3 75 2
3 21 7
3 22 -8
3 33 6
3 61 10
3 35 -7
3 79 -7
3 51 10
3 99 5
3 9 6
3 52 8
3 66 9
3 46 -8
4 73 -2
4 74 -10
4 39 -8
4 65 -9
4 5 6
4 62 -9
4 47 -8
4 93 0
4 8 1
4 28 -1
4 23 6
4 56 -10
4 31 5
4 55 5
4 37 -1
4 46 4
4 29 -9
4 88 -10
4 92 4
4 19 -9
4 30 3
4 11 0
4 6 -8
4 32 -3
4 64 3
4 72 6
4 63 4
4 69 -8
4 16 -3
4 38 5
4 77 -6
4 61 -9
4 66 2
4 15 -9
4 59 -1
4 80 10
4 67 -5
4 13 -9
4 58 3
4 45 -10
4 98 -1
4 7 -3
4 43 9
4 41 9
4 82 1
4 48 0
4 21 -9
4 70 -9
4 33 -8
4 86 8
4 85 2
5 36 -3
5 16 -7
5 65 6
5 18 9
5 14 -10
5 7 -6
5 85 10
5 13 7
5 26 -2
5 12 2
5 99 -8
5 84 1
5 38 6
5 73 1
5 57 3
5 34 4
5 92 -10
5 75 4
5 76 -4
5 29 -10
5 94 -6
5 42 -7
5 70 -6
5 56 -5
5 90 1
5 21 5
5 19 -7
5 44 -6
5 28 0
5 15 7
5 47 -1
5 93 8
5 82 1
5 69 -9
5 30 1
5 97 -1
5 52 -1
5 40 4
5 17 5
5 20 -10
5 23 -2
5 27 -9
5 100 -9
5 77 9
5 80 10
5 39 -7
5 60 -6
5 83 -7
5 87 9
6 16 7
6 67 -7
6 65 -6
6 39 -2
6 85 2
6 75 -5
6 23 -3
6 83 9
6 28 6
6 36 4
6 69 3
6 20 -5
6 73 -2
6 17 7
6 45 -9
6 56 8
6 95 -10
6 48 2
6 64 -6
6 30 2
6 19 -4
6 22 7
6 37 8
6 88 5
6 43 6
6 71 -10
6 10 8
6 25 7
6 35 -4
6 34 -3
6 41 -8
6 60 -3
6 9 -8
6 98 -5
6 77 -2
6 82 -9
6 72 0
6 100 7
7 46 -7
7 21 -1
7 11 -10
7 74 9
7 64 6
7 92 5
7 37 6
7 45 -2
7 47 2
7 20 2
7 85 9
7 82 -9
7 70 -9
7 95 4
7 61 -2
7 35 4
7 13 -5
7 84 -8
7 58 -9
7 69 -6
7 68 5
7 71 -2
7 15 -9
7 91 -9
7 63 -2
7 76 5
7 81 3
7 98 1
7 88 6
7 52 -9
7 54 10
7 27 3
7 90 7
7 87 2
7 32 -5
7 36 8
7 34 9
8 54 2
8 74 7
8 9 0
8 39 4
8 24 5
8 52 -6
8 29 -10
8 31 4
8 26 -6
8 48 -4
8 16 -4
8 73 1
8 41 -9
8 22 -7
8 75 -8
8 77 2
8 45 -7
8 25 7
8 28 -4
8 61 5
8 62 -3
8 76 8
8 14 -8
8 51 -7
8 56 3
8 20 9
8 91 -8
8 19 -10
8 67 4
8 46 10
8 49 10
8 81 6
8 23 8
8 32 4
8 93 -7
8 13 -6
8 80 9
8 70 -3
8 18 3
8 82 2
8 96 -3
8 57 -10
8 88 10
8 35 5
9 83 4
9 20 -7
9 72 4
9 34 4
9 29 -5
9 43 2
9 96 0
9 35 2
9 37 -3
9 48 -6
9 80 -6
9 39 9
9 54 1
9 40 -10
9 63 -6
9 76 9
9 77 -7
9 86 10
9 44 -8
9 57 9
9 24 5
9 67 -9
9 28 1
9 69 -8
9 27 10
9 22 0
9 32 -6
9 56 8
9 15 7
9 79 6
9 95 -4
9 19 -2
9 18 2
9 75 -9
9 81 3
9 73 -6
9 68 3
9 58 -1
9 46 6
9 74 -6
9 31 8
9 99 7
9 70 2
9 65 -3
9 82 6
9 21 10
9 89 10
10 62 3
10 53 -5
10 77 -4
10 99 3
10 83 -2
10 34 -8
10 84 3
10 68 1
10 63 -9
10 17 -2
10 54 -9
10 42 1
10 20 -1
10 32 -4
10 18 6
10 48 -3
10 95 0
10 94 -8
10 72 -7
10 75 -4
10 41 3
10 19 9
10 44 -6
10 61 -3
10 71 -4
10 52 -8
10 55 -3
10 27 -9
10 31 -9
10 81 -10
10 33 -3
10 28 -6
10 25 5
10 64 8
10 36 3
10 73 8
10 98 8
10 90 3
10 26 -3
10 56 7
10 47 6
10 85 -10
10 35 8
10 82 2
10 93 -8
10 46 8
11 15 5
11 84 -6
11 75 7
11 88 -4
11 12 -2
11 76 -5
11 43 -6
11 60 1
11 42 5
11 96 -6
11 41 10
11 18 1
11 63 9
11 99 -8
11 90 -9
11 28 -7
11 91 10
11 48 2
11 93 7
11 67 -7
11 58 6
11 62 5
11 77 3
11 29 2
11 92 -9
11 34 -10
11 20 -9
11 55 3
11 23 -6
11 59 -8
11 37 2
11 97 1
11 52 -5
11 26 1
11 69 -4
11 70 8
11 64 7
11 87 -2
11 35 -9
11 40 0
11 30 2
11 72 0
11 61 2
11 89 -10
11 36 10
11 71 -1
11 81 -5
11 25 8
11 24 6
11 74 -8
11 94 -7
12 77 10
12 89 7
12 32 -8
12 80 5
12 90 2
12 21 10
12 83 8
12 30 3
12 59 8
12 84 -3
12 34 0
12 68 7
12 92 4
12 57 2
12 96 10
12 64 -9
12 48 -3
12 93 9
12 31 -1
12 85 -2
12 27 2
12 44 -7
12 13 4
12 45 10
12 50 -10
12 74 8
12 33 -8
12 53 -5
12 22 -5
12 88 -3
12 66 -9
12 17 6
12 99 3
12 58 -10
12 72 7
12 16 7
12 87 -9
12 95 5
12 97 -8
12 15 0
12 41 2
12 78 -6
12 43 3
12 63 6
12 14 0
13 60 1
13 80 -7
13 72 -6
13 99 4
13 19 9
13 95 10
13 98 -4
13 58 -4
13 84 3
13 52 -7
13 66 7
13 75 -2
13 61 -5
13 44 -3
13 49 -10
13 63 7
13 42 10
13 93 5
13 26 -9
13 64 -3
13 33 -2
13 40 0
13 85 2
13 65 3
13 81 -2
13 94 -3
13 47 -8
13 35 -4
13 30 3
13 82 -4
13 88 2
13 68 0
13 56 2
13 48 -8
13 20 -7
13 43 -1
13 96 8
13 28 0
13 18 2
13 86 -5
13 55 -10
13 15 9
13 70 9
13 46 -10
13 51 -8
13 24 -3
14 66 -6
14 28 10
14 15 2
14 76 5
14 16 -3
14 21 5
14 41 9
14 98 -8
14 53 -10
14 84 4
14 89 -6
14 72 10
14 61 7
14 91 7
14 40 -4
14 32 -8
14 45 -6
14 88 9
14 92 9
14 60 -1
14 63 8
14 81 -3
14 74 -7
14 100 5
14 47 -6
14 78 -8
14 49 5
14 65 1
14 70 0
14 29 3
14 52 -7
14 51 -6
14 69 3
14 94 3
14 96 4
14 43 -8
14 30 10
14 54 -6
14 79 6
14 73 -4
14 36 -6
14 25 7
14 75 -5
15 54 0
15 28 3
15 43 9
15 41 -6
15 66 -4
15 92 5
15 76 8
15 50 -8
15 17 3
15 67 8
15 99 8
15 96 -3
15 86 0
15 65 -8
15 18 8
15 59 6
15 40 -8
15 57 -3
15 77 -1
15 74 3
15 98 -2
15 72 -4
15 73 8
15 36 8
15 32 2
15 64 -10
15 70 -9
15 23 4
15 94 6
15 84 -4
15 53 -1
15 93 6
15 39 -9
15 27 5
15 45 10
15 71 3
15 90 -2
15 31 -7
15 83 -9
15 95 6
15 55 -9
15 35 7
15 89 1
15 81 7
15 100 3
15 69 -2
15 48 -1
15 26 2
15 46 -5
15 85 9
16 82 -5
16 58 -1
16 59 -1
16 34 3
16 62 0
16 30 6
16 42 7
16 87 5
16 61 -6
16 44 -6
16 27 9
16 84 10
16 41 6
16 19 6
16 94 1
16 76 7
16 86 5
16 52 -2
16 49 -10
16 79 -5
16 39 -3
16 35 3
16 55 7
16 71 -2
16 24 1
16 72 8
16 89 6
16 31 -6
16 67 6
16 23 -1
16 47 10
16 18 1
16 17 0
16 98 5
16 50 3
16 28 -5
16 29 2
16 32 -5
16 22 -9
16 63 -1
16 60 -8
16 66 6
16 20 3
17 55 -9
17 78 -9
17 39 -7
17 59 -9
17 91 -1
17 38 7
17 76 6
17 70 -6
17 45 8
17 79 -10
17 27 -5
17 21 -9
17 30 3
17 54 -6
17 49 -9
17 97 6
17 84 -4
17 68 -6
17 82 9
17 28 6
17 18 3
17 92 1
17 51 3
17 62 1
17 90 -8
17 61 5
17 73 9
17 31 8
17 35 -8
17 98 -8
17 48 10
17 69 -4
17 32 2
17 58 2
17 56 -10
17 94 8
17 33 5
17 42 -3
17 60 0
17 47 8
17 100 -4
17 25 -7
17 63 -3
17 64 9
17 44 8
17 40 10
17 46 6
18 100 -3
18 83 7
18 57 -2
18 73 7
18 92 -4
18 77 -4
18 85 6
18 25 -3
18 29 1
18 51 2
18 76 -4
18 88 1
18 70 -1
18 68 2
18 81 1
18 60 10
18 61 -3
18 91 2
18 38 -4
18 69 5
18 34 5
18 67 5
18 31 8
18 20 8
18 49 -10
18 93 8
18 27 10
18 19 -5
18 55 -5
18 64 9
18 86 -8
18 44 -2
18 48 1
18 46 2
18 39 10
18 94 1
18 58 -8
18 42 -3
18 65 -3
18 75 -3
18 96 3
18 43 1
18 53 -9
18 71 -1
19 20 -10
19 54 2
19 58 -4
19 77 -10
19 33 -2
19 63 -2
19 93 3
19 29 3
19 62 -4
19 82 1
19 52 4
19 42 -7
19 43 -8
19 79 4
19 35 -2
19 71 9
19 55 -3
19 100 1
19 41 -2
19 28 7
19 73 -4
19 89 -7
19 67 -4
19 26 5
19 57 -10
19 92 1
19 90 -7
19 39 -4
19 94 -3
19 37 8
19 75 5
19 60 -4
19 86 2
19 64 -1
19 81 -6
19 72 -6
19 45 5
19 95 5
20 42 -1
20 41 0
20 88 -9
20 70 -3
20 54 -9
20 55 7
20 43 -4
20 31 -5
20 45 -3
20 29 7
20 21 2
20 92 -10
20 75 7
20 30 -7
20 58 -5
20 93 1
20 76 -10
20 95 -1
20 35 -7
20 48 -1
20 83 4
20 22 7
20 34 6
20 77 -6
20 65 6
20 86 -5
20 67 -2
20 27 10
20 98 1
20 59 4
20 72 2
20 82 0
20 85 5
20 96 7
20 80 8
20 46 0
20 91 -8
20 66 6
20 53 -4
20 25 8
20 50 -7
20 62 10
21 81 9
21 62 -7
21 39 1
21 93 -7
21 40 3
21 53 -1
21 22 8
21 67 -9
21 69 -7
21 96 5
21 45 5
21 23 -1
21 29 -6
21 54 9
21 73 -6
21 35 1
21 50 6
21 82 9
21 72 5
21 88 3
21 25 8
21 65 -1
21 78 2
21 68 -7
21 32 5
21 63 -10
21 27 8
21 55 -6
21 48 -5
21 34 -2
21 74 -1
21 97 3
21 37 -4
21 66 0
22 34 2
22 37 1
22 78 -8
22 38 -2
22 69 -10
22 76 -2
22 25 -6
22 26 -5
22 72 -10
22 89 2
22 96 -1
22 59 6
22 94 4
22 55 -9
22 60 -10
22 31 -9
22 36 3
22 64 9
22 62 -7
22 33 -2
22 40 6
22 70 4
22 29 -5
22 77 -3
22 39 -5
22 48 -3
22 24 -6
22 46 -2
22 81 -3
22 27 -8
22 99 6
22 53 -4
22 85 6
22 44 -10
22 51 -7
22 49 10
22 74 -7
22 83 7
22 50 0
22 65 -7
23 58 -7
23 33 -2
23 65 7
23 95 6
23 25 -4
23 85 -3
23 46 -10
23 64 -6
23 76 -10
23 81 -2
23 70 -5
23 29 0
23 52 5
23 27 -7
23 59 -9
23 96 -1
23 40 1
23 57 8
23 41 7
23 99 7
23 26 -4
23 67 -7
23 92 -5
23 80 8
23 28 4
23 38 2
23 50 7
23 60 9
23 49 -1
23 47 8
23 34 -10
23 54 -9
23 88 8
23 56 -8
23 100 -4
23 73 1
23 98 -1
23 63 -2
23 74 6
23 93 -9
23 45 -10
24 43 -3
24 32 2
24 37 -4
24 86 -6
24 42 -9
24 98 -8
24 48 -5
24 54 -10
24 60 8
24 82 -9
24 62 8
24 31 3
24 35 -5
24 49 -7
24 45 2
24 65 -9
24 28 -9
24 63 -8
24 93 -3
24 26 -3
24 46 10
24 57 2
24 59 -6
24 50 -3
24 53 10
24 39 7
24 68 -7
24 87 9
24 64 5
24 25 -4
24 81 8
24 78 -6
24 52 3
24 88 -3
24 99 3
24 66 -9
24 51 -2
24 89 -7
24 77 1
24 41 3
24 76 2
24 58 -3
24 97 10
24 30 8
24 67 5
24 70 -7
24 47 -2
25 42 6
25 89 -8
25 87 3
25 34 10
25 28 -1
25 68 -5
25 47 7
25 88 6
25 30 4
25 90 -4
25 40 0
25 33 4
25 56 -6
25 77 10
25 67 5
25 44 -5
25 78 -9
25 74 -5
25 65 4
25 43 2
25 46 -8
25 83 -2
25 27 -10
25 76 2
25 49 -3
25 85 -4
25 55 9
25 92 2
25 71 10
25 62 3
25 39 -3
25 84 -5
25 59 4
25 36 -2
25 58 7
25 97 3
25 70 10
25 72 -5
25 82 2
25 81 -6
25 64 -6
26 73 5
26 62 -7
26 36 4
26 56 10
26 70 -4
26 41 0
26 50 -6
26 31 4
26 48 -4
26 35 1
26 78 -7
26 61 0
26 79 4
26 51 -1
26 91 -10
26 95 -7
26 30 6
26 97 -5
26 28 -6
26 89 8
26 37 6
26 40 -4
26 47 -8
26 83 -1
26 32 3
26 53 2
26 67 0
26 68 -1
26 29 10
26 98 -9
26 88 -1
26 93 -10
26 58 -9
26 84 1
26 66 5
26 72 -5
26 33 2
26 59 10
26 42 8
26 49 -9
26 74 10
27 69 5
27 47 -3
27 28 0
27 71 -9
27 52 2
27 85 4
27 45 8
27 68 10
27 100 -6
27 56 7
27 84 1
27 61 8
27 96 5
27 81 8
27 93 9
27 75 4
27 41 -5
27 95 -4
27 42 9
27 59 3
27 35 10
27 40 -2
27 77 -2
27 39 2
27 29 -2
27 62 -1
27 83 2
27 31 2
27 87 7
27 32 -2
27 70 -5
27 60 2
27 54 -5
27 43 10
27 46 -7
27 79 7
28 50 2
28 40 -1
28 97 9
28 81 0
28 68 1
28 83 4
28 52 -2
28 71 10
28 86 -3
28 64 -4
28 58 9
28 41 10
28 43 8
28 47 -9
28 48 -8
28 60 8
28 92 -6
28 63 6
28 49 1
28 94 4
28 32 10
28 33 9
28 95 5
28 62 2
28 53 3
28 45 -8
28 61 5
28 79 -8
28 82 10
28 78 8
28 89 7
28 35 -2
28 56 -2
28 84 -7
29 51 -9
29 81 7
29 97 -1
29 39 -4
29 34 -2
29 94 0
29 96 -10
29 91 -7
29 71 8
29 90 9
29 79 -6
29 36 -8
29 76 4
29 70 -10
29 100 -10
29 31 -2
29 83 -4
29 57 5
29 45 5
29 56 -10
29 37 -9
29 95 -3
29 78 0
29 75 6
29 69 5
29 89 1
29 98 10
29 73 3
29 48 -3
29 62 0
29 50 0
29 58 -3
29 33 5
29 77 2
30 91 -5
30 37 2
30 59 -10
30 66 9
30 87 0
30 77 10
30 100 -2
30 73 1
30 76 -3
30 74 -7
30 44 6
30 86 -5
30 61 10
30 99 -7
30 95 8
30 92 -8
30 80 5
30 90 3
30 42 0
30 45 0
30 49 -5
30 71 2
30 62 4
30 36 -4
30 56 0
30 41 -1
30 50 -2
30 81 6
30 58 10
30 96 8
30 72 6
30 39 -5
30 32 9
30 35 -7
30 93 -6
31 85 4
31 62 -4
31 47 7
31 75 -2
31 82 0
31 86 1
31 39 -4
31 67 -10
31 65 9
31 88 9
31 100 2
31 58 -7
31 49 -5
31 61 9
31 78 10
31 38 -8
31 87 -3
31 74 -4
31 37 -10
31 84 -7
31 51 -9
31 63 -4
31 99 1
31 92 9
31 43 -3
31 68 -8
31 55 0
31 93 -3
31 46 -5
31 42 2
31 57 8
31 66 -3
31 95 4
31 89 10
31 71 -7
31 83 0
31 50 7
31 33 -10
32 77 -7
32 35 10
32 93 0
32 99 8
32 45 3
32 79 -3
32 92 -6
32 88 10
32 100 6
32 51 4
32 38 -5
32 34 1
32 33 7
32 43 4
32 78 -9
32 96 -10
32 64 10
32 97 -6
32 48 -9
32 42 -8
32 91 -4
32 56 -9
32 39 -8
32 59 3
32 86 -3
32 53 3
32 94 8
32 52 7
32 47 -7
33 88 10
33 50 -2
33 59 2
33 80 3
33 47 -8
33 40 5
33 63 -1
33 57 10
33 78 4
33 91 8
33 95 -5
33 56 -5
33 52 0
33 51 -5
33 48 7
33 76 -6
33 83 -1
33 70 -1
33 42 6
33 54 6
33 72 -2
33 98 -7
33 74 6
33 46 -10
33 58 -2
33 45 -6
33 38 -2
33 82 6
33 85 4
33 60 3
33 100 1
33 64 4
33 97 7
33 39 1
33 99 -8
33 86 10
34 59 -4
34 40 7
34 65 -6
34 45 -6
34 57 -7
34 62 1
34 47 -2
34 77 10
34 80 -3
34 36 -10
34 56 4
34 83 4
34 84 4
34 76 9
34 61 8
34 78 -4
34 49 7
34 53 -5
34 91 -8
34 96 4
34 54 -2
34 51 -1
35 38 6
35 59 5
35 63 10
35 58 7
35 94 5
35 78 2
35 46 -10
35 50 0
35 93 2
35 74 -3
35 61 5
35 97 -8
35 72 3
35 70 -2
35 60 1
35 67 7
35 86 2
35 89 -3
35 54 -9
35 88 2
35 85 -9
35 68 -4
35 43 7
35 71 -7
35 84 2
35 64 -10
35 44 -4
35 53 7
35 96 5
35 65 5
35 51 -2
35 75 -8
35 55 9
35 45 10
35 56 1
35 73 -5
35 77 -1
35 62 4
36 83 -7
36 92 8
36 57 -10
36 61 -1
36 42 -8
36 52 -5
36 90 -1
36 96 4
36 41 0
36 54 -5
36 69 -4
36 78 6
36 73 -1
36 59 7
36 51 -9
36 45 -6
36 50 -7
36 67 -10
36 71 -7
36 68 -1
36 70 -4
36 64 -9
36 49 6
36 46 2
36 85 0
36 77 3
36 75 -9
36 60 -10
36 58 -10
36 93 1
36 98 -3
36 55 -10
36 99 -1
36 62 3
36 72 -8
36 66 -7
36 44 9
37 84 -2
37 38 5
37 92 -10
37 86 -1
37 96 10
37 47 -2
37 66 3
37 90 10
37 68 5
37 87 -5
37 41 -2
37 48 4
37 72 6
37 97 7
37 67 -9
37 43 9
37 82 -2
37 89 0
37 81 8
37 60 -9
37 57 9
37 55 -9
37 95 -5
37 61 -5
37 52 6
37 58 5
37 69 9
37 62 5
37 46 3
38 72 3
38 94 6
38 47 8
38 80 -10
38 58 0
38 79 -8
38 45 1
38 92 -7
38 63 -5
38 95 2
38 100 -3
38 65 -7
38 43 -6
38 61 -2
38 91 7
38 48 -8
38 49 0
38 64 8
38 59 -8
38 82 6
38 98 10
38 52 4
38 88 3
38 54 4
38 66 -7
38 62 4
39 53 10
39 75 -7
39 79 5
39 71 1
39 88 -9
39 72 4
39 51 -2
39 43 -2
39 81 -7
39 49 6
39 62 7
39 59 -8
39 89 -10
39 67 -6
39 45 -1
39 85 -6
39 95 2
39 52 4
39 48 -7
39 56 -8
39 44 1
39 99 1
39 57 -4
39 80 1
39 41 0
39 77 3
39 55 -4
39 65 -10
39 58 -10
39 42 7
39 66 -5
39 90 2
39 98 4
39 97 2
40 71 4
40 42 2
40 52 8
40 77 3
40 64 5
40 85 5
40 86 9
40 96 7
40 98 5
40 41 -9
40 63 -2
40 88 1
40 84 -9
40 51 5
40 46 -4
40 97 -6
40 57 3
40 81 7
40 56 5
40 49 9
40 50 1
40 94 -4
40 65 -1
40 87 -9
40 100 7
40 61 -7
40 60 2
40 70 -5
40 89 3
40 78 -2
40 66 9
41 73 4
41 69 2
41 82 7
41 64 10
41 47 -8
41 87 5
41 62 -1
41 91 2
41 67 1
41 59 -9
41 93 -3
41 57 -1
41 76 1
41 92 -2
41 78 8
41 65 0
41 81 6
41 94 7
41 54 9
41 55 -6
41 49 -5
41 61 6
41 85 6
41 86 8
41 51 -7
41 83 3
41 75 -4
41 52 -3
41 43 -3
41 98 2
42 52 -7
42 77 -8
42 74 3
42 90 -9
42 94 -4
42 49 -6
42 95 8
42 86 -5
42 56 3
42 69 -7
42 63 3
42 47 -4
42 97 -6
42 55 3
42 83 -8
42 73 9
42 58 9
42 81 8
42 66 10
42 78 -8
42 71 0
42 85 5
42 61 9
42 72 10
42 75 -10
42 84 -3
42 98 -8
42 60 -8
42 87 8
42 50 -2
42 68 -1
42 51 -6
42 48 -7
42 67 -2
43 89 7
43 94 -10
43 55 -3
43 98 -2
43 52 4
43 53 7
43 58 10
43 83 -6
43 56 8
43 91 -7
43 59 -8
43 75 1
43 92 7
43 45 -1
43 50 9
43 87 -1
43 47 0
43 79 5
43 69 -8
43 84 5
43 61 -4
43 82 -3
43 46 1
43 81 -7
43 51 -3
43 71 -3
43 65 -8
43 70 -7
43 90 7
43 78 -9
43 96 3
44 82 2
44 66 10
44 64 6
44 56 -6
44 89 5
44 65 -9
44 62 -1
44 57 1
44 63 -9
44 51 -4
44 100 -4
44 46 -3
44 72 -5
44 61 -8
44 45 10
44 53 10
44 87 3
44 95 8
44 69 0
44 94 0
44 67 -6
44 52 8
44 99 -9
44 93 -3
44 78 2
44 60 1
44 86 3
44 98 4
45 91 -9
45 54 9
45 78 3
45 88 -1
45 86 -10
45 58 7
45 66 -4
45 100 0
45 89 4
45 95 10
45 83 -7
45 65 0
45 99 0
45 85 -5
45 93 -2
45 62 9
45 72 -3
45 56 -3
45 70 -6
45 80 -7
45 46 -5
45 55 2
45 57 7
45 68 7
45 94 3
45 82 9
45 50 -3
45 47 8
45 97 10
45 63 -1
46 84 7
46 48 -7
46 47 -5
46 65 2
46 53 0
46 90 2
46 95 -2
46 96 -7
46 54 -9
46 92 -10
46 55 -6
46 59 -3
46 64 1
46 72 -1
46 83 7
46 60 -1
46 97 9
46 85 10
46 100 2
46 98 7
46 58 7
46 94 -8
46 57 1
46 50 -2
46 49 -9
46 67 -4
46 89 -9
46 74 3
46 76 -9
46 88 0
47 80 -10
47 56 -7
47 92 -4
47 49 -3
47 53 -10
47 59 3
47 99 -1
47 77 -6
47 67 -9
47 66 -7
47 81 4
47 70 -5
47 51 -2
47 62 -3
47 63 1
47 76 0
47 61 -8
47 72 -3
47 48 5
47 86 6
47 71 10
47 68 -8
47 64 -2
47 55 1
47 54 7
47 74 -5
48 58 -6
48 97 -3
48 66 10
48 67 7
48 75 -6
48 68 9
48 54 -4
48 77 6
48 98 10
48 94 1
48 72 -6
48 92 4
48 57 3
48 88 9
48 100 -1
48 51 -7
48 82 9
48 71 -1
48 56 -10
48 85 5
48 83 -1
48 63 8
48 87 10
48 86 -4
48 60 -10
48 74 9
49 73 -1
49 53 6
49 52 0
49 74 2
49 55 10
49 99 -2
49 100 -9
49 51 4
49 81 -5
49 68 10
49 59 9
49 57 9
49 80 -8
49 56 6
49 76 -7
49 62 -7
49 87 7
49 75 -8
49 95 4
49 50 4
49 96 1
49 83 6
49 82 -4
49 66 -5
49 63 -4
49 60 -4
49 93 -8
50 93 1
50 97 -6
50 64 -10
50 96 -2
50 80 -3
50 99 9
50 87 10
50 79 -10
50 89 -3
50 53 -2
50 73 -2
50 100 8
50 55 6
50 57 9
50 78 5
50 66 -4
50 98 -8
50 77 -5
50 61 -4
50 68 0
50 67 8
50 70 -5
50 74 6
50 94 3
50 84 2
50 86 -3
51 89 -7
51 98 6
51 74 8
51 99 9
51 65 -5
51 71 -10
51 77 -9
51 61 -2
51 83 4
51 78 6
51 97 1
51 63 6
51 73 -10
51 94 5
51 86 -1
51 92 9
51 60 3
51 80 10
51 56 -5
51 58 2
51 66 6
51 90 -5
52 90 -2
52 99 10
52 72 10
52 59 -5
52 92 2
52 81 8
52 60 -5
52 64 2
52 84 -10
52 83 -10
52 76 0
52 58 -10
52 75 -6
52 62 -3
52 80 -10
52 66 10
52 93 8
52 100 1
52 74 -3
52 85 -7
52 82 -10
52 53 5
52 94 7
52 65 -9
52 91 5
52 63 1
52 67 -4
53 85 1
53 71 -2
53 79 -4
53 99 0
53 76 -1
53 86 4
53 55 4
53 92 -2
53 97 -1
53 65 7
53 82 5
53 90 -10
53 59 -2
53 83 1
53 70 8
53 67 1
53 75 3
53 95 9
54 93 -8
54 78 0
54 59 -9
54 100 3
54 72 8
54 92 -4
54 95 -3
54 56 8
54 81 2
54 69 -5
54 75 -5
54 65 6
54 66 0
54 82 -2
54 62 -1
54 55 -6
54 63 3
54 57 -10
54 80 4
54 67 10
54 91 7
54 98 -5
54 76 -2
55 91 6
55 93 2
55 98 4
55 62 5
55 71 -8
55 65 3
55 100 3
55 81 -1
55 60 1
55 84 -4
55 66 10
55 63 3
55 90 -8
55 73 -7
55 87 -6
55 78 -7
55 85 1
55 97 -2
55 82 9
55 75 1
55 79 0
55 64 1
55 96 -2
56 73 7
56 66 2
56 72 -1
56 67 -2
56 78 -5
56 63 -1
56 57 7
56 87 1
56 98 4
56 77 -6
56 90 1
56 62 -6
56 69 -6
56 95 1
56 75 -5
56 80 -3
56 83 -5
56 89 6
57 76 -6
57 58 1
57 95 -5
57 88 -6
57 77 10
57 94 -7
57 66 -10
57 98 -7
57 61 4
57 81 -10
57 72 -4
57 86 1
57 78 7
57 83 -7
57 97 -9
57 91 7
57 89 8
57 87 -2
57 96 6
57 68 -7
57 69 0
57 74 1
57 75 -10
58 78 -1
58 81 -2
58 69 3
58 89 -8
58 76 1
58 73 -4
58 65 -1
58 99 -9
58 70 -7
58 87 -10
58 100 -4
58 67 -3
58 88 8
58 98 -2
58 79 -3
58 63 7
58 80 6
58 86 7
58 64 -1
58 72 -1
58 62 0
58 95 -5
58 90 9
58 59 3
58 75 10
58 77 2
59 74 -8
59 70 -10
59 80 3
59 94 -10
59 81 5
59 84 0
59 63 -3
59 85 -10
59 71 -5
59 61 -7
59 78 6
59 77 -10
59 88 2
59 62 8
59 87 6
59 100 2
59 67 7
59 65 -10
59 72 -1
59 82 -5
59 64 -9
59 68 9
59 89 -3
59 75 -1
60 96 2
60 95 7
60 69 -2
60 65 2
60 93 -6
60 84 -5
60 100 -6
60 71 -4
60 79 -3
60 62 -2
60 74 5
60 85 3
60 87 -10
60 68 -4
60 77 1
60 88 -7
60 86 5
60 83 -4
60 92 7
60 67 9
60 75 -8
61 69 -10
61 97 1
61 63 10
61 78 -6
61 79 -1
61 93 -6
61 98 10
61 73 7
61 85 -6
61 71 -4
61 80 -3
61 81 8
61 100 -5
61 66 2
61 95 7
61 68 -7
61 88 10
61 87 0
61 77 -7
61 65 5
61 92 2
61 72 4
62 82 1
62 95 5
62 74 8
62 64 -2
62 85 2
62 66 -5
62 65 -9
62 81 10
62 78 0
62 90 -5
62 67 -9
62 70 -3
62 100 -3
62 86 3
62 87 -1
62 91 4
62 80 -6
62 77 -2
62 71 -3
62 97 1
63 71 -4
63 68 -1
63 73 5
63 80 -10
63 93 -8
63 88 1
63 75 -3
63 82 -3
63 84 -4
63 74 1
63 94 6
63 95 -4
63 86 2
63 79 6
63 83 -4
63 100 -8
63 67 -3
63 64 -6
63 70 10
64 84 -10
64 81 -10
64 69 10
64 100 8
64 78 8
64 70 -9
64 75 10
64 90 -10
64 72 5
64 79 9
64 95 6
64 74 -4
64 87 9
64 82 -1
64 77 8
64 73 -9
64 97 3
64 85 1
64 89 -3
65 94 -5
65 78 8
65 73 10
65 83 -5
65 77 -6
65 89 9
65 68 0
65 82 6
65 74 7
65 88 3
65 91 9
65 81 1
65 90 -7
65 71 -1
65 67 2
66 87 9
66 86 -10
66 85 8
66 88 -10
66 78 -2
66 72 2
66 81 2
66 69 -8
66 93 2
66 67 5
66 82 -4
66 90 -2
66 95 7
66 91 8
66 74 2
66 76 6
66 77 -2
66 71 3
67 75 7
67 76 5
67 96 -10
67 87 3
67 73 8
67 89 9
67 97 1
67 80 1
67 94 1
67 83 1
67 95 -1
67 82 1
67 92 3
67 69 -1
67 81 6
67 99 3
68 92 -10
68 72 -7
68 70 -9
68 69 1
68 77 -8
68 94 -10
68 79 -10
68 80 2
68 82 1
68 84 0
68 75 0
68 99 -1
68 97 -5
68 86 4
68 83 2
68 90 10
69 82 10
69 96 5
69 83 -1
69 77 -9
69 84 -1
69 100 -6
69 71 -8
69 86 -5
69 81 9
69 92 -8
69 95 0
70 99 -1
70 93 0
70 77 9
70 86 10
70 76 -4
70 79 3
70 98 -5
70 80 7
70 81 0
70 95 -3
70 91 -8
70 75 -3
70 85 4
71 95 10
71 90 7
71 81 5
71 99 -2
71 80 -5
71 96 7
71 79 -10
71 88 3
71 84 -8
71 92 -2
71 89 -8
71 73 -7
71 78 3
71 93 6
71 87 8
72 75 -8
72 85 8
72 74 2
72 77 -9
72 82 -8
72 79 -1
72 86 -4
72 88 -4
72 89 -7
72 95 6
72 73 -4
72 99 4
72 90 1
72 76 -10
72 94 -1
73 82 9
73 74 3
73 99 -2
73 87 -5
73 77 7
73 89 8
73 91 10
73 93 -9
73 84 2
74 92 3
74 80 -5
74 85 -1
74 78 7
74 79 10
74 86 -7
74 94 -3
74 100 -8
74 76 10
74 82 -7
74 91 -6
74 99 8
75 77 5
75 82 6
75 87 -5
75 91 -7
75 84 -1
75 78 -1
75 95 -4
75 93 -5
75 86 2
75 76 -5
75 97 -7
75 96 4
75 85 -2
76 93 10
76 80 -7
76 77 5
76 83 1
76 98 6
76 92 3
76 82 -4
76 88 6
76 87 -8
76 96 3
76 97 5
76 89 3
76 99 -1
77 78 -8
77 80 3
77 93 3
77 82 -10
77 85 0
77 81 0
77 84 -3
77 96 -6
77 98 1
77 97 4
77 92 -5
78 83 1
78 96 -6
78 79 -4
78 98 -7
78 85 7
78 89 1
78 87 1
78 99 1
78 92 -8
79 85 10
79 95 -2
79 92 -3
79 89 -4
79 81 -1
79 94 -1
79 87 0
79 98 -4
79 86 -6
79 84 -7
80 86 4
80 84 -5
80 99 -2
80 85 -9
81 98 -7
81 88 5
81 89 5
81 85 4
81 82 9
81 95 -5
81 100 -7
81 84 -8
81 90 5
82 99 -3
82 91 10
82 83 4
82 89 7
82 93 -7
83 95 6
83 90 1
83 86 6
84 98 9
84 96 6
84 88 2
84 91 -8
84 86 -8
84 97 6
84 89 0
84 93 6
84 100 6
84 85 0
85 93 4
85 95 7
85 88 0
86 96 3
86 88 -8
86 99 -2
86 89 8
87 95 -9
87 91 -1
87 88 -8
87 94 10
87 89 4
87 100 -3
87 90 10
88 96 -4
88 100 8
88 90 -3
88 95 2
88 92 -6
88 94 -1
89 99 7
89 98 -3
89 96 5
89 95 -10
89 100 6
89 94 0
89 90 -7
89 93 -9
90 99 -7
91 93 -5
91 94 -3
91 97 -3
91 98 5
91 99 7
91 96 2
92 94 8
92 100 -4
92 98 -5
92 96 4
93 100 1
93 98 -8
93 96 5
93 94 -5
94 100 -8
94 98 4
94 99 -9
94 95 0
95 99 -5
95 97 9
95 96 6
96 100 -3
98 100 -10
99 100 -4
