100 2475 
1 12 -10
1 19 -2
1 24 10
1 75 -10
1 58 -5
1 98 10
1 9 1
1 28 8
1 63 8
1 74 0
1 88 -5
1 44 -10
1 80 6
1 76 -2
1 55 3
1 43 -1
1 26 8
1 96 6
1 33 -5
1 10 8
1 5 -5
1 40 -7
1 54 1
1 68 -6
1 82 9
1 97 -8
1 49 -4
1 81 -2
1 99 1
1 94 -4
1 14 -7
1 35 10
1 50 -2
1 87 -5
1 71 -2
1 16 0
1 2 -4
1 60 -9
1 86 1
1 51 10
1 46 -6
1 41 -7
1 34 -3
1 53 3
1 56 8
1 89 -3
1 3 1
1 31 1
1 48 0
1 39 4
1 20 5
1 95 5
2 78 8
2 65 8
2 53 7
2 73 7
2 25 7
2 37 1
2 44 -6
2 6 3
2 45 -8
2 36 3
2 43 9
2 40 8
2 42 -8
2 5 10
2 86 4
2 62 -3
2 75 8
2 82 10
2 18 -3
2 56 -7
2 14 10
2 92 7
2 57 -10
2 31 6
2 80 -3
2 81 -3
2 28 -1
2 61 -4
2 3 2
2 90 -1
2 98 9
2 64 5
2 63 8
2 23 -10
2 96 -9
2 29 -8
2 58 -2
2 22 -2
2 67 -3
2 89 -1
2 52 1
2 41 4
2 27 -6
2 85 5
2 9 9
2 95 -1
2 91 10
2 51 0
2 55 7
2 83 -6
2 20 6
2 54 5
2 47 1
2 30 8
2 68 0
2 87 7
2 7 -1
2 26 -8
3 79 -2
3 5 10
3 76 -7
3 74 -6
3 9 -2
3 86 -3
3 57 1
3 92 6
3 37 2
3 36 -5
3 83 8
3 17 10
3 61 9
3 12 10
3 71 -6
3 7 -10
3 89 -1
3 47 -10
3 51 -9
3 64 -2
3 18 -7
3 67 2
3 97 0
3 11 5
3 77 -1
3 62 10
3 44 0
3 28 -8
3 30 -5
3 45 6
3 94 -6
3 42 -5
3 56 -4
3 49 8
3 72 -6
3 87 7
3 80 -1
3 85 9
3 82 6
3 8 -3
3 32 5
3 31 10
3 20 8
3 59 5
3 73 5
3 6 8
4 46 10
4 50 5
4 30 8
4 62 5
4 59 10
4 7 7
4 47 0
4 9 -8
4 95 4
4 75 7
4 84 6
4 55 -3
4 78 6
4 86 -7
4 13 -6
4 56 -1
4 32 9
4 67 -5
4 10 -1
4 54 8
4 96 3
4 72 7
4 23 0
4 49 -6
4 6 -5
4 53 10
4 100 9
4 12 -5
4 34 2
4 92 -2
4 28 9
4 70 3
4 27 1
4 61 4
4 17 -6
4 60 7
4 5 -1
4 29 -5
4 58 -5
4 16 -8
5 86 8
5 71 -1
5 62 7
5 16 -8
5 61 -1
5 44 -6
5 94 0
5 72 -8
5 9 6
5 10 0
5 68 -6
5 82 9
5 33 7
5 40 6
5 84 4
5 23 10
5 22 -4
5 58 8
5 75 6
5 38 4
5 65 6
5 30 -10
5 49 3
5 76 2
5 37 -6
5 56 -8
5 70 5
5 64 5
5 36 -8
5 81 -9
5 54 -10
5 60 6
5 43 2
5 53 10
5 52 -1
5 15 -3
5 34 7
5 20 -1
5 89 9
5 90 5
5 92 9
5 74 2
5 28 8
5 57 2
5 83 -6
5 24 -3
5 35 9
5 26 -6
5 32 5
5 97 4
6 43 5
6 69 -7
6 46 -7
6 83 -7
6 53 1
6 13 -7
6 90 4
6 11 2
6 32 -1
6 20 -4
6 26 -10
6 91 -7
6 67 -4
6 54 3
6 38 -9
6 79 -1
6 98 -2
6 19 -10
6 28 -4
6 16 2
6 92 5
6 62 -3
6 82 -9
6 40 3
6 50 -6
6 85 -2
6 34 -6
6 17 -8
6 22 9
6 76 10
6 68 -6
6 35 1
6 48 6
6 39 9
6 37 -8
6 84 -9
6 12 7
6 95 -10
6 81 -8
6 78 5
6 56 -9
6 47 6
6 73 -4
6 60 0
6 55 4
6 89 7
6 33 4
6 8 7
7 63 -2
7 70 -3
7 15 4
7 23 7
7 9 6
7 44 -5
7 10 9
7 47 -6
7 8 10
7 49 -4
7 81 -9
7 79 10
7 12 -9
7 30 2
7 67 10
7 66 7
7 98 -4
7 39 -9
7 40 -5
7 38 1
7 21 -9
7 80 -6
7 100 -10
7 14 -7
7 72 -4
7 58 8
7 71 6
7 32 -8
7 54 -1
7 17 0
7 26 6
7 64 3
7 85 -4
7 43 10
7 74 -6
7 77 6
7 99 1
7 86 -3
7 78 2
7 46 8
7 57 9
7 50 1
7 11 -10
7 45 5
7 41 5
7 31 6
7 51 6
7 82 4
7 19 7
7 36 -6
7 75 6
8 50 5
8 54 7
8 66 0
8 100 5
8 37 10
8 44 4
8 85 -2
8 69 0
8 99 -7
8 59 1
8 49 10
8 53 -9
8 42 -10
8 62 -10
8 10 2
8 73 -7
8 88 -8
8 9 -2
8 56 -1
8 34 -9
8 18 0
8 23 -9
8 47 -6
8 48 5
8 81 -9
8 60 -8
8 20 -4
8 41 -8
8 97 1
8 82 4
8 83 -4
8 70 -1
8 36 5
8 27 7
8 52 -9
8 71 -5
8 61 -9
8 93 -2
8 39 0
8 84 3
8 32 -1
8 91 5
9 42 7
9 79 -5
9 66 -10
9 45 10
9 64 3
9 97 -7
9 93 2
9 77 9
9 71 4
9 83 -8
9 51 -6
9 33 9
9 85 6
9 19 -4
9 67 0
9 70 10
9 87 -6
9 28 -3
9 48 -6
9 46 6
9 36 4
9 50 -5
9 25 -8
9 65 3
9 53 6
9 61 3
9 30 -10
9 91 2
9 55 -2
9 16 4
9 96 -7
9 18 8
9 17 -6
9 75 2
9 72 3
9 23 -4
9 54 -10
9 73 -1
9 80 -3
9 31 1
9 63 1
9 12 5
9 74 2
9 24 3
9 57 7
9 32 9
9 43 -1
9 49 -3
9 22 -4
9 86 -2
10 31 -10
10 53 -8
10 57 9
10 47 7
10 64 -5
10 78 -8
10 15 7
10 38 -3
10 23 7
10 60 8
10 96 9
10 21 -7
10 25 8
10 19 5
10 77 1
10 34 1
10 92 -5
10 32 9
10 82 -1
10 69 10
10 12 -8
10 24 6
10 85 7
10 62 3
10 50 9
10 35 -7
10 81 7
10 44 5
10 39 0
10 45 7
10 33 1
10 36 4
10 76 -5
10 71 8
10 11 -5
10 58 1
10 79 -7
10 80 10
10 43 2
10 89 6
10 22 4
10 75 10
10 52 10
10 61 1
10 16 10
10 74 1
10 68 1
10 91 4
11 34 8
11 82 1
11 67 1
11 92 0
11 62 -5
11 83 -9
11 47 -6
11 31 -3
11 94 -1
11 28 4
11 53 2
11 80 -5
11 69 1
11 70 10
11 14 -8
11 75 8
11 50 9
11 36 2
11 59 8
11 97 5
11 18 2
11 30 -2
11 84 2
11 38 -1
11 91 8
11 81 3
11 68 -4
11 93 10
11 27 8
11 73 5
11 100 -4
11 60 10
11 54 -9
11 16 -3
11 13 -3
11 65 -8
11 42 2
11 63 10
11 45 -3
11 12 10
11 37 -9
11 20 -1
11 46 -4
11 55 -7
12 78 -7
12 40 -5
12 19 10
12 37 9
12 27 -9
12 39 9
12 57 6
12 56 -5
12 83 -10
12 13 -8
12 21 -1
12 29 -9
12 28 -6
12 46 2
12 58 -2
12 42 0
12 80 -3
12 96 4
12 100 -1
12 50 -4
12 14 3
12 44 4
12 43 8
12 51 4
12 32 -2
12 60 -1
12 76 -3
12 82 1
12 54 3
12 69 7
12 89 -6
12 20 -2
12 16 -5
12 98 2
12 94 -3
12 74 -2
12 26 2
12 17 -3
12 25 -2
12 15 -5
12 66 -4
12 53 -4
12 61 6
13 89 0
13 57 -9
13 55 9
13 77 -2
13 95 10
13 44 2
13 28 6
13 48 3
13 20 0
13 22 10
13 96 -9
13 32 3
13 31 -4
13 35 -7
13 98 -8
13 59 -8
13 100 2
13 54 -9
13 49 -9
13 60 4
13 25 5
13 30 1
13 93 -8
13 83 -4
13 23 2
13 43 -4
13 47 -1
13 37 5
13 68 3
13 50 -2
13 73 2
13 82 -3
13 26 3
13 66 7
13 34 10
13 92 -9
13 97 -8
13 71 2
13 80 2
13 40 4
13 18 -3
14 75 3
14 70 -5
14 95 0
14 89 -1
14 37 5
14 97 4
14 39 -3
14 49 -1
14 27 0
14 47 -8
14 19 6
14 80 -3
14 32 1
14 54 8
14 44 0
14 91 -10
14 48 8
14 73 9
14 65 3
14 57 -2
14 66 8
14 31 8
14 43 8
14 58 -2
14 21 -4
14 92 -9
14 85 9
14 74 7
14 93 8
14 67 4
14 18 -9
14 72 -5
14 86 8
14 77 -2
14 79 2
14 82 -9
14 36 6
14 81 9
14 71 -10
14 87 -9
14 88 -7
14 34 2
14 46 -3
14 83 -6
14 64 9
14 99 8
15 62 -6
15 20 -8
15 81 10
15 72 -1
15 87 0
15 59 8
15 24 -6
15 84 -1
15 76 6
15 37 -2
15 60 -5
15 50 2
15 52 -6
15 51 -3
15 26 4
15 98 3
15 69 5
15 29 6
15 71 -6
15 18 3
15 54 -10
15 99 -1
15 33 -4
15 70 7
15 28 -1
15 21 7
15 77 -8
15 48 3
15 91 3
15 41 7
15 85 -2
15 46 -5
15 66 2
15 78 -3
15 61 -10
15 17 9
15 88 -3
15 36 -2
15 58 -8
15 34 7
15 49 5
15 22 5
15 55 9
15 19 -7
15 68 -3
15 86 -8
15 82 4
15 40 4
15 74 4
16 44 -9
16 82 9
16 60 -8
16 23 6
16 38 -7
16 19 0
16 62 4
16 36 -7
16 81 -9
16 49 7
16 67 -6
16 73 -10
16 51 -2
16 70 -2
16 42 -4
16 21 -10
16 37 2
16 25 -7
16 98 5
16 47 -7
16 53 -8
16 18 4
16 33 -2
16 92 -4
16 97 8
16 31 4
16 27 -8
16 26 -10
16 22 -5
16 93 10
16 77 3
16 96 10
16 41 9
16 29 3
16 83 -4
16 71 8
16 76 7
16 58 -9
16 17 2
16 68 0
16 32 4
16 56 1
17 74 0
17 51 -4
17 19 4
17 18 -9
17 93 -3
17 57 0
17 85 -1
17 91 10
17 40 -10
17 24 1
17 36 -9
17 49 10
17 88 9
17 43 10
17 22 -4
17 84 -8
17 73 -1
17 76 10
17 72 4
17 86 4
17 63 -2
17 56 8
17 46 -4
17 90 -3
17 80 8
17 97 -4
17 71 -10
17 89 10
17 37 2
17 25 7
17 67 7
17 58 -5
17 31 -5
17 59 7
17 81 9
17 95 -9
17 34 -2
17 61 2
17 35 -1
17 48 -7
17 44 2
17 54 8
18 63 -2
18 59 -10
18 65 8
18 50 -4
18 87 3
18 19 10
18 33 -5
18 73 -8
18 49 0
18 67 -1
18 55 -1
18 35 8
18 54 -3
18 26 2
18 39 -10
18 66 -4
18 86 6
18 34 -1
18 30 -10
18 47 -4
18 78 -3
18 43 10
18 75 -1
18 28 -2
18 89 2
18 74 3
18 37 -6
18 46 3
18 58 -8
18 80 -1
18 32 5
18 100 5
18 82 9
18 48 -5
18 91 6
18 93 3
18 36 -3
18 83 0
18 64 3
18 84 -6
18 70 9
18 76 -10
18 60 -7
18 45 7
18 95 1
19 23 1
19 59 1
19 80 -8
19 97 -8
19 70 -6
19 81 -8
19 62 -3
19 21 -1
19 52 10
19 88 -2
19 56 6
19 49 8
19 32 -5
19 98 -8
19 28 4
19 38 -10
19 48 -2
19 72 6
19 86 7
19 42 -9
19 79 4
19 53 4
19 76 -8
19 74 7
19 41 5
19 64 -2
19 33 9
19 96 10
19 100 -6
19 31 2
19 22 -8
19 50 7
19 95 3
19 44 2
19 57 3
19 26 -5
19 90 3
19 87 -6
19 91 10
19 20 10
19 43 8
19 69 -1
19 30 -8
20 85 3
20 39 3
20 49 4
20 41 -3
20 91 4
20 44 3
20 37 -4
20 58 -8
20 59 -6
20 78 -6
20 93 -7
20 63 -6
20 51 -1
20 80 -3
20 67 -8
20 40 -5
20 99 -7
20 53 -3
20 24 4
20 66 -7
20 83 8
20 36 9
20 82 -5
20 54 7
20 23 5
20 22 -5
20 77 -9
20 50 -8
20 75 9
20 35 -10
20 31 9
20 47 9
20 65 9
20 95 -9
20 34 6
20 61 -3
20 71 -6
20 100 -6
20 84 -10
20 74 10
20 30 -7
20 56 6
20 52 4
20 72 -4
20 55 -6
20 33 2
20 28 1
20 29 -9
21 93 3
21 60 10
21 50 3
21 82 -10
21 32 0
21 28 6
21 76 -6
21 87 -6
21 89 2
21 86 -6
21 98 0
21 30 -1
21 43 -7
21 61 0
21 71 7
21 91 7
21 33 7
21 52 5
21 34 3
21 75 8
21 66 1
21 57 -6
21 24 -2
21 23 -4
21 80 5
21 22 -4
21 65 -6
21 74 -10
21 40 1
21 38 10
21 35 9
21 55 -1
21 72 -9
21 84 2
21 67 8
21 48 -3
21 63 2
21 90 9
21 45 -4
21 29 -2
21 69 0
21 79 -1
21 49 4
21 25 2
21 58 9
21 26 9
21 96 8
21 51 10
22 84 5
22 26 0
22 43 10
22 54 8
22 74 0
22 70 -2
22 96 9
22 44 -4
22 32 -4
22 100 2
22 57 -5
22 58 4
22 47 1
22 72 -10
22 85 -1
22 75 5
22 35 -8
22 88 10
22 51 -3
22 79 -5
22 49 8
22 27 5
22 60 -8
22 53 1
22 66 4
22 46 -2
22 65 -3
22 52 -8
22 64 -8
22 82 -3
22 86 -9
23 81 5
23 99 -3
23 62 -8
23 74 4
23 49 -5
23 91 10
23 100 -4
23 76 8
23 55 10
23 89 -8
23 46 3
23 42 -8
23 36 -10
23 64 5
23 61 -8
23 25 7
23 48 -4
23 88 -9
23 38 -3
23 30 1
23 87 -1
23 27 -8
23 77 -9
23 45 -5
23 94 -8
23 65 10
23 72 -6
23 50 -1
23 80 -4
23 73 -10
24 95 5
24 67 4
24 31 -8
24 37 0
24 26 -3
24 77 -5
24 44 4
24 61 0
24 30 3
24 100 -1
24 76 -2
24 46 -10
24 98 -3
24 84 10
24 28 -5
24 78 -9
24 73 9
24 79 -5
24 69 4
24 64 0
24 59 -9
24 34 3
24 89 7
24 39 -4
24 33 -1
24 62 -4
24 50 4
24 27 -3
24 52 -1
24 68 -9
24 29 -4
24 94 3
24 74 9
24 93 -4
24 57 7
24 80 10
25 70 -8
25 91 -4
25 77 5
25 45 6
25 65 -6
25 87 -4
25 92 -8
25 100 -10
25 51 -2
25 72 2
25 80 -2
25 78 -9
25 32 5
25 90 -1
25 63 4
25 26 8
25 39 -3
25 84 -4
25 38 4
25 54 4
25 98 10
25 89 6
25 36 -2
25 66 4
25 62 -8
25 79 5
26 79 -4
26 39 -2
26 91 -3
26 54 5
26 92 -2
26 49 -4
26 28 -6
26 38 -10
26 56 9
26 100 -5
26 97 -5
26 57 0
26 80 7
26 35 3
26 50 -6
26 61 -2
26 67 -7
26 62 8
26 93 1
26 37 0
26 32 1
26 74 5
26 76 2
26 85 9
26 48 -4
26 78 -5
27 29 -6
27 75 4
27 62 5
27 69 -9
27 77 8
27 66 -3
27 59 -5
27 45 6
27 52 -10
27 57 -6
27 83 4
27 81 -1
27 97 -1
27 44 -1
27 91 -5
27 61 2
27 36 8
27 49 -4
27 28 7
27 96 7
27 33 2
27 95 -2
27 78 -3
27 47 4
27 30 -8
27 80 -7
27 55 -3
27 31 -7
27 82 -1
27 100 0
27 58 -2
27 50 8
27 48 4
27 46 -2
28 40 9
28 37 10
28 86 10
28 84 -9
28 81 7
28 36 10
28 67 4
28 31 -3
28 74 -2
28 90 4
28 68 8
28 59 -7
28 47 3
28 60 -5
28 54 -10
28 89 -3
28 93 -8
28 58 -2
28 46 4
28 73 7
28 30 -8
28 32 0
28 35 -9
28 50 -10
28 38 0
28 49 -3
28 72 -9
28 69 8
28 53 -1
28 87 -2
28 70 7
28 64 0
28 61 -3
28 80 1
28 99 3
28 41 -8
28 48 -3
28 52 -2
28 44 2
29 89 -6
29 44 3
29 51 -6
29 68 -3
29 91 0
29 42 -5
29 50 5
29 78 3
29 83 5
29 62 2
29 45 1
29 73 3
29 99 -4
29 59 -6
29 37 -10
29 58 -6
29 43 3
29 98 0
29 31 -4
29 87 0
29 90 -5
29 86 -5
29 71 -5
29 97 6
29 55 -10
29 95 -8
29 69 -4
29 92 8
29 100 -5
29 74 1
29 46 6
29 75 1
29 96 -9
29 57 -9
29 38 2
29 70 10
29 60 -8
29 82 6
29 54 6
29 30 -4
30 90 -4
30 85 0
30 48 4
30 59 2
30 79 2
30 72 5
30 78 -1
30 63 4
30 96 0
30 94 4
30 44 4
30 93 -4
30 80 -2
30 71 5
30 97 -5
30 100 9
30 77 -9
30 98 -1
30 56 -6
30 60 10
30 83 -10
30 52 7
30 84 -2
30 38 5
30 91 -4
30 45 10
30 53 0
30 51 2
30 70 -2
30 92 -8
30 66 0
30 76 2
30 95 0
30 40 -3
30 69 -8
30 86 8
30 34 1
30 61 9
31 94 5
31 51 -10
31 73 5
31 76 -8
31 82 7
31 69 -8
31 43 -7
31 75 -2
31 55 1
31 99 -8
31 96 -10
31 83 -5
31 35 -5
31 63 5
31 41 7
31 95 9
31 57 5
31 97 -7
31 68 -8
31 71 -9
31 50 -2
31 62 0
31 46 7
31 72 -3
31 56 -9
31 67 -10
31 74 -2
31 53 -6
31 79 -9
31 88 -5
31 36 0
31 49 0
31 86 -10
31 34 -9
31 54 -7
32 91 -3
32 81 5
32 45 0
32 70 -9
32 38 8
32 53 4
32 39 -5
32 72 0
32 80 10
32 48 -2
32 73 -3
32 95 1
32 43 -3
32 44 4
32 69 5
32 87 6
32 86 -4
32 74 6
32 67 5
32 96 -9
32 63 -5
32 33 2
32 35 4
32 58 -10
32 79 3
32 97 -2
32 82 2
32 68 3
32 90 3
32 54 8
32 55 8
32 34 5
32 50 1
32 42 -4
32 57 -7
32 78 2
32 47 -7
32 65 9
33 47 6
33 87 4
33 65 7
33 58 -8
33 50 7
33 70 10
33 81 2
33 46 1
33 92 -7
33 52 -6
33 86 -4
33 89 7
33 91 2
33 55 6
33 34 -10
33 98 -3
33 95 -7
33 94 1
33 78 5
33 40 -1
33 79 6
33 73 -1
33 76 2
33 66 -3
33 35 -3
33 96 6
33 38 10
33 36 -1
33 56 8
33 84 -10
33 71 -3
33 63 2
33 39 -9
33 93 6
34 90 -10
34 95 1
34 39 1
34 61 -3
34 79 6
34 73 -4
34 53 -8
34 62 -8
34 75 -4
34 83 -9
34 69 -10
34 77 -8
34 57 -6
34 99 5
34 43 5
34 48 -6
34 64 -1
34 89 -10
34 86 6
34 67 -1
34 82 -1
34 87 -5
34 70 5
34 81 1
34 98 8
34 94 -4
34 42 3
34 92 9
34 100 7
34 72 -2
34 35 9
34 52 1
34 50 -8
34 49 3
35 96 3
35 49 1
35 41 4
35 98 -5
35 47 -10
35 69 -1
35 39 10
35 70 -7
35 40 9
35 64 7
35 94 0
35 91 3
35 97 3
35 89 -1
35 87 2
35 58 9
35 46 -8
35 72 4
35 43 -3
35 65 -8
35 62 -8
35 95 2
35 60 -8
35 92 7
35 88 4
35 48 1
35 77 10
35 54 8
35 85 0
35 99 7
35 36 10
35 71 5
36 45 -3
36 40 7
36 43 2
36 74 7
36 64 -7
36 80 1
36 58 8
36 49 10
36 44 9
36 81 4
36 79 -3
36 56 10
36 97 4
36 39 -1
36 71 -1
36 92 5
36 84 4
36 100 -3
36 96 -1
36 41 -5
36 87 3
36 83 2
36 68 -6
36 54 -2
36 66 8
36 70 0
36 88 -5
36 85 -10
36 59 -7
36 53 9
36 48 -5
36 86 7
36 50 3
36 82 8
37 73 -10
37 71 9
37 91 10
37 57 -3
37 81 -1
37 100 -8
37 46 -2
37 77 -4
37 54 6
37 76 8
37 97 5
37 40 2
37 42 -6
37 47 6
37 87 1
37 39 3
37 95 7
37 43 1
37 48 -3
37 41 2
37 88 -8
37 67 -10
37 82 -4
37 44 -4
37 96 -2
37 85 7
37 58 2
37 84 -3
37 98 0
37 99 -8
37 53 -2
38 43 -7
38 42 -3
38 100 -3
38 59 8
38 77 3
38 80 3
38 47 -10
38 49 -10
38 81 -3
38 64 -7
38 62 -9
38 71 2
38 99 -2
38 93 5
38 58 -3
38 82 3
38 61 -2
38 84 1
38 39 -3
38 85 -9
38 98 1
38 56 2
38 96 9
38 91 -4
38 74 -6
38 40 -8
39 65 10
39 76 1
39 68 1
39 79 5
39 42 -10
39 97 10
39 80 -3
39 94 0
39 40 -6
39 82 -2
39 81 4
39 69 -7
39 88 7
39 63 -7
39 54 3
39 96 -6
39 45 -3
39 43 -2
39 77 -7
39 59 -6
39 78 -2
39 70 5
39 91 -2
39 46 7
39 86 -8
39 98 9
39 47 -10
39 44 0
39 83 -2
39 74 -3
40 88 1
40 99 0
40 100 3
40 85 -6
40 56 3
40 54 5
40 90 7
40 43 2
40 93 -4
40 96 -3
40 51 -10
40 70 -6
40 41 10
40 84 7
40 62 -10
40 50 2
40 47 -10
40 67 -8
40 53 2
40 65 1
40 98 2
40 48 3
40 59 -8
40 82 9
40 71 -5
40 72 -9
40 87 -8
40 57 9
40 89 2
40 79 -10
40 64 -5
41 74 9
41 95 10
41 88 -8
41 46 5
41 49 6
41 77 -1
41 61 10
41 79 7
41 62 7
41 50 -9
41 94 3
41 59 6
41 90 -3
41 99 -6
41 89 1
41 87 6
41 69 0
41 82 10
41 60 9
41 55 1
41 44 3
41 58 -7
41 57 -10
41 42 7
41 98 -1
41 64 1
41 47 -6
41 70 6
41 97 -10
41 66 5
42 68 8
42 88 -3
42 60 7
42 86 -5
42 98 5
42 81 3
42 56 9
42 46 -8
42 64 10
42 74 -9
42 92 9
42 44 8
42 53 -6
42 96 0
42 80 -2
42 48 -3
42 89 -2
42 73 1
42 67 1
42 58 4
42 100 7
42 57 2
42 91 -5
42 82 5
42 85 0
42 51 3
42 90 0
42 75 -10
43 93 8
43 88 -5
43 47 7
43 57 -5
43 53 -4
43 79 10
43 68 9
43 89 3
43 70 9
43 83 8
43 51 -9
43 81 -2
43 65 -1
43 100 3
43 48 5
43 64 0
43 63 -2
43 52 -1
43 59 -3
43 74 -2
43 60 6
43 80 -4
43 78 2
43 54 -6
43 96 8
44 96 1
44 52 5
44 90 5
44 77 1
44 81 8
44 47 -7
44 87 -8
44 51 10
44 89 0
44 100 -7
44 70 -7
44 58 -3
44 54 10
44 85 -5
44 93 -1
44 82 -5
44 79 -4
44 49 9
44 68 5
44 75 -7
44 98 -1
44 88 7
44 62 7
44 66 -2
44 76 1
45 52 3
45 74 -5
45 81 8
45 95 2
45 82 3
45 85 2
45 83 -9
45 79 7
45 68 -8
45 62 0
45 51 0
45 59 4
45 54 -2
45 94 -6
45 88 -6
45 70 -5
45 90 1
45 48 -9
45 65 2
45 97 -8
45 92 8
45 87 -10
45 78 -4
45 60 7
45 64 -8
45 57 -5
45 69 6
45 58 9
45 63 0
46 69 -2
46 87 -4
46 98 -10
46 53 -5
46 74 9
46 48 0
46 51 -5
46 63 -5
46 49 5
46 60 6
46 68 9
46 86 8
46 100 0
46 70 -7
46 65 5
46 94 3
46 76 -2
46 47 -5
46 58 3
46 57 -4
46 78 1
46 59 4
46 77 -2
46 67 -8
46 82 -8
46 88 9
46 72 6
46 84 -9
46 93 1
46 85 0
46 92 10
47 48 2
47 67 -4
47 54 -1
47 85 -10
47 56 -3
47 96 4
47 62 -9
47 78 5
47 55 1
47 50 -5
47 83 -3
47 61 -9
47 86 -7
47 92 -6
47 97 8
47 64 -1
47 81 7
47 82 -4
47 73 5
47 52 8
47 93 -4
47 76 -1
47 98 -6
47 74 4
47 91 -8
47 66 6
47 87 0
47 99 -8
47 59 -7
48 95 9
48 53 5
48 85 6
48 49 6
48 60 10
48 51 9
48 89 0
48 55 -10
48 93 0
48 94 -3
48 74 1
48 83 -4
48 52 -8
48 81 -8
48 77 -5
48 97 -9
48 79 -1
48 96 10
48 69 -3
48 98 2
48 72 -3
48 66 -8
48 61 3
49 70 6
49 87 4
49 63 -2
49 58 2
49 83 -1
49 64 5
49 53 10
49 78 7
49 54 -7
49 95 -4
49 51 1
49 80 -9
49 52 3
49 74 -1
49 76 9
49 99 7
49 66 4
49 92 -3
49 69 1
49 59 6
50 92 1
50 93 4
50 59 6
50 73 -1
50 81 6
50 91 7
50 87 4
50 52 -10
50 53 10
50 83 5
50 64 -7
50 78 3
50 94 1
50 95 6
50 89 -4
50 74 0
50 71 3
50 72 9
50 69 -7
50 67 -1
50 68 1
50 100 3
50 77 -10
50 75 -9
50 56 6
50 88 -9
50 85 -6
51 85 8
51 68 -4
51 57 0
51 67 -8
51 53 -2
51 61 7
51 58 5
51 69 -2
51 89 -3
51 60 7
51 93 -7
51 65 -7
51 62 7
51 84 -8
51 100 -1
51 82 10
51 76 -6
51 66 9
51 86 7
51 74 -10
51 94 5
51 79 0
51 92 2
51 90 1
51 81 1
51 52 -5
51 88 2
51 95 -3
52 88 -4
52 76 1
52 62 -2
52 96 -5
52 64 -1
52 98 10
52 100 -3
52 89 -1
52 55 5
52 93 5
52 71 1
52 74 10
52 94 10
52 90 0
52 56 5
52 81 -9
52 77 9
52 59 -9
52 95 -1
52 92 -4
52 97 -5
52 66 -8
52 60 10
52 54 1
52 87 -3
52 83 -5
52 65 0
53 96 -4
53 95 -1
53 78 10
53 86 2
53 80 -9
53 55 -9
53 73 -4
53 67 9
53 98 -6
53 84 -3
53 75 9
53 59 -6
53 91 -10
53 63 -6
53 62 -4
53 93 -1
53 74 -9
53 87 2
53 66 -3
53 69 6
53 100 9
53 70 10
54 90 -8
54 75 -1
54 72 -8
54 67 8
54 94 3
54 76 3
54 79 -1
54 56 8
54 98 -1
54 80 0
54 70 -5
54 93 0
54 57 -5
54 96 -9
54 59 9
54 74 -10
54 89 -5
54 88 3
54 69 -5
54 68 -1
54 81 2
55 69 -3
55 94 9
55 98 3
55 79 2
55 99 -6
55 59 -1
55 74 -2
55 91 10
55 58 7
55 86 8
55 56 4
55 75 10
55 57 6
55 92 3
55 88 3
55 81 10
55 63 3
55 62 6
55 65 0
55 87 -6
55 70 -4
55 95 7
55 83 -7
56 99 -8
56 62 -7
56 72 2
56 83 10
56 93 9
56 91 -7
56 80 -9
56 75 8
56 82 -3
56 94 -4
56 64 3
56 59 10
56 70 -4
56 67 -5
56 68 7
56 57 -3
56 85 5
56 58 -1
56 95 -4
56 77 9
56 78 7
56 89 9
56 88 3
56 65 6
56 69 -8
57 71 10
57 75 5
57 79 -3
57 82 1
57 93 9
57 100 1
57 72 0
57 80 -1
57 87 5
57 68 -1
57 63 -5
57 81 -7
57 77 10
57 97 -7
57 78 -4
57 61 9
57 88 -10
57 64 4
57 66 3
57 76 6
58 96 -10
58 87 -5
58 62 10
58 92 4
58 71 -4
58 75 9
58 99 -10
58 93 9
58 77 7
58 83 -3
58 73 5
58 82 10
59 89 -3
59 94 5
59 98 6
59 68 10
59 65 4
59 80 0
59 72 -9
59 70 -9
59 87 -7
59 92 3
59 96 -2
59 99 -5
59 69 3
59 60 0
59 63 -10
59 93 -9
59 82 0
59 100 4
59 81 -6
59 61 -2
60 86 -10
60 92 9
60 91 0
60 74 -6
60 62 -5
60 94 -5
60 87 -5
60 97 -6
60 89 0
60 88 -2
60 72 -2
60 77 -5
60 99 2
60 63 -3
60 80 -10
60 78 -10
60 61 -4
60 71 10
60 98 5
60 70 0
60 73 7
60 65 -3
60 66 3
61 98 -4
61 75 6
61 77 3
61 93 -9
61 87 -10
61 84 -4
61 73 -8
61 65 3
61 90 10
61 85 -2
61 71 9
61 83 -7
61 70 9
61 97 -2
61 89 -1
61 78 2
61 76 1
61 92 7
61 100 3
62 65 -7
62 84 -4
62 91 -9
62 71 -3
62 88 9
62 85 7
62 76 2
62 86 -3
62 78 3
62 93 -2
62 67 3
62 77 9
62 95 -2
62 96 8
62 74 -9
62 66 7
62 64 9
62 79 -1
62 83 -3
62 63 -3
63 90 0
63 82 -7
63 72 6
63 76 -1
63 77 -10
63 66 8
63 64 4
63 79 -9
63 86 -1
63 97 7
63 96 -10
63 70 4
63 67 -1
63 83 -6
63 95 -9
63 80 -2
63 91 2
63 99 2
63 84 9
63 69 2
63 75 8
64 88 -2
64 79 6
64 65 1
64 78 8
64 72 10
64 99 -5
64 82 -3
64 97 4
64 75 -5
64 95 3
64 77 -7
64 91 6
64 83 -9
64 98 -1
64 89 -9
64 87 9
65 88 7
65 83 6
65 66 -8
65 73 5
65 97 -4
65 99 7
65 76 2
65 80 -5
65 75 9
65 90 -1
65 94 -8
65 71 -6
65 100 -1
65 69 6
65 93 9
65 67 -5
65 78 -5
65 89 7
65 68 1
65 95 6
65 91 8
65 81 -4
65 87 -6
65 96 0
66 90 -3
66 88 2
66 99 9
66 95 -8
66 89 -2
66 98 3
66 79 -7
66 97 -5
66 94 7
66 73 0
66 74 -10
66 93 -5
66 77 6
66 69 -3
66 80 -9
66 78 1
66 82 7
66 85 -10
66 76 -5
66 67 -1
66 75 10
67 89 -4
67 74 7
67 82 6
67 91 -1
67 98 0
67 69 10
67 80 -1
67 86 -2
67 99 1
67 81 2
67 94 -6
67 68 -3
67 78 10
67 96 4
67 93 -3
67 92 -7
68 69 -5
68 83 7
68 70 10
68 76 10
68 94 1
68 96 5
68 71 3
68 73 -4
68 82 -7
68 88 10
68 81 2
68 80 -4
68 89 4
68 99 9
68 72 5
68 74 -9
69 97 1
69 86 -3
69 82 5
69 74 1
69 98 -7
69 76 -7
69 71 10
69 77 4
69 100 -3
69 80 -1
69 94 -9
69 83 0
69 92 -9
69 85 4
70 74 4
70 94 10
70 99 4
70 75 -2
70 73 0
70 90 0
70 97 6
70 98 0
70 96 -8
70 82 -6
70 88 -2
70 79 -10
70 100 -7
71 96 -9
71 97 0
71 90 4
71 83 1
71 84 7
71 100 -10
71 72 7
71 86 -2
71 73 4
71 85 10
71 92 4
71 74 -8
71 99 0
71 89 0
71 82 -5
71 80 -3
72 100 3
72 81 0
72 86 10
72 92 10
72 77 -8
72 78 -1
72 99 6
72 83 -4
72 87 1
72 97 0
73 77 6
73 95 8
73 81 7
73 86 4
73 90 -2
73 91 -9
73 82 -4
73 79 5
73 83 4
73 74 -7
73 89 6
74 78 -3
74 91 5
74 80 3
74 92 -7
74 79 -7
74 82 -10
74 87 -5
75 83 5
75 94 2
75 88 -8
75 86 7
75 84 10
75 91 -4
75 81 -10
75 92 6
75 95 -5
75 89 7
75 98 -5
75 99 -4
76 92 0
76 89 -10
76 96 8
76 94 -2
76 79 -1
76 84 2
76 91 -4
76 87 10
76 90 9
76 77 1
76 86 6
76 93 5
77 88 -9
77 96 7
77 79 -2
77 93 4
77 99 9
77 83 -4
77 90 -8
77 81 1
77 87 -7
77 86 -4
77 91 9
77 98 6
77 97 -10
77 95 6
77 82 4
78 94 1
78 89 4
78 97 -3
78 92 -8
78 95 7
79 98 -9
79 90 -7
79 84 -1
79 86 8
79 82 1
79 100 -1
79 93 10
79 88 -4
80 91 9
80 100 -2
80 82 10
80 95 5
80 86 9
80 98 7
80 92 -4
80 94 -4
80 83 -10
81 90 -7
81 89 10
81 94 4
81 83 3
81 91 -9
81 85 0
81 88 6
81 86 -3
82 96 -9
82 85 -8
82 99 2
82 93 0
82 100 2
82 88 3
82 97 8
82 87 -5
82 98 5
82 90 -2
83 97 -10
83 86 4
83 96 -2
83 92 3
83 95 6
83 91 -4
83 100 8
83 94 7
83 85 4
83 90 -6
83 88 -6
84 99 7
84 85 7
84 90 6
84 93 9
84 95 -4
84 94 8
84 88 -6
84 100 7
84 96 -3
85 88 -7
85 96 -4
85 99 -9
85 95 -1
85 94 -9
85 87 -7
85 86 -8
86 88 -5
86 92 -8
86 99 3
86 98 -1
86 97 -6
86 87 9
86 93 -10
87 91 10
87 95 -1
87 99 -10
87 98 -5
87 100 8
87 88 9
87 89 -5
88 92 -7
88 96 10
88 99 8
88 95 7
88 91 -8
88 97 0
89 90 -3
89 95 -1
89 92 -5
89 99 -9
89 91 -7
89 93 9
90 100 6
90 94 1
90 91 1
90 95 -8
90 92 9
90 97 -3
91 95 8
91 98 -10
91 94 -10
91 97 -6
91 100 6
91 99 -2
92 93 -10
92 100 3
92 97 9
92 99 3
92 95 10
93 98 5
93 95 -5
93 96 -7
94 96 -3
94 97 4
95 98 7
95 99 -3
96 99 10
96 98 8
96 97 2
97 99 4
98 99 0
98 100 -6
